120 7140
0 1 33
0 2 38
0 3 84
0 4 42
0 5 15
0 6 57
0 7 11
0 8 40
0 9 91
0 10 9
0 11 73
0 12 27
0 13 9
0 14 77
0 15 8
0 16 95
0 17 25
0 18 12
0 19 81
0 20 86
0 21 42
0 22 29
0 23 61
0 24 88
0 25 80
0 26 26
0 27 47
0 28 16
0 29 81
0 30 82
0 31 50
0 32 28
0 33 30
0 34 51
0 35 51
0 36 62
0 37 85
0 38 39
0 39 2
0 40 21
0 41 16
0 42 7
0 43 5
0 44 38
0 45 27
0 46 40
0 47 46
0 48 74
0 49 74
0 50 99
0 51 59
0 52 67
0 53 82
0 54 36
0 55 11
0 56 74
0 57 28
0 58 91
0 59 57
0 60 45
0 61 50
0 62 88
0 63 45
0 64 92
0 65 41
0 66 86
0 67 28
0 68 91
0 69 2
0 70 11
0 71 17
0 72 22
0 73 25
0 74 96
0 75 49
0 76 82
0 77 14
0 78 65
0 79 97
0 80 64
0 81 5
0 82 86
0 83 26
0 84 64
0 85 67
0 86 48
0 87 38
0 88 42
0 89 83
0 90 76
0 91 19
0 92 4
0 93 43
0 94 52
0 95 80
0 96 93
0 97 86
0 98 55
0 99 69
0 100 17
0 101 27
0 102 9
0 103 80
0 104 95
0 105 1
0 106 93
0 107 9
0 108 89
0 109 56
0 110 76
0 111 66
0 112 30
0 113 38
0 114 39
0 115 62
0 116 74
0 117 44
0 118 54
0 119 74
1 2 45
1 3 47
1 4 55
1 5 75
1 6 93
1 7 82
1 8 66
1 9 60
1 10 35
1 11 92
1 12 92
1 13 88
1 14 88
1 15 92
1 16 29
1 17 4
1 18 93
1 19 94
1 20 41
1 21 53
1 22 87
1 23 6
1 24 74
1 25 95
1 26 99
1 27 56
1 28 44
1 29 7
1 30 81
1 31 26
1 32 24
1 33 64
1 34 6
1 35 9
1 36 4
1 37 79
1 38 89
1 39 73
1 40 94
1 41 13
1 42 24
1 43 17
1 44 8
1 45 77
1 46 23
1 47 27
1 48 74
1 49 85
1 50 91
1 51 53
1 52 78
1 53 16
1 54 45
1 55 40
1 56 66
1 57 55
1 58 74
1 59 68
1 60 28
1 61 89
1 62 42
1 63 29
1 64 69
1 65 74
1 66 50
1 67 65
1 68 88
1 69 74
1 70 93
1 71 11
1 72 16
1 73 87
1 74 33
1 75 62
1 76 74
1 77 60
1 78 43
1 79 94
1 80 99
1 81 61
1 82 54
1 83 76
1 84 30
1 85 75
1 86 15
1 87 68
1 88 21
1 89 38
1 90 50
1 91 99
1 92 54
1 93 83
1 94 34
1 95 35
1 96 68
1 97 95
1 98 90
1 99 56
1 100 35
1 101 3
1 102 55
1 103 44
1 104 27
1 105 47
1 106 70
1 107 54
1 108 19
1 109 90
1 110 2
1 111 82
1 112 82
1 113 11
1 114 12
1 115 99
1 116 35
1 117 33
1 118 62
1 119 86
2 3 90
2 4 98
2 5 62
2 6 46
2 7 26
2 8 94
2 9 63
2 10 97
2 11 97
2 12 24
2 13 79
2 14 85
2 15 82
2 16 96
2 17 61
2 18 56
2 19 53
2 20 83
2 21 84
2 22 9
2 23 48
2 24 47
2 25 2
2 26 46
2 27 87
2 28 99
2 29 1
2 30 64
2 31 87
2 32 31
2 33 22
2 34 92
2 35 57
2 36 25
2 37 75
2 38 57
2 39 12
2 40 76
2 41 13
2 42 12
2 43 94
2 44 36
2 45 48
2 46 3
2 47 92
2 48 88
2 49 45
2 50 72
2 51 88
2 52 71
2 53 36
2 54 10
2 55 75
2 56 22
2 57 63
2 58 23
2 59 62
2 60 59
2 61 94
2 62 18
2 63 1
2 64 9
2 65 65
2 66 88
2 67 32
2 68 6
2 69 68
2 70 47
2 71 94
2 72 86
2 73 52
2 74 49
2 75 3
2 76 12
2 77 59
2 78 63
2 79 8
2 80 99
2 81 39
2 82 61
2 83 73
2 84 92
2 85 56
2 86 62
2 87 4
2 88 46
2 89 75
2 90 58
2 91 98
2 92 9
2 93 84
2 94 85
2 95 26
2 96 30
2 97 90
2 98 49
2 99 27
2 100 72
2 101 68
2 102 91
2 103 41
2 104 6
2 105 85
2 106 53
2 107 42
2 108 18
2 109 27
2 110 78
2 111 10
2 112 100
2 113 77
2 114 53
2 115 8
2 116 25
2 117 47
2 118 55
2 119 43
3 4 38
3 5 47
3 6 88
3 7 16
3 8 87
3 9 81
3 10 61
3 11 13
3 12 3
3 13 73
3 14 20
3 15 51
3 16 60
3 17 62
3 18 70
3 19 70
3 20 71
3 21 6
3 22 58
3 23 45
3 24 51
3 25 19
3 26 13
3 27 85
3 28 48
3 29 1
3 30 91
3 31 12
3 32 26
3 33 30
3 34 15
3 35 41
3 36 83
3 37 94
3 38 47
3 39 84
3 40 20
3 41 85
3 42 94
3 43 27
3 44 73
3 45 3
3 46 55
3 47 47
3 48 75
3 49 8
3 50 54
3 51 32
3 52 69
3 53 40
3 54 69
3 55 57
3 56 49
3 57 21
3 58 22
3 59 10
3 60 80
3 61 49
3 62 17
3 63 15
3 64 58
3 65 72
3 66 28
3 67 64
3 68 58
3 69 31
3 70 48
3 71 83
3 72 19
3 73 90
3 74 21
3 75 42
3 76 76
3 77 75
3 78 50
3 79 77
3 80 12
3 81 27
3 82 73
3 83 5
3 84 27
3 85 63
3 86 56
3 87 96
3 88 42
3 89 13
3 90 3
3 91 2
3 92 73
3 93 35
3 94 29
3 95 43
3 96 46
3 97 26
3 98 81
3 99 69
3 100 15
3 101 77
3 102 81
3 103 51
3 104 19
3 105 81
3 106 62
3 107 53
3 108 54
3 109 42
3 110 12
3 111 52
3 112 32
3 113 14
3 114 64
3 115 22
3 116 41
3 117 27
3 118 67
3 119 53
4 5 5
4 6 40
4 7 66
4 8 34
4 9 73
4 10 26
4 11 77
4 12 48
4 13 33
4 14 16
4 15 61
4 16 30
4 17 54
4 18 39
4 19 33
4 20 75
4 21 27
4 22 7
4 23 24
4 24 45
4 25 77
4 26 48
4 27 41
4 28 1
4 29 62
4 30 92
4 31 1
4 32 54
4 33 9
4 34 75
4 35 6
4 36 58
4 37 95
4 38 35
4 39 34
4 40 93
4 41 71
4 42 50
4 43 70
4 44 1
4 45 74
4 46 65
4 47 23
4 48 68
4 49 23
4 50 67
4 51 88
4 52 60
4 53 89
4 54 53
4 55 11
4 56 86
4 57 71
4 58 89
4 59 73
4 60 85
4 61 29
4 62 95
4 63 65
4 64 53
4 65 59
4 66 7
4 67 53
4 68 16
4 69 95
4 70 76
4 71 17
4 72 5
4 73 59
4 74 81
4 75 1
4 76 72
4 77 63
4 78 30
4 79 29
4 80 79
4 81 23
4 82 31
4 83 93
4 84 66
4 85 86
4 86 59
4 87 41
4 88 100
4 89 2
4 90 54
4 91 42
4 92 99
4 93 6
4 94 77
4 95 60
4 96 42
4 97 50
4 98 70
4 99 85
4 100 99
4 101 85
4 102 9
4 103 80
4 104 16
4 105 26
4 106 3
4 107 61
4 108 35
4 109 67
4 110 33
4 111 21
4 112 63
4 113 68
4 114 58
4 115 74
4 116 11
4 117 1
4 118 26
4 119 73
5 6 55
5 7 72
5 8 90
5 9 34
5 10 18
5 11 23
5 12 44
5 13 6
5 14 91
5 15 42
5 16 33
5 17 39
5 18 8
5 19 87
5 20 58
5 21 64
5 22 52
5 23 7
5 24 66
5 25 21
5 26 90
5 27 54
5 28 39
5 29 48
5 30 82
5 31 94
5 32 64
5 33 68
5 34 80
5 35 72
5 36 21
5 37 97
5 38 54
5 39 5
5 40 97
5 41 68
5 42 72
5 43 5
5 44 69
5 45 53
5 46 37
5 47 64
5 48 90
5 49 82
5 50 3
5 51 32
5 52 93
5 53 15
5 54 76
5 55 66
5 56 5
5 57 24
5 58 33
5 59 1
5 60 29
5 61 24
5 62 61
5 63 36
5 64 100
5 65 97
5 66 16
5 67 95
5 68 79
5 69 76
5 70 7
5 71 83
5 72 36
5 73 73
5 74 27
5 75 45
5 76 63
5 77 100
5 78 37
5 79 55
5 80 18
5 81 10
5 82 8
5 83 61
5 84 97
5 85 14
5 86 82
5 87 85
5 88 98
5 89 60
5 90 83
5 91 68
5 92 80
5 93 88
5 94 37
5 95 28
5 96 47
5 97 87
5 98 19
5 99 80
5 100 85
5 101 41
5 102 41
5 103 35
5 104 24
5 105 77
5 106 74
5 107 66
5 108 10
5 109 48
5 110 94
5 111 88
5 112 62
5 113 46
5 114 61
5 115 13
5 116 71
5 117 76
5 118 39
5 119 95
6 7 32
6 8 54
6 9 56
6 10 86
6 11 92
6 12 18
6 13 76
6 14 75
6 15 26
6 16 27
6 17 73
6 18 9
6 19 47
6 20 87
6 21 28
6 22 98
6 23 90
6 24 34
6 25 48
6 26 95
6 27 19
6 28 65
6 29 73
6 30 5
6 31 9
6 32 19
6 33 20
6 34 12
6 35 92
6 36 4
6 37 56
6 38 55
6 39 27
6 40 87
6 41 80
6 42 11
6 43 95
6 44 21
6 45 19
6 46 19
6 47 34
6 48 20
6 49 98
6 50 62
6 51 6
6 52 42
6 53 48
6 54 3
6 55 22
6 56 19
6 57 94
6 58 97
6 59 39
6 60 5
6 61 9
6 62 61
6 63 60
6 64 79
6 65 64
6 66 54
6 67 47
6 68 42
6 69 70
6 70 60
6 71 33
6 72 26
6 73 95
6 74 5
6 75 19
6 76 52
6 77 46
6 78 76
6 79 48
6 80 38
6 81 45
6 82 28
6 83 50
6 84 60
6 85 8
6 86 64
6 87 99
6 88 95
6 89 64
6 90 68
6 91 87
6 92 16
6 93 81
6 94 43
6 95 36
6 96 94
6 97 11
6 98 91
6 99 16
6 100 19
6 101 86
6 102 35
6 103 82
6 104 75
6 105 71
6 106 67
6 107 84
6 108 64
6 109 28
6 110 34
6 111 78
6 112 31
6 113 49
6 114 20
6 115 60
6 116 68
6 117 18
6 118 76
6 119 91
7 8 25
7 9 97
7 10 4
7 11 86
7 12 87
7 13 17
7 14 86
7 15 56
7 16 55
7 17 28
7 18 19
7 19 21
7 20 77
7 21 72
7 22 9
7 23 52
7 24 87
7 25 76
7 26 83
7 27 48
7 28 94
7 29 10
7 30 88
7 31 18
7 32 5
7 33 10
7 34 74
7 35 39
7 36 77
7 37 76
7 38 21
7 39 90
7 40 80
7 41 32
7 42 6
7 43 93
7 44 82
7 45 66
7 46 19
7 47 25
7 48 37
7 49 38
7 50 79
7 51 12
7 52 39
7 53 94
7 54 20
7 55 57
7 56 86
7 57 72
7 58 41
7 59 28
7 60 49
7 61 24
7 62 77
7 63 17
7 64 8
7 65 100
7 66 89
7 67 59
7 68 66
7 69 23
7 70 87
7 71 81
7 72 71
7 73 34
7 74 76
7 75 31
7 76 20
7 77 20
7 78 27
7 79 78
7 80 57
7 81 42
7 82 96
7 83 2
7 84 65
7 85 50
7 86 2
7 87 45
7 88 29
7 89 84
7 90 6
7 91 31
7 92 41
7 93 42
7 94 27
7 95 58
7 96 21
7 97 91
7 98 67
7 99 72
7 100 5
7 101 73
7 102 98
7 103 13
7 104 45
7 105 79
7 106 35
7 107 54
7 108 1
7 109 65
7 110 76
7 111 65
7 112 17
7 113 4
7 114 26
7 115 57
7 116 39
7 117 86
7 118 29
7 119 66
8 9 1
8 10 46
8 11 65
8 12 70
8 13 99
8 14 2
8 15 75
8 16 85
8 17 8
8 18 74
8 19 81
8 20 57
8 21 26
8 22 49
8 23 77
8 24 39
8 25 65
8 26 71
8 27 10
8 28 30
8 29 14
8 30 88
8 31 8
8 32 37
8 33 47
8 34 42
8 35 85
8 36 66
8 37 89
8 38 33
8 39 41
8 40 61
8 41 62
8 42 86
8 43 70
8 44 43
8 45 76
8 46 59
8 47 63
8 48 51
8 49 80
8 50 77
8 51 65
8 52 6
8 53 95
8 54 47
8 55 20
8 56 58
8 57 46
8 58 45
8 59 2
8 60 4
8 61 1
8 62 36
8 63 43
8 64 98
8 65 29
8 66 67
8 67 27
8 68 98
8 69 49
8 70 24
8 71 34
8 72 85
8 73 56
8 74 39
8 75 10
8 76 75
8 77 13
8 78 36
8 79 97
8 80 25
8 81 96
8 82 90
8 83 11
8 84 71
8 85 41
8 86 52
8 87 72
8 88 92
8 89 75
8 90 52
8 91 55
8 92 19
8 93 39
8 94 1
8 95 75
8 96 52
8 97 28
8 98 1
8 99 14
8 100 58
8 101 62
8 102 32
8 103 36
8 104 34
8 105 24
8 106 59
8 107 19
8 108 88
8 109 68
8 110 3
8 111 28
8 112 74
8 113 5
8 114 46
8 115 52
8 116 99
8 117 79
8 118 31
8 119 8
9 10 40
9 11 47
9 12 62
9 13 80
9 14 36
9 15 78
9 16 3
9 17 81
9 18 12
9 19 98
9 20 99
9 21 65
9 22 94
9 23 81
9 24 30
9 25 33
9 26 53
9 27 13
9 28 19
9 29 52
9 30 9
9 31 82
9 32 85
9 33 26
9 34 70
9 35 33
9 36 13
9 37 56
9 38 80
9 39 54
9 40 95
9 41 86
9 42 40
9 43 28
9 44 87
9 45 10
9 46 92
9 47 65
9 48 72
9 49 28
9 50 96
9 51 93
9 52 8
9 53 56
9 54 40
9 55 76
9 56 59
9 57 80
9 58 3
9 59 70
9 60 46
9 61 56
9 62 16
9 63 87
9 64 75
9 65 32
9 66 30
9 67 7
9 68 20
9 69 82
9 70 97
9 71 57
9 72 18
9 73 66
9 74 23
9 75 42
9 76 42
9 77 24
9 78 14
9 79 46
9 80 94
9 81 32
9 82 100
9 83 94
9 84 43
9 85 96
9 86 9
9 87 81
9 88 12
9 89 81
9 90 60
9 91 83
9 92 19
9 93 54
9 94 19
9 95 64
9 96 38
9 97 39
9 98 32
9 99 30
9 100 62
9 101 96
9 102 39
9 103 72
9 104 10
9 105 7
9 106 31
9 107 71
9 108 87
9 109 17
9 110 29
9 111 18
9 112 11
9 113 17
9 114 62
9 115 71
9 116 42
9 117 49
9 118 6
9 119 96
10 11 67
10 12 13
10 13 66
10 14 93
10 15 21
10 16 17
10 17 17
10 18 8
10 19 36
10 20 57
10 21 66
10 22 12
10 23 71
10 24 8
10 25 23
10 26 23
10 27 29
10 28 52
10 29 24
10 30 52
10 31 98
10 32 18
10 33 44
10 34 4
10 35 55
10 36 83
10 37 11
10 38 22
10 39 31
10 40 48
10 41 39
10 42 51
10 43 98
10 44 42
10 45 98
10 46 34
10 47 56
10 48 29
10 49 37
10 50 52
10 51 74
10 52 48
10 53 37
10 54 26
10 55 51
10 56 61
10 57 9
10 58 96
10 59 39
10 60 59
10 61 68
10 62 73
10 63 73
10 64 88
10 65 99
10 66 95
10 67 90
10 68 8
10 69 46
10 70 1
10 71 70
10 72 14
10 73 7
10 74 45
10 75 92
10 76 8
10 77 79
10 78 11
10 79 98
10 80 46
10 81 60
10 82 29
10 83 94
10 84 17
10 85 27
10 86 11
10 87 85
10 88 87
10 89 28
10 90 62
10 91 1
10 92 77
10 93 81
10 94 55
10 95 83
10 96 21
10 97 82
10 98 54
10 99 27
10 100 74
10 101 21
10 102 2
10 103 36
10 104 55
10 105 14
10 106 54
10 107 56
10 108 97
10 109 92
10 110 56
10 111 50
10 112 62
10 113 13
10 114 39
10 115 45
10 116 23
10 117 66
10 118 31
10 119 52
11 12 34
11 13 44
11 14 29
11 15 5
11 16 87
11 17 26
11 18 30
11 19 1
11 20 25
11 21 83
11 22 50
11 23 80
11 24 7
11 25 12
11 26 4
11 27 63
11 28 11
11 29 40
11 30 100
11 31 48
11 32 15
11 33 69
11 34 92
11 35 24
11 36 64
11 37 81
11 38 36
11 39 38
11 40 54
11 41 40
11 42 39
11 43 67
11 44 21
11 45 67
11 46 72
11 47 85
11 48 9
11 49 48
11 50 91
11 51 45
11 52 43
11 53 79
11 54 66
11 55 62
11 56 33
11 57 78
11 58 39
11 59 94
11 60 88
11 61 71
11 62 56
11 63 41
11 64 87
11 65 74
11 66 95
11 67 8
11 68 67
11 69 20
11 70 73
11 71 97
11 72 73
11 73 95
11 74 16
11 75 1
11 76 22
11 77 52
11 78 60
11 79 97
11 80 62
11 81 62
11 82 45
11 83 95
11 84 25
11 85 39
11 86 22
11 87 85
11 88 38
11 89 89
11 90 14
11 91 69
11 92 8
11 93 2
11 94 75
11 95 68
11 96 7
11 97 40
11 98 81
11 99 80
11 100 19
11 101 53
11 102 16
11 103 83
11 104 54
11 105 13
11 106 70
11 107 42
11 108 81
11 109 5
11 110 90
11 111 82
11 112 71
11 113 52
11 114 70
11 115 53
11 116 62
11 117 68
11 118 85
11 119 90
12 13 92
12 14 21
12 15 24
12 16 72
12 17 75
12 18 34
12 19 54
12 20 22
12 21 99
12 22 90
12 23 17
12 24 90
12 25 83
12 26 24
12 27 7
12 28 10
12 29 11
12 30 55
12 31 60
12 32 12
12 33 92
12 34 98
12 35 45
12 36 61
12 37 98
12 38 99
12 39 9
12 40 87
12 41 95
12 42 8
12 43 33
12 44 42
12 45 42
12 46 68
12 47 87
12 48 12
12 49 5
12 50 90
12 51 86
12 52 2
12 53 20
12 54 45
12 55 90
12 56 1
12 57 97
12 58 23
12 59 47
12 60 60
12 61 61
12 62 29
12 63 30
12 64 86
12 65 92
12 66 70
12 67 35
12 68 1
12 69 13
12 70 90
12 71 17
12 72 61
12 73 54
12 74 37
12 75 82
12 76 27
12 77 69
12 78 66
12 79 24
12 80 8
12 81 51
12 82 24
12 83 98
12 84 100
12 85 51
12 86 36
12 87 95
12 88 85
12 89 32
12 90 100
12 91 79
12 92 97
12 93 67
12 94 47
12 95 11
12 96 24
12 97 39
12 98 52
12 99 98
12 100 13
12 101 32
12 102 11
12 103 13
12 104 96
12 105 48
12 106 40
12 107 44
12 108 71
12 109 64
12 110 49
12 111 68
12 112 54
12 113 23
12 114 27
12 115 59
12 116 26
12 117 45
12 118 32
12 119 29
13 14 66
13 15 96
13 16 18
13 17 69
13 18 63
13 19 88
13 20 42
13 21 72
13 22 39
13 23 5
13 24 90
13 25 55
13 26 96
13 27 7
13 28 51
13 29 89
13 30 91
13 31 36
13 32 22
13 33 6
13 34 22
13 35 66
13 36 91
13 37 91
13 38 38
13 39 77
13 40 22
13 41 11
13 42 97
13 43 67
13 44 3
13 45 21
13 46 97
13 47 96
13 48 66
13 49 37
13 50 30
13 51 1
13 52 63
13 53 64
13 54 7
13 55 61
13 56 87
13 57 59
13 58 1
13 59 96
13 60 83
13 61 30
13 62 37
13 63 47
13 64 65
13 65 46
13 66 75
13 67 57
13 68 10
13 69 24
13 70 55
13 71 21
13 72 26
13 73 2
13 74 54
13 75 45
13 76 56
13 77 19
13 78 37
13 79 68
13 80 68
13 81 27
13 82 65
13 83 98
13 84 62
13 85 99
13 86 7
13 87 17
13 88 4
13 89 77
13 90 59
13 91 62
13 92 44
13 93 2
13 94 21
13 95 90
13 96 2
13 97 57
13 98 67
13 99 72
13 100 100
13 101 82
13 102 97
13 103 24
13 104 65
13 105 52
13 106 89
13 107 32
13 108 83
13 109 73
13 110 78
13 111 25
13 112 81
13 113 6
13 114 33
13 115 16
13 116 68
13 117 92
13 118 76
13 119 15
14 15 72
14 16 73
14 17 78
14 18 94
14 19 45
14 20 13
14 21 34
14 22 12
14 23 19
14 24 99
14 25 100
14 26 65
14 27 10
14 28 6
14 29 54
14 30 90
14 31 59
14 32 50
14 33 5
14 34 29
14 35 38
14 36 88
14 37 38
14 38 64
14 39 32
14 40 81
14 41 77
14 42 42
14 43 13
14 44 91
14 45 24
14 46 59
14 47 79
14 48 14
14 49 64
14 50 89
14 51 83
14 52 34
14 53 28
14 54 99
14 55 30
14 56 100
14 57 11
14 58 97
14 59 26
14 60 24
14 61 94
14 62 7
14 63 13
14 64 15
14 65 57
14 66 66
14 67 73
14 68 28
14 69 54
14 70 8
14 71 98
14 72 14
14 73 14
14 74 30
14 75 88
14 76 35
14 77 24
14 78 45
14 79 50
14 80 31
14 81 77
14 82 46
14 83 37
14 84 38
14 85 93
14 86 83
14 87 52
14 88 20
14 89 67
14 90 43
14 91 12
14 92 78
14 93 65
14 94 50
14 95 100
14 96 41
14 97 37
14 98 69
14 99 26
14 100 71
14 101 17
14 102 28
14 103 47
14 104 84
14 105 8
14 106 35
14 107 15
14 108 9
14 109 57
14 110 77
14 111 1
14 112 26
14 113 2
14 114 89
14 115 29
14 116 70
14 117 97
14 118 39
14 119 64
15 16 41
15 17 86
15 18 92
15 19 80
15 20 33
15 21 2
15 22 23
15 23 74
15 24 93
15 25 33
15 26 64
15 27 4
15 28 74
15 29 65
15 30 76
15 31 2
15 32 50
15 33 64
15 34 71
15 35 16
15 36 27
15 37 47
15 38 30
15 39 68
15 40 30
15 41 78
15 42 80
15 43 15
15 44 35
15 45 50
15 46 97
15 47 27
15 48 50
15 49 8
15 50 32
15 51 39
15 52 68
15 53 70
15 54 57
15 55 9
15 56 59
15 57 86
15 58 52
15 59 42
15 60 74
15 61 59
15 62 45
15 63 14
15 64 48
15 65 36
15 66 36
15 67 65
15 68 49
15 69 71
15 70 80
15 71 5
15 72 1
15 73 49
15 74 26
15 75 95
15 76 49
15 77 17
15 78 59
15 79 91
15 80 22
15 81 58
15 82 1
15 83 87
15 84 21
15 85 37
15 86 4
15 87 98
15 88 90
15 89 76
15 90 51
15 91 67
15 92 63
15 93 62
15 94 85
15 95 87
15 96 92
15 97 40
15 98 67
15 99 12
15 100 83
15 101 46
15 102 78
15 103 85
15 104 57
15 105 81
15 106 27
15 107 53
15 108 95
15 109 46
15 110 78
15 111 99
15 112 69
15 113 48
15 114 28
15 115 20
15 116 33
15 117 89
15 118 6
15 119 72
16 17 33
16 18 73
16 19 46
16 20 22
16 21 20
16 22 90
16 23 75
16 24 18
16 25 3
16 26 56
16 27 28
16 28 39
16 29 11
16 30 25
16 31 19
16 32 58
16 33 57
16 34 29
16 35 97
16 36 49
16 37 53
16 38 94
16 39 41
16 40 99
16 41 77
16 42 83
16 43 68
16 44 35
16 45 22
16 46 37
16 47 46
16 48 6
16 49 10
16 50 22
16 51 12
16 52 100
16 53 65
16 54 43
16 55 15
16 56 59
16 57 30
16 58 10
16 59 44
16 60 26
16 61 99
16 62 66
16 63 34
16 64 30
16 65 18
16 66 47
16 67 3
16 68 57
16 69 4
16 70 4
16 71 19
16 72 13
16 73 56
16 74 41
16 75 62
16 76 42
16 77 54
16 78 12
16 79 93
16 80 37
16 81 61
16 82 95
16 83 43
16 84 9
16 85 6
16 86 84
16 87 32
16 88 66
16 89 56
16 90 15
16 91 100
16 92 100
16 93 82
16 94 74
16 95 15
16 96 94
16 97 11
16 98 43
16 99 52
16 100 39
16 101 85
16 102 6
16 103 38
16 104 2
16 105 37
16 106 54
16 107 43
16 108 5
16 109 38
16 110 43
16 111 60
16 112 52
16 113 99
16 114 42
16 115 72
16 116 74
16 117 20
16 118 29
16 119 62
17 18 39
17 19 12
17 20 57
17 21 61
17 22 31
17 23 73
17 24 44
17 25 73
17 26 43
17 27 22
17 28 19
17 29 58
17 30 40
17 31 21
17 32 11
17 33 90
17 34 42
17 35 44
17 36 95
17 37 72
17 38 56
17 39 48
17 40 90
17 41 93
17 42 12
17 43 32
17 44 42
17 45 54
17 46 48
17 47 78
17 48 68
17 49 53
17 50 76
17 51 84
17 52 68
17 53 86
17 54 5
17 55 9
17 56 48
17 57 36
17 58 87
17 59 27
17 60 17
17 61 10
17 62 22
17 63 8
17 64 39
17 65 35
17 66 47
17 67 90
17 68 1
17 69 4
17 70 69
17 71 97
17 72 59
17 73 78
17 74 36
17 75 43
17 76 41
17 77 39
17 78 27
17 79 13
17 80 36
17 81 76
17 82 41
17 83 1
17 84 39
17 85 85
17 86 31
17 87 39
17 88 13
17 89 93
17 90 80
17 91 99
17 92 9
17 93 12
17 94 60
17 95 19
17 96 93
17 97 73
17 98 15
17 99 6
17 100 67
17 101 24
17 102 76
17 103 18
17 104 48
17 105 3
17 106 24
17 107 66
17 108 45
17 109 21
17 110 6
17 111 33
17 112 28
17 113 50
17 114 22
17 115 67
17 116 86
17 117 68
17 118 86
17 119 83
18 19 51
18 20 52
18 21 40
18 22 40
18 23 75
18 24 7
18 25 95
18 26 50
18 27 36
18 28 48
18 29 30
18 30 51
18 31 83
18 32 44
18 33 60
18 34 18
18 35 13
18 36 94
18 37 46
18 38 64
18 39 6
18 40 38
18 41 42
18 42 38
18 43 92
18 44 16
18 45 17
18 46 77
18 47 30
18 48 65
18 49 37
18 50 52
18 51 68
18 52 57
18 53 97
18 54 48
18 55 73
18 56 79
18 57 56
18 58 73
18 59 38
18 60 22
18 61 89
18 62 64
18 63 56
18 64 31
18 65 96
18 66 38
18 67 33
18 68 32
18 69 21
18 70 79
18 71 14
18 72 51
18 73 47
18 74 85
18 75 17
18 76 93
18 77 1
18 78 59
18 79 71
18 80 94
18 81 81
18 82 21
18 83 15
18 84 25
18 85 19
18 86 66
18 87 83
18 88 12
18 89 52
18 90 4
18 91 17
18 92 99
18 93 30
18 94 5
18 95 2
18 96 83
18 97 25
18 98 13
18 99 96
18 100 4
18 101 12
18 102 16
18 103 78
18 104 26
18 105 80
18 106 11
18 107 46
18 108 10
18 109 16
18 110 92
18 111 72
18 112 61
18 113 43
18 114 24
18 115 74
18 116 90
18 117 3
18 118 10
18 119 10
19 20 100
19 21 19
19 22 64
19 23 14
19 24 67
19 25 13
19 26 30
19 27 94
19 28 41
19 29 16
19 30 21
19 31 23
19 32 45
19 33 46
19 34 67
19 35 94
19 36 50
19 37 44
19 38 71
19 39 75
19 40 94
19 41 81
19 42 14
19 43 67
19 44 88
19 45 25
19 46 1
19 47 50
19 48 54
19 49 40
19 50 62
19 51 17
19 52 32
19 53 61
19 54 8
19 55 96
19 56 81
19 57 81
19 58 96
19 59 52
19 60 23
19 61 33
19 62 74
19 63 47
19 64 85
19 65 77
19 66 31
19 67 77
19 68 18
19 69 97
19 70 9
19 71 50
19 72 48
19 73 76
19 74 9
19 75 74
19 76 19
19 77 34
19 78 94
19 79 44
19 80 76
19 81 58
19 82 21
19 83 72
19 84 62
19 85 1
19 86 85
19 87 93
19 88 15
19 89 64
19 90 7
19 91 20
19 92 97
19 93 24
19 94 44
19 95 88
19 96 44
19 97 94
19 98 30
19 99 54
19 100 20
19 101 44
19 102 13
19 103 50
19 104 87
19 105 13
19 106 38
19 107 18
19 108 42
19 109 76
19 110 49
19 111 81
19 112 97
19 113 48
19 114 23
19 115 27
19 116 40
19 117 95
19 118 11
19 119 29
20 21 62
20 22 26
20 23 13
20 24 56
20 25 78
20 26 49
20 27 68
20 28 12
20 29 25
20 30 81
20 31 86
20 32 98
20 33 61
20 34 91
20 35 100
20 36 93
20 37 60
20 38 97
20 39 81
20 40 21
20 41 73
20 42 99
20 43 64
20 44 34
20 45 77
20 46 70
20 47 79
20 48 41
20 49 34
20 50 48
20 51 24
20 52 54
20 53 49
20 54 20
20 55 56
20 56 41
20 57 10
20 58 55
20 59 4
20 60 56
20 61 56
20 62 2
20 63 4
20 64 82
20 65 49
20 66 2
20 67 33
20 68 57
20 69 56
20 70 25
20 71 62
20 72 24
20 73 15
20 74 81
20 75 76
20 76 99
20 77 18
20 78 92
20 79 30
20 80 92
20 81 50
20 82 86
20 83 22
20 84 68
20 85 82
20 86 13
20 87 62
20 88 33
20 89 13
20 90 75
20 91 97
20 92 52
20 93 15
20 94 100
20 95 11
20 96 64
20 97 74
20 98 45
20 99 94
20 100 66
20 101 18
20 102 69
20 103 33
20 104 6
20 105 40
20 106 72
20 107 7
20 108 34
20 109 8
20 110 64
20 111 43
20 112 89
20 113 24
20 114 10
20 115 37
20 116 67
20 117 11
20 118 4
20 119 59
21 22 1
21 23 10
21 24 68
21 25 33
21 26 51
21 27 92
21 28 18
21 29 28
21 30 99
21 31 61
21 32 62
21 33 51
21 34 81
21 35 82
21 36 91
21 37 69
21 38 77
21 39 59
21 40 78
21 41 7
21 42 12
21 43 90
21 44 40
21 45 68
21 46 1
21 47 79
21 48 28
21 49 76
21 50 87
21 51 45
21 52 73
21 53 89
21 54 73
21 55 59
21 56 21
21 57 21
21 58 2
21 59 78
21 60 89
21 61 64
21 62 56
21 63 29
21 64 42
21 65 94
21 66 55
21 67 61
21 68 41
21 69 9
21 70 52
21 71 47
21 72 71
21 73 58
21 74 41
21 75 2
21 76 13
21 77 11
21 78 78
21 79 83
21 80 17
21 81 17
21 82 95
21 83 27
21 84 51
21 85 68
21 86 75
21 87 32
21 88 75
21 89 42
21 90 50
21 91 79
21 92 99
21 93 78
21 94 3
21 95 51
21 96 27
21 97 50
21 98 97
21 99 5
21 100 94
21 101 28
21 102 58
21 103 64
21 104 9
21 105 48
21 106 19
21 107 78
21 108 4
21 109 40
21 110 6
21 111 81
21 112 68
21 113 47
21 114 18
21 115 26
21 116 72
21 117 24
21 118 33
21 119 89
22 23 46
22 24 27
22 25 66
22 26 88
22 27 84
22 28 90
22 29 79
22 30 29
22 31 46
22 32 6
22 33 98
22 34 39
22 35 17
22 36 10
22 37 59
22 38 17
22 39 72
22 40 24
22 41 44
22 42 86
22 43 5
22 44 6
22 45 40
22 46 79
22 47 80
22 48 75
22 49 84
22 50 68
22 51 40
22 52 57
22 53 92
22 54 44
22 55 57
22 56 33
22 57 97
22 58 73
22 59 85
22 60 45
22 61 20
22 62 15
22 63 39
22 64 16
22 65 23
22 66 98
22 67 23
22 68 71
22 69 1
22 70 46
22 71 29
22 72 24
22 73 78
22 74 56
22 75 22
22 76 55
22 77 5
22 78 2
22 79 25
22 80 18
22 81 39
22 82 46
22 83 14
22 84 21
22 85 61
22 86 91
22 87 5
22 88 39
22 89 4
22 90 5
22 91 62
22 92 10
22 93 27
22 94 31
22 95 95
22 96 43
22 97 62
22 98 14
22 99 6
22 100 23
22 101 15
22 102 22
22 103 22
22 104 77
22 105 98
22 106 2
22 107 43
22 108 52
22 109 41
22 110 85
22 111 74
22 112 34
22 113 73
22 114 90
22 115 77
22 116 15
22 117 86
22 118 28
22 119 67
23 24 11
23 25 93
23 26 16
23 27 92
23 28 79
23 29 29
23 30 50
23 31 35
23 32 82
23 33 75
23 34 96
23 35 59
23 36 31
23 37 10
23 38 26
23 39 88
23 40 37
23 41 13
23 42 63
23 43 93
23 44 61
23 45 61
23 46 68
23 47 86
23 48 43
23 49 93
23 50 3
23 51 34
23 52 49
23 53 73
23 54 38
23 55 26
23 56 83
23 57 15
23 58 95
23 59 8
23 60 32
23 61 81
23 62 54
23 63 53
23 64 31
23 65 94
23 66 26
23 67 44
23 68 50
23 69 62
23 70 70
23 71 6
23 72 92
23 73 54
23 74 50
23 75 61
23 76 38
23 77 32
23 78 28
23 79 61
23 80 68
23 81 29
23 82 98
23 83 90
23 84 49
23 85 74
23 86 59
23 87 63
23 88 83
23 89 58
23 90 69
23 91 99
23 92 35
23 93 33
23 94 58
23 95 46
23 96 77
23 97 15
23 98 22
23 99 5
23 100 24
23 101 80
23 102 2
23 103 85
23 104 89
23 105 64
23 106 90
23 107 91
23 108 56
23 109 65
23 110 80
23 111 84
23 112 17
23 113 59
23 114 18
23 115 60
23 116 21
23 117 22
23 118 8
23 119 88
24 25 58
24 26 17
24 27 36
24 28 35
24 29 80
24 30 75
24 31 58
24 32 25
24 33 4
24 34 68
24 35 45
24 36 71
24 37 39
24 38 8
24 39 99
24 40 12
24 41 32
24 42 51
24 43 34
24 44 14
24 45 31
24 46 41
24 47 67
24 48 72
24 49 26
24 50 22
24 51 38
24 52 30
24 53 73
24 54 7
24 55 67
24 56 72
24 57 66
24 58 27
24 59 16
24 60 60
24 61 100
24 62 35
24 63 84
24 64 65
24 65 87
24 66 29
24 67 46
24 68 11
24 69 52
24 70 28
24 71 55
24 72 4
24 73 41
24 74 83
24 75 1
24 76 58
24 77 21
24 78 28
24 79 86
24 80 96
24 81 9
24 82 12
24 83 21
24 84 20
24 85 78
24 86 79
24 87 6
24 88 86
24 89 54
24 90 60
24 91 79
24 92 44
24 93 45
24 94 86
24 95 59
24 96 99
24 97 4
24 98 24
24 99 34
24 100 41
24 101 13
24 102 22
24 103 13
24 104 40
24 105 29
24 106 4
24 107 46
24 108 22
24 109 89
24 110 72
24 111 22
24 112 62
24 113 23
24 114 54
24 115 61
24 116 96
24 117 40
24 118 11
24 119 32
25 26 99
25 27 48
25 28 76
25 29 79
25 30 29
25 31 2
25 32 74
25 33 7
25 34 37
25 35 64
25 36 99
25 37 56
25 38 83
25 39 53
25 40 96
25 41 9
25 42 86
25 43 74
25 44 83
25 45 25
25 46 75
25 47 31
25 48 39
25 49 66
25 50 19
25 51 77
25 52 29
25 53 36
25 54 92
25 55 64
25 56 44
25 57 27
25 58 55
25 59 35
25 60 11
25 61 74
25 62 61
25 63 69
25 64 8
25 65 41
25 66 85
25 67 73
25 68 63
25 69 39
25 70 57
25 71 80
25 72 1
25 73 75
25 74 87
25 75 1
25 76 67
25 77 13
25 78 86
25 79 29
25 80 19
25 81 6
25 82 94
25 83 20
25 84 19
25 85 39
25 86 25
25 87 40
25 88 77
25 89 58
25 90 5
25 91 59
25 92 76
25 93 70
25 94 16
25 95 27
25 96 31
25 97 56
25 98 86
25 99 55
25 100 46
25 101 63
25 102 89
25 103 13
25 104 77
25 105 71
25 106 20
25 107 11
25 108 70
25 109 69
25 110 13
25 111 42
25 112 52
25 113 25
25 114 48
25 115 23
25 116 38
25 117 57
25 118 6
25 119 26
26 27 96
26 28 25
26 29 38
26 30 6
26 31 72
26 32 59
26 33 34
26 34 63
26 35 6
26 36 10
26 37 76
26 38 72
26 39 11
26 40 9
26 41 99
26 42 84
26 43 19
26 44 27
26 45 39
26 46 97
26 47 39
26 48 23
26 49 91
26 50 72
26 51 73
26 52 88
26 53 5
26 54 58
26 55 75
26 56 22
26 57 46
26 58 79
26 59 74
26 60 5
26 61 39
26 62 27
26 63 49
26 64 6
26 65 45
26 66 30
26 67 17
26 68 90
26 69 12
26 70 61
26 71 69
26 72 36
26 73 3
26 74 2
26 75 46
26 76 57
26 77 70
26 78 72
26 79 100
26 80 47
26 81 41
26 82 11
26 83 27
26 84 34
26 85 100
26 86 25
26 87 91
26 88 64
26 89 4
26 90 93
26 91 32
26 92 16
26 93 42
26 94 30
26 95 19
26 96 10
26 97 36
26 98 78
26 99 50
26 100 25
26 101 91
26 102 31
26 103 41
26 104 76
26 105 69
26 106 43
26 107 24
26 108 31
26 109 72
26 110 71
26 111 54
26 112 50
26 113 56
26 114 52
26 115 14
26 116 76
26 117 49
26 118 94
26 119 28
27 28 17
27 29 29
27 30 58
27 31 69
27 32 48
27 33 59
27 34 85
27 35 40
27 36 69
27 37 82
27 38 59
27 39 78
27 40 49
27 41 84
27 42 7
27 43 9
27 44 75
27 45 57
27 46 10
27 47 52
27 48 85
27 49 97
27 50 59
27 51 48
27 52 99
27 53 74
27 54 78
27 55 18
27 56 72
27 57 25
27 58 31
27 59 82
27 60 73
27 61 88
27 62 24
27 63 9
27 64 91
27 65 1
27 66 18
27 67 32
27 68 53
27 69 26
27 70 60
27 71 31
27 72 55
27 73 75
27 74 10
27 75 22
27 76 56
27 77 20
27 78 24
27 79 85
27 80 53
27 81 10
27 82 60
27 83 48
27 84 41
27 85 98
27 86 58
27 87 14
27 88 78
27 89 35
27 90 97
27 91 100
27 92 19
27 93 77
27 94 26
27 95 26
27 96 55
27 97 58
27 98 98
27 99 86
27 100 33
27 101 71
27 102 93
27 103 90
27 104 27
27 105 51
27 106 7
27 107 27
27 108 15
27 109 89
27 110 30
27 111 46
27 112 12
27 113 7
27 114 12
27 115 74
27 116 26
27 117 35
27 118 17
27 119 43
28 29 27
28 30 40
28 31 61
28 32 33
28 33 20
28 34 6
28 35 42
28 36 16
28 37 88
28 38 4
28 39 70
28 40 22
28 41 92
28 42 96
28 43 46
28 44 24
28 45 45
28 46 56
28 47 77
28 48 8
28 49 73
28 50 14
28 51 29
28 52 44
28 53 66
28 54 35
28 55 56
28 56 69
28 57 38
28 58 1
28 59 10
28 60 40
28 61 55
28 62 47
28 63 88
28 64 92
28 65 69
28 66 76
28 67 38
28 68 60
28 69 50
28 70 13
28 71 87
28 72 51
28 73 95
28 74 81
28 75 22
28 76 3
28 77 91
28 78 69
28 79 94
28 80 59
28 81 15
28 82 56
28 83 89
28 84 97
28 85 55
28 86 99
28 87 81
28 88 8
28 89 13
28 90 13
28 91 43
28 92 94
28 93 15
28 94 68
28 95 60
28 96 11
28 97 82
28 98 70
28 99 61
28 100 97
28 101 42
28 102 5
28 103 47
28 104 53
28 105 91
28 106 60
28 107 38
28 108 16
28 109 22
28 110 8
28 111 19
28 112 20
28 113 69
28 114 48
28 115 51
28 116 9
28 117 14
28 118 12
28 119 67
29 30 75
29 31 47
29 32 42
29 33 99
29 34 99
29 35 58
29 36 62
29 37 73
29 38 13
29 39 57
29 40 36
29 41 10
29 42 75
29 43 34
29 44 71
29 45 84
29 46 29
29 47 17
29 48 31
29 49 69
29 50 69
29 51 50
29 52 5
29 53 31
29 54 88
29 55 88
29 56 6
29 57 84
29 58 25
29 59 48
29 60 88
29 61 98
29 62 93
29 63 63
29 64 23
29 65 31
29 66 26
29 67 14
29 68 13
29 69 90
29 70 97
29 71 89
29 72 63
29 73 44
29 74 96
29 75 97
29 76 3
29 77 36
29 78 98
29 79 16
29 80 38
29 81 33
29 82 5
29 83 93
29 84 17
29 85 22
29 86 81
29 87 9
29 88 3
29 89 43
29 90 31
29 91 74
29 92 50
29 93 2
29 94 72
29 95 28
29 96 62
29 97 44
29 98 92
29 99 30
29 100 27
29 101 79
29 102 97
29 103 86
29 104 24
29 105 7
29 106 68
29 107 17
29 108 63
29 109 70
29 110 70
29 111 82
29 112 44
29 113 35
29 114 33
29 115 57
29 116 6
29 117 50
29 118 13
29 119 50
30 31 14
30 32 59
30 33 55
30 34 31
30 35 52
30 36 40
30 37 87
30 38 35
30 39 59
30 40 99
30 41 45
30 42 78
30 43 80
30 44 14
30 45 89
30 46 54
30 47 49
30 48 3
30 49 57
30 50 67
30 51 15
30 52 3
30 53 17
30 54 74
30 55 28
30 56 60
30 57 14
30 58 99
30 59 37
30 60 73
30 61 12
30 62 30
30 63 97
30 64 41
30 65 12
30 66 11
30 67 8
30 68 25
30 69 43
30 70 31
30 71 99
30 72 8
30 73 77
30 74 97
30 75 60
30 76 33
30 77 62
30 78 89
30 79 64
30 80 34
30 81 48
30 82 74
30 83 98
30 84 26
30 85 39
30 86 93
30 87 4
30 88 70
30 89 54
30 90 87
30 91 8
30 92 15
30 93 59
30 94 1
30 95 39
30 96 8
30 97 9
30 98 68
30 99 85
30 100 25
30 101 6
30 102 47
30 103 100
30 104 88
30 105 60
30 106 7
30 107 42
30 108 86
30 109 11
30 110 73
30 111 56
30 112 35
30 113 59
30 114 67
30 115 62
30 116 87
30 117 92
30 118 93
30 119 18
31 32 92
31 33 78
31 34 76
31 35 70
31 36 30
31 37 30
31 38 4
31 39 27
31 40 35
31 41 31
31 42 72
31 43 36
31 44 21
31 45 92
31 46 17
31 47 13
31 48 21
31 49 61
31 50 49
31 51 73
31 52 59
31 53 92
31 54 77
31 55 53
31 56 50
31 57 17
31 58 41
31 59 45
31 60 65
31 61 46
31 62 48
31 63 15
31 64 35
31 65 51
31 66 70
31 67 39
31 68 47
31 69 84
31 70 72
31 71 69
31 72 40
31 73 25
31 74 38
31 75 77
31 76 25
31 77 79
31 78 41
31 79 62
31 80 46
31 81 55
31 82 37
31 83 28
31 84 14
31 85 96
31 86 45
31 87 8
31 88 33
31 89 6
31 90 30
31 91 65
31 92 76
31 93 84
31 94 61
31 95 27
31 96 62
31 97 43
31 98 43
31 99 31
31 100 68
31 101 72
31 102 10
31 103 7
31 104 5
31 105 78
31 106 52
31 107 23
31 108 69
31 109 71
31 110 85
31 111 88
31 112 20
31 113 79
31 114 24
31 115 78
31 116 93
31 117 29
31 118 100
31 119 44
32 33 5
32 34 65
32 35 64
32 36 63
32 37 39
32 38 72
32 39 70
32 40 51
32 41 70
32 42 14
32 43 95
32 44 7
32 45 97
32 46 81
32 47 64
32 48 56
32 49 36
32 50 41
32 51 69
32 52 48
32 53 93
32 54 53
32 55 79
32 56 32
32 57 80
32 58 100
32 59 12
32 60 66
32 61 55
32 62 62
32 63 31
32 64 43
32 65 69
32 66 97
32 67 36
32 68 25
32 69 86
32 70 99
32 71 8
32 72 47
32 73 99
32 74 59
32 75 23
32 76 55
32 77 92
32 78 27
32 79 45
32 80 66
32 81 66
32 82 89
32 83 46
32 84 3
32 85 26
32 86 47
32 87 7
32 88 18
32 89 55
32 90 16
32 91 10
32 92 64
32 93 25
32 94 60
32 95 63
32 96 54
32 97 66
32 98 50
32 99 47
32 100 87
32 101 20
32 102 87
32 103 8
32 104 31
32 105 45
32 106 92
32 107 5
32 108 63
32 109 29
32 110 9
32 111 57
32 112 84
32 113 47
32 114 1
32 115 32
32 116 35
32 117 35
32 118 4
32 119 89
33 34 16
33 35 67
33 36 67
33 37 49
33 38 68
33 39 55
33 40 52
33 41 17
33 42 15
33 43 23
33 44 55
33 45 33
33 46 24
33 47 34
33 48 70
33 49 34
33 50 13
33 51 82
33 52 87
33 53 94
33 54 60
33 55 37
33 56 73
33 57 27
33 58 41
33 59 26
33 60 48
33 61 88
33 62 35
33 63 37
33 64 96
33 65 93
33 66 90
33 67 30
33 68 64
33 69 60
33 70 61
33 71 9
33 72 53
33 73 66
33 74 49
33 75 65
33 76 22
33 77 15
33 78 88
33 79 39
33 80 1
33 81 68
33 82 79
33 83 50
33 84 21
33 85 2
33 86 88
33 87 92
33 88 86
33 89 65
33 90 50
33 91 87
33 92 13
33 93 2
33 94 1
33 95 63
33 96 20
33 97 19
33 98 17
33 99 16
33 100 52
33 101 36
33 102 12
33 103 9
33 104 15
33 105 74
33 106 7
33 107 71
33 108 43
33 109 27
33 110 29
33 111 63
33 112 28
33 113 14
33 114 23
33 115 21
33 116 70
33 117 3
33 118 20
33 119 76
34 35 38
34 36 27
34 37 78
34 38 94
34 39 65
34 40 53
34 41 85
34 42 93
34 43 57
34 44 6
34 45 28
34 46 91
34 47 23
34 48 47
34 49 33
34 50 84
34 51 24
34 52 37
34 53 78
34 54 96
34 55 67
34 56 96
34 57 68
34 58 51
34 59 47
34 60 17
34 61 37
34 62 88
34 63 66
34 64 42
34 65 20
34 66 34
34 67 47
34 68 36
34 69 82
34 70 31
34 71 73
34 72 79
34 73 73
34 74 82
34 75 10
34 76 45
34 77 1
34 78 45
34 79 75
34 80 1
34 81 100
34 82 4
34 83 10
34 84 3
34 85 26
34 86 11
34 87 10
34 88 49
34 89 17
34 90 77
34 91 45
34 92 57
34 93 90
34 94 34
34 95 71
34 96 40
34 97 10
34 98 49
34 99 23
34 100 58
34 101 86
34 102 40
34 103 99
34 104 46
34 105 87
34 106 79
34 107 72
34 108 49
34 109 65
34 110 58
34 111 8
34 112 56
34 113 29
34 114 11
34 115 19
34 116 82
34 117 67
34 118 59
34 119 57
35 36 52
35 37 48
35 38 18
35 39 37
35 40 96
35 41 23
35 42 85
35 43 35
35 44 24
35 45 85
35 46 88
35 47 1
35 48 4
35 49 37
35 50 74
35 51 92
35 52 76
35 53 57
35 54 79
35 55 70
35 56 46
35 57 73
35 58 49
35 59 86
35 60 88
35 61 85
35 62 36
35 63 27
35 64 61
35 65 20
35 66 41
35 67 29
35 68 86
35 69 30
35 70 13
35 71 44
35 72 78
35 73 94
35 74 32
35 75 81
35 76 64
35 77 63
35 78 28
35 79 71
35 80 23
35 81 31
35 82 89
35 83 21
35 84 42
35 85 29
35 86 36
35 87 98
35 88 94
35 89 92
35 90 50
35 91 68
35 92 94
35 93 44
35 94 42
35 95 49
35 96 27
35 97 1
35 98 26
35 99 52
35 100 80
35 101 59
35 102 94
35 103 29
35 104 44
35 105 10
35 106 64
35 107 74
35 108 99
35 109 65
35 110 75
35 111 28
35 112 65
35 113 18
35 114 25
35 115 96
35 116 42
35 117 83
35 118 81
35 119 20
36 37 94
36 38 24
36 39 64
36 40 73
36 41 56
36 42 43
36 43 92
36 44 60
36 45 87
36 46 43
36 47 96
36 48 40
36 49 85
36 50 65
36 51 40
36 52 3
36 53 90
36 54 95
36 55 3
36 56 96
36 57 22
36 58 69
36 59 58
36 60 5
36 61 10
36 62 59
36 63 16
36 64 89
36 65 84
36 66 41
36 67 95
36 68 62
36 69 84
36 70 13
36 71 64
36 72 67
36 73 25
36 74 2
36 75 21
36 76 22
36 77 30
36 78 91
36 79 22
36 80 67
36 81 38
36 82 96
36 83 44
36 84 95
36 85 8
36 86 2
36 87 33
36 88 38
36 89 75
36 90 92
36 91 96
36 92 67
36 93 17
36 94 69
36 95 52
36 96 51
36 97 50
36 98 70
36 99 20
36 100 65
36 101 29
36 102 59
36 103 52
36 104 91
36 105 47
36 106 45
36 107 44
36 108 82
36 109 71
36 110 57
36 111 66
36 112 73
36 113 74
36 114 36
36 115 93
36 116 36
36 117 55
36 118 33
36 119 19
37 38 66
37 39 61
37 40 74
37 41 81
37 42 55
37 43 3
37 44 62
37 45 36
37 46 44
37 47 48
37 48 95
37 49 40
37 50 83
37 51 28
37 52 38
37 53 75
37 54 71
37 55 64
37 56 54
37 57 77
37 58 23
37 59 48
37 60 17
37 61 63
37 62 62
37 63 42
37 64 52
37 65 22
37 66 52
37 67 12
37 68 57
37 69 32
37 70 41
37 71 31
37 72 40
37 73 13
37 74 95
37 75 54
37 76 39
37 77 76
37 78 94
37 79 99
37 80 29
37 81 42
37 82 68
37 83 34
37 84 17
37 85 83
37 86 27
37 87 68
37 88 10
37 89 78
37 90 100
37 91 13
37 92 78
37 93 59
37 94 29
37 95 91
37 96 35
37 97 93
37 98 83
37 99 78
37 100 41
37 101 96
37 102 87
37 103 67
37 104 93
37 105 11
37 106 59
37 107 98
37 108 82
37 109 81
37 110 25
37 111 67
37 112 88
37 113 20
37 114 5
37 115 3
37 116 55
37 117 94
37 118 14
37 119 49
38 39 41
38 40 69
38 41 21
38 42 89
38 43 20
38 44 67
38 45 35
38 46 96
38 47 3
38 48 57
38 49 19
38 50 88
38 51 96
38 52 31
38 53 59
38 54 68
38 55 86
38 56 65
38 57 82
38 58 49
38 59 57
38 60 54
38 61 71
38 62 9
38 63 46
38 64 19
38 65 54
38 66 28
38 67 100
38 68 10
38 69 1
38 70 23
38 71 32
38 72 51
38 73 99
38 74 45
38 75 81
38 76 59
38 77 77
38 78 73
38 79 50
38 80 69
38 81 85
38 82 21
38 83 86
38 84 93
38 85 70
38 86 93
38 87 73
38 88 93
38 89 6
38 90 6
38 91 91
38 92 6
38 93 40
38 94 76
38 95 32
38 96 13
38 97 1
38 98 55
38 99 31
38 100 99
38 101 18
38 102 72
38 103 72
38 104 15
38 105 37
38 106 87
38 107 62
38 108 15
38 109 81
38 110 89
38 111 79
38 112 14
38 113 65
38 114 29
38 115 14
38 116 86
38 117 66
38 118 58
38 119 26
39 40 11
39 41 22
39 42 89
39 43 63
39 44 23
39 45 86
39 46 8
39 47 15
39 48 21
39 49 56
39 50 19
39 51 57
39 52 41
39 53 97
39 54 17
39 55 41
39 56 34
39 57 67
39 58 54
39 59 22
39 60 90
39 61 18
39 62 34
39 63 58
39 64 38
39 65 80
39 66 65
39 67 55
39 68 76
39 69 56
39 70 9
39 71 90
39 72 48
39 73 43
39 74 42
39 75 98
39 76 54
39 77 55
39 78 45
39 79 60
39 80 66
39 81 25
39 82 17
39 83 51
39 84 36
39 85 49
39 86 96
39 87 75
39 88 75
39 89 63
39 90 63
39 91 79
39 92 74
39 93 28
39 94 2
39 95 44
39 96 97
39 97 35
39 98 41
39 99 81
39 100 56
39 101 92
39 102 12
39 103 38
39 104 99
39 105 48
39 106 47
39 107 98
39 108 33
39 109 92
39 110 6
39 111 62
39 112 33
39 113 51
39 114 40
39 115 62
39 116 45
39 117 94
39 118 25
39 119 80
40 41 13
40 42 56
40 43 39
40 44 5
40 45 35
40 46 23
40 47 56
40 48 24
40 49 22
40 50 49
40 51 63
40 52 38
40 53 46
40 54 45
40 55 55
40 56 9
40 57 11
40 58 43
40 59 74
40 60 97
40 61 57
40 62 56
40 63 30
40 64 71
40 65 37
40 66 5
40 67 39
40 68 98
40 69 7
40 70 71
40 71 83
40 72 52
40 73 33
40 74 5
40 75 97
40 76 33
40 77 43
40 78 52
40 79 11
40 80 80
40 81 49
40 82 55
40 83 72
40 84 68
40 85 59
40 86 66
40 87 14
40 88 53
40 89 78
40 90 84
40 91 19
40 92 97
40 93 21
40 94 61
40 95 4
40 96 43
40 97 28
40 98 41
40 99 2
40 100 74
40 101 3
40 102 76
40 103 4
40 104 3
40 105 76
40 106 66
40 107 15
40 108 46
40 109 85
40 110 55
40 111 88
40 112 26
40 113 77
40 114 58
40 115 13
40 116 41
40 117 10
40 118 7
40 119 89
41 42 35
41 43 28
41 44 46
41 45 6
41 46 15
41 47 83
41 48 62
41 49 33
41 50 38
41 51 84
41 52 17
41 53 80
41 54 40
41 55 93
41 56 70
41 57 23
41 58 8
41 59 62
41 60 95
41 61 88
41 62 38
41 63 58
41 64 73
41 65 79
41 66 29
41 67 19
41 68 66
41 69 63
41 70 18
41 71 99
41 72 61
41 73 24
41 74 35
41 75 23
41 76 96
41 77 95
41 78 61
41 79 71
41 80 17
41 81 92
41 82 80
41 83 38
41 84 31
41 85 17
41 86 44
41 87 63
41 88 78
41 89 37
41 90 78
41 91 37
41 92 75
41 93 93
41 94 6
41 95 13
41 96 46
41 97 60
41 98 33
41 99 84
41 100 9
41 101 94
41 102 63
41 103 69
41 104 9
41 105 42
41 106 30
41 107 42
41 108 92
41 109 46
41 110 50
41 111 29
41 112 77
41 113 29
41 114 26
41 115 84
41 116 23
41 117 85
41 118 99
41 119 23
42 43 43
42 44 80
42 45 32
42 46 71
42 47 37
42 48 69
42 49 94
42 50 25
42 51 56
42 52 33
42 53 44
42 54 91
42 55 2
42 56 2
42 57 64
42 58 6
42 59 62
42 60 45
42 61 93
42 62 70
42 63 83
42 64 96
42 65 21
42 66 42
42 67 33
42 68 30
42 69 2
42 70 75
42 71 82
42 72 66
42 73 61
42 74 93
42 75 57
42 76 65
42 77 89
42 78 97
42 79 67
42 80 20
42 81 72
42 82 46
42 83 100
42 84 71
42 85 62
42 86 95
42 87 70
42 88 15
42 89 55
42 90 9
42 91 4
42 92 34
42 93 58
42 94 84
42 95 3
42 96 3
42 97 96
42 98 99
42 99 48
42 100 5
42 101 25
42 102 7
42 103 12
42 104 29
42 105 8
42 106 41
42 107 59
42 108 91
42 109 31
42 110 28
42 111 27
42 112 20
42 113 24
42 114 25
42 115 12
42 116 20
42 117 13
42 118 25
42 119 86
43 44 18
43 45 68
43 46 84
43 47 3
43 48 70
43 49 27
43 50 32
43 51 96
43 52 5
43 53 35
43 54 7
43 55 91
43 56 93
43 57 61
43 58 65
43 59 40
43 60 94
43 61 94
43 62 83
43 63 27
43 64 96
43 65 20
43 66 71
43 67 42
43 68 48
43 69 6
43 70 37
43 71 19
43 72 93
43 73 25
43 74 11
43 75 64
43 76 93
43 77 24
43 78 36
43 79 18
43 80 53
43 81 91
43 82 26
43 83 76
43 84 17
43 85 51
43 86 66
43 87 13
43 88 45
43 89 30
43 90 92
43 91 67
43 92 10
43 93 75
43 94 68
43 95 11
43 96 70
43 97 66
43 98 66
43 99 34
43 100 17
43 101 6
43 102 84
43 103 91
43 104 25
43 105 38
43 106 55
43 107 9
43 108 56
43 109 73
43 110 71
43 111 95
43 112 2
43 113 25
43 114 82
43 115 68
43 116 59
43 117 45
43 118 41
43 119 8
44 45 93
44 46 87
44 47 54
44 48 47
44 49 50
44 50 98
44 51 86
44 52 56
44 53 34
44 54 91
44 55 70
44 56 89
44 57 3
44 58 57
44 59 34
44 60 47
44 61 78
44 62 19
44 63 72
44 64 79
44 65 24
44 66 75
44 67 77
44 68 37
44 69 33
44 70 21
44 71 88
44 72 1
44 73 94
44 74 98
44 75 62
44 76 77
44 77 78
44 78 20
44 79 58
44 80 94
44 81 61
44 82 5
44 83 38
44 84 94
44 85 15
44 86 5
44 87 27
44 88 46
44 89 47
44 90 13
44 91 29
44 92 76
44 93 96
44 94 67
44 95 72
44 96 64
44 97 21
44 98 93
44 99 62
44 100 56
44 101 55
44 102 12
44 103 21
44 104 50
44 105 33
44 106 17
44 107 75
44 108 53
44 109 53
44 110 32
44 111 80
44 112 23
44 113 92
44 114 91
44 115 51
44 116 32
44 117 61
44 118 7
44 119 44
45 46 33
45 47 21
45 48 58
45 49 78
45 50 69
45 51 87
45 52 34
45 53 23
45 54 67
45 55 61
45 56 66
45 57 17
45 58 27
45 59 57
45 60 12
45 61 49
45 62 56
45 63 34
45 64 7
45 65 2
45 66 71
45 67 13
45 68 68
45 69 54
45 70 89
45 71 25
45 72 45
45 73 48
45 74 99
45 75 63
45 76 2
45 77 65
45 78 67
45 79 69
45 80 70
45 81 80
45 82 69
45 83 71
45 84 95
45 85 39
45 86 90
45 87 70
45 88 42
45 89 91
45 90 95
45 91 67
45 92 71
45 93 63
45 94 18
45 95 4
45 96 6
45 97 8
45 98 55
45 99 71
45 100 83
45 101 74
45 102 62
45 103 10
45 104 91
45 105 72
45 106 59
45 107 96
45 108 23
45 109 63
45 110 35
45 111 72
45 112 74
45 113 72
45 114 77
45 115 12
45 116 54
45 117 33
45 118 16
45 119 62
46 47 40
46 48 71
46 49 83
46 50 1
46 51 58
46 52 83
46 53 70
46 54 54
46 55 57
46 56 68
46 57 36
46 58 11
46 59 20
46 60 73
46 61 25
46 62 83
46 63 34
46 64 81
46 65 20
46 66 27
46 67 62
46 68 86
46 69 15
46 70 67
46 71 97
46 72 1
46 73 36
46 74 84
46 75 7
46 76 86
46 77 98
46 78 43
46 79 10
46 80 36
46 81 77
46 82 58
46 83 91
46 84 2
46 85 69
46 86 67
46 87 62
46 88 67
46 89 96
46 90 78
46 91 6
46 92 21
46 93 40
46 94 38
46 95 83
46 96 98
46 97 18
46 98 31
46 99 19
46 100 18
46 101 63
46 102 80
46 103 81
46 104 83
46 105 94
46 106 100
46 107 51
46 108 81
46 109 45
46 110 18
46 111 91
46 112 15
46 113 41
46 114 100
46 115 54
46 116 100
46 117 60
46 118 39
46 119 100
47 48 37
47 49 11
47 50 13
47 51 48
47 52 41
47 53 100
47 54 38
47 55 33
47 56 44
47 57 76
47 58 73
47 59 18
47 60 10
47 61 16
47 62 21
47 63 51
47 64 40
47 65 68
47 66 91
47 67 99
47 68 57
47 69 29
47 70 65
47 71 72
47 72 71
47 73 5
47 74 2
47 75 26
47 76 56
47 77 22
47 78 95
47 79 88
47 80 66
47 81 46
47 82 53
47 83 12
47 84 64
47 85 77
47 86 77
47 87 69
47 88 72
47 89 61
47 90 73
47 91 92
47 92 30
47 93 21
47 94 56
47 95 94
47 96 98
47 97 42
47 98 79
47 99 13
47 100 20
47 101 78
47 102 47
47 103 65
47 104 81
47 105 19
47 106 41
47 107 53
47 108 39
47 109 40
47 110 84
47 111 94
47 112 81
47 113 80
47 114 54
47 115 25
47 116 80
47 117 14
47 118 26
47 119 61
48 49 9
48 50 84
48 51 81
48 52 85
48 53 83
48 54 69
48 55 1
48 56 74
48 57 19
48 58 63
48 59 15
48 60 94
48 61 68
48 62 74
48 63 49
48 64 58
48 65 6
48 66 12
48 67 10
48 68 40
48 69 95
48 70 67
48 71 37
48 72 100
48 73 32
48 74 74
48 75 37
48 76 98
48 77 26
48 78 43
48 79 67
48 80 54
48 81 72
48 82 32
48 83 44
48 84 10
48 85 19
48 86 26
48 87 15
48 88 44
48 89 65
48 90 9
48 91 73
48 92 46
48 93 12
48 94 77
48 95 6
48 96 21
48 97 5
48 98 68
48 99 98
48 100 38
48 101 62
48 102 90
48 103 25
48 104 73
48 105 71
48 106 69
48 107 14
48 108 23
48 109 30
48 110 46
48 111 43
48 112 32
48 113 28
48 114 32
48 115 11
48 116 77
48 117 36
48 118 48
48 119 9
49 50 17
49 51 72
49 52 71
49 53 26
49 54 66
49 55 88
49 56 75
49 57 95
49 58 75
49 59 18
49 60 67
49 61 67
49 62 23
49 63 52
49 64 23
49 65 5
49 66 53
49 67 2
49 68 75
49 69 14
49 70 13
49 71 57
49 72 76
49 73 31
49 74 51
49 75 93
49 76 19
49 77 96
49 78 85
49 79 29
49 80 65
49 81 72
49 82 90
49 83 23
49 84 12
49 85 20
49 86 57
49 87 54
49 88 3
49 89 84
49 90 61
49 91 72
49 92 39
49 93 39
49 94 50
49 95 30
49 96 29
49 97 54
49 98 78
49 99 31
49 100 30
49 101 24
49 102 92
49 103 12
49 104 27
49 105 56
49 106 57
49 107 20
49 108 9
49 109 45
49 110 27
49 111 52
49 112 66
49 113 62
49 114 72
49 115 44
49 116 1
49 117 28
49 118 93
49 119 27
50 51 46
50 52 60
50 53 58
50 54 35
50 55 86
50 56 46
50 57 87
50 58 48
50 59 97
50 60 14
50 61 97
50 62 69
50 63 62
50 64 49
50 65 86
50 66 39
50 67 20
50 68 94
50 69 14
50 70 66
50 71 33
50 72 92
50 73 37
50 74 68
50 75 19
50 76 46
50 77 85
50 78 59
50 79 71
50 80 50
50 81 74
50 82 94
50 83 47
50 84 93
50 85 49
50 86 42
50 87 25
50 88 25
50 89 86
50 90 42
50 91 72
50 92 3
50 93 1
50 94 32
50 95 12
50 96 47
50 97 84
50 98 89
50 99 11
50 100 93
50 101 59
50 102 28
50 103 40
50 104 64
50 105 79
50 106 86
50 107 82
50 108 45
50 109 37
50 110 27
50 111 45
50 112 62
50 113 6
50 114 88
50 115 44
50 116 7
50 117 34
50 118 69
50 119 8
51 52 17
51 53 100
51 54 92
51 55 30
51 56 54
51 57 28
51 58 67
51 59 73
51 60 54
51 61 4
51 62 67
51 63 2
51 64 31
51 65 60
51 66 69
51 67 59
51 68 87
51 69 79
51 70 95
51 71 25
51 72 89
51 73 20
51 74 64
51 75 49
51 76 78
51 77 58
51 78 31
51 79 35
51 80 34
51 81 56
51 82 36
51 83 16
51 84 55
51 85 40
51 86 59
51 87 89
51 88 20
51 89 6
51 90 34
51 91 79
51 92 91
51 93 30
51 94 63
51 95 3
51 96 84
51 97 10
51 98 98
51 99 57
51 100 27
51 101 39
51 102 22
51 103 59
51 104 41
51 105 53
51 106 52
51 107 41
51 108 54
51 109 87
51 110 18
51 111 18
51 112 38
51 113 88
51 114 96
51 115 69
51 116 54
51 117 78
51 118 56
51 119 36
52 53 48
52 54 42
52 55 94
52 56 71
52 57 11
52 58 30
52 59 28
52 60 30
52 61 97
52 62 5
52 63 74
52 64 77
52 65 12
52 66 2
52 67 14
52 68 86
52 69 40
52 70 31
52 71 37
52 72 81
52 73 12
52 74 2
52 75 14
52 76 65
52 77 82
52 78 42
52 79 77
52 80 42
52 81 5
52 82 68
52 83 73
52 84 8
52 85 41
52 86 94
52 87 60
52 88 81
52 89 90
52 90 85
52 91 74
52 92 49
52 93 81
52 94 77
52 95 16
52 96 35
52 97 1
52 98 5
52 99 20
52 100 83
52 101 5
52 102 58
52 103 36
52 104 33
52 105 3
52 106 16
52 107 70
52 108 90
52 109 94
52 110 63
52 111 12
52 112 51
52 113 40
52 114 74
52 115 21
52 116 8
52 117 62
52 118 47
52 119 78
53 54 78
53 55 23
53 56 16
53 57 11
53 58 72
53 59 94
53 60 70
53 61 53
53 62 19
53 63 99
53 64 74
53 65 26
53 66 33
53 67 69
53 68 74
53 69 78
53 70 5
53 71 95
53 72 81
53 73 91
53 74 9
53 75 35
53 76 85
53 77 24
53 78 90
53 79 55
53 80 18
53 81 89
53 82 36
53 83 89
53 84 42
53 85 16
53 86 82
53 87 97
53 88 67
53 89 17
53 90 29
53 91 78
53 92 83
53 93 28
53 94 97
53 95 81
53 96 13
53 97 35
53 98 61
53 99 87
53 100 52
53 101 34
53 102 29
53 103 40
53 104 75
53 105 18
53 106 62
53 107 73
53 108 99
53 109 17
53 110 3
53 111 46
53 112 16
53 113 46
53 114 50
53 115 91
53 116 90
53 117 29
53 118 79
53 119 74
54 55 93
54 56 58
54 57 48
54 58 75
54 59 6
54 60 11
54 61 48
54 62 88
54 63 50
54 64 54
54 65 16
54 66 91
54 67 62
54 68 88
54 69 92
54 70 47
54 71 58
54 72 38
54 73 96
54 74 64
54 75 23
54 76 76
54 77 33
54 78 86
54 79 93
54 80 11
54 81 73
54 82 90
54 83 74
54 84 84
54 85 44
54 86 41
54 87 2
54 88 90
54 89 11
54 90 23
54 91 34
54 92 48
54 93 16
54 94 62
54 95 70
54 96 94
54 97 51
54 98 69
54 99 90
54 100 55
54 101 38
54 102 23
54 103 2
54 104 8
54 105 59
54 106 60
54 107 10
54 108 4
54 109 50
54 110 59
54 111 48
54 112 43
54 113 81
54 114 95
54 115 34
54 116 11
54 117 24
54 118 95
54 119 8
55 56 24
55 57 17
55 58 30
55 59 11
55 60 16
55 61 81
55 62 95
55 63 1
55 64 6
55 65 50
55 66 81
55 67 99
55 68 97
55 69 49
55 70 44
55 71 28
55 72 73
55 73 50
55 74 43
55 75 47
55 76 3
55 77 27
55 78 5
55 79 1
55 80 6
55 81 83
55 82 70
55 83 79
55 84 40
55 85 26
55 86 84
55 87 36
55 88 58
55 89 28
55 90 70
55 91 25
55 92 35
55 93 38
55 94 90
55 95 51
55 96 36
55 97 1
55 98 31
55 99 3
55 100 37
55 101 66
55 102 93
55 103 62
55 104 14
55 105 75
55 106 92
55 107 99
55 108 72
55 109 8
55 110 66
55 111 45
55 112 11
55 113 30
55 114 16
55 115 40
55 116 69
55 117 56
55 118 18
55 119 40
56 57 16
56 58 78
56 59 32
56 60 75
56 61 18
56 62 71
56 63 61
56 64 2
56 65 44
56 66 43
56 67 61
56 68 73
56 69 19
56 70 9
56 71 29
56 72 31
56 73 1
56 74 8
56 75 72
56 76 62
56 77 29
56 78 8
56 79 80
56 80 91
56 81 32
56 82 23
56 83 15
56 84 65
56 85 93
56 86 70
56 87 92
56 88 40
56 89 56
56 90 95
56 91 32
56 92 11
56 93 82
56 94 48
56 95 35
56 96 93
56 97 17
56 98 46
56 99 47
56 100 89
56 101 17
56 102 85
56 103 15
56 104 4
56 105 57
56 106 81
56 107 67
56 108 18
56 109 93
56 110 40
56 111 90
56 112 61
56 113 71
56 114 7
56 115 88
56 116 21
56 117 53
56 118 46
56 119 89
57 58 41
57 59 24
57 60 9
57 61 61
57 62 98
57 63 83
57 64 28
57 65 28
57 66 52
57 67 62
57 68 92
57 69 53
57 70 48
57 71 38
57 72 11
57 73 52
57 74 7
57 75 20
57 76 38
57 77 89
57 78 47
57 79 27
57 80 20
57 81 29
57 82 74
57 83 33
57 84 81
57 85 36
57 86 76
57 87 49
57 88 68
57 89 45
57 90 97
57 91 66
57 92 1
57 93 41
57 94 25
57 95 39
57 96 59
57 97 4
57 98 57
57 99 36
57 100 15
57 101 25
57 102 69
57 103 78
57 104 26
57 105 97
57 106 20
57 107 47
57 108 42
57 109 60
57 110 87
57 111 91
57 112 52
57 113 64
57 114 88
57 115 72
57 116 50
57 117 2
57 118 39
57 119 93
58 59 68
58 60 26
58 61 83
58 62 98
58 63 76
58 64 13
58 65 6
58 66 20
58 67 98
58 68 97
58 69 45
58 70 93
58 71 82
58 72 64
58 73 54
58 74 59
58 75 36
58 76 17
58 77 7
58 78 35
58 79 80
58 80 75
58 81 86
58 82 21
58 83 60
58 84 22
58 85 8
58 86 31
58 87 81
58 88 50
58 89 45
58 90 36
58 91 56
58 92 54
58 93 96
58 94 23
58 95 83
58 96 52
58 97 29
58 98 14
58 99 41
58 100 20
58 101 85
58 102 67
58 103 81
58 104 23
58 105 84
58 106 31
58 107 29
58 108 81
58 109 97
58 110 65
58 111 19
58 112 58
58 113 16
58 114 66
58 115 20
58 116 41
58 117 91
58 118 16
58 119 40
59 60 40
59 61 28
59 62 51
59 63 96
59 64 51
59 65 85
59 66 57
59 67 85
59 68 11
59 69 11
59 70 28
59 71 72
59 72 66
59 73 21
59 74 46
59 75 51
59 76 67
59 77 98
59 78 50
59 79 79
59 80 4
59 81 14
59 82 37
59 83 35
59 84 47
59 85 35
59 86 64
59 87 59
59 88 41
59 89 75
59 90 5
59 91 55
59 92 68
59 93 91
59 94 71
59 95 10
59 96 83
59 97 8
59 98 71
59 99 23
59 100 78
59 101 20
59 102 24
59 103 51
59 104 77
59 105 79
59 106 48
59 107 47
59 108 94
59 109 78
59 110 69
59 111 34
59 112 94
59 113 35
59 114 24
59 115 100
59 116 34
59 117 69
59 118 69
59 119 54
60 61 78
60 62 38
60 63 64
60 64 15
60 65 41
60 66 26
60 67 99
60 68 4
60 69 88
60 70 18
60 71 47
60 72 28
60 73 15
60 74 7
60 75 29
60 76 40
60 77 91
60 78 95
60 79 45
60 80 33
60 81 39
60 82 39
60 83 21
60 84 91
60 85 32
60 86 80
60 87 3
60 88 53
60 89 69
60 90 73
60 91 92
60 92 11
60 93 6
60 94 69
60 95 89
60 96 79
60 97 24
60 98 54
60 99 13
60 100 45
60 101 17
60 102 87
60 103 94
60 104 38
60 105 90
60 106 27
60 107 86
60 108 66
60 109 85
60 110 84
60 111 25
60 112 10
60 113 47
60 114 96
60 115 42
60 116 13
60 117 23
60 118 70
60 119 79
61 62 89
61 63 68
61 64 9
61 65 65
61 66 20
61 67 36
61 68 8
61 69 73
61 70 96
61 71 9
61 72 94
61 73 39
61 74 83
61 75 64
61 76 60
61 77 78
61 78 7
61 79 17
61 80 69
61 81 68
61 82 97
61 83 72
61 84 87
61 85 77
61 86 66
61 87 75
61 88 11
61 89 28
61 90 92
61 91 76
61 92 68
61 93 34
61 94 24
61 95 67
61 96 9
61 97 23
61 98 45
61 99 67
61 100 13
61 101 63
61 102 76
61 103 40
61 104 23
61 105 84
61 106 60
61 107 50
61 108 30
61 109 18
61 110 94
61 111 23
61 112 50
61 113 83
61 114 99
61 115 61
61 116 82
61 117 24
61 118 89
61 119 96
62 63 17
62 64 52
62 65 21
62 66 63
62 67 34
62 68 22
62 69 82
62 70 20
62 71 26
62 72 47
62 73 37
62 74 77
62 75 26
62 76 93
62 77 100
62 78 57
62 79 69
62 80 63
62 81 78
62 82 94
62 83 76
62 84 98
62 85 25
62 86 18
62 87 20
62 88 98
62 89 33
62 90 65
62 91 16
62 92 83
62 93 90
62 94 1
62 95 39
62 96 8
62 97 46
62 98 59
62 99 76
62 100 20
62 101 96
62 102 53
62 103 44
62 104 58
62 105 31
62 106 22
62 107 46
62 108 15
62 109 18
62 110 63
62 111 21
62 112 17
62 113 37
62 114 33
62 115 85
62 116 92
62 117 37
62 118 49
62 119 48
63 64 18
63 65 66
63 66 95
63 67 94
63 68 28
63 69 64
63 70 60
63 71 53
63 72 55
63 73 73
63 74 51
63 75 96
63 76 15
63 77 27
63 78 50
63 79 92
63 80 7
63 81 67
63 82 46
63 83 58
63 84 39
63 85 7
63 86 19
63 87 42
63 88 21
63 89 95
63 90 21
63 91 55
63 92 65
63 93 67
63 94 50
63 95 3
63 96 31
63 97 8
63 98 87
63 99 15
63 100 67
63 101 65
63 102 99
63 103 96
63 104 10
63 105 66
63 106 63
63 107 35
63 108 27
63 109 93
63 110 53
63 111 5
63 112 43
63 113 6
63 114 25
63 115 14
63 116 27
63 117 10
63 118 59
63 119 10
64 65 74
64 66 59
64 67 92
64 68 3
64 69 42
64 70 10
64 71 42
64 72 56
64 73 92
64 74 15
64 75 17
64 76 88
64 77 5
64 78 73
64 79 49
64 80 75
64 81 67
64 82 60
64 83 53
64 84 27
64 85 68
64 86 79
64 87 1
64 88 31
64 89 53
64 90 16
64 91 93
64 92 71
64 93 35
64 94 82
64 95 45
64 96 69
64 97 53
64 98 53
64 99 47
64 100 29
64 101 90
64 102 34
64 103 7
64 104 64
64 105 10
64 106 30
64 107 23
64 108 78
64 109 73
64 110 25
64 111 8
64 112 74
64 113 42
64 114 80
64 115 99
64 116 1
64 117 67
64 118 40
64 119 53
65 66 91
65 67 58
65 68 79
65 69 57
65 70 15
65 71 95
65 72 98
65 73 76
65 74 10
65 75 91
65 76 90
65 77 72
65 78 7
65 79 14
65 80 56
65 81 16
65 82 76
65 83 58
65 84 14
65 85 11
65 86 93
65 87 22
65 88 97
65 89 80
65 90 63
65 91 61
65 92 83
65 93 48
65 94 39
65 95 46
65 96 31
65 97 67
65 98 47
65 99 53
65 100 6
65 101 92
65 102 4
65 103 64
65 104 92
65 105 84
65 106 13
65 107 95
65 108 55
65 109 94
65 110 98
65 111 60
65 112 49
65 113 77
65 114 81
65 115 5
65 116 30
65 117 97
65 118 82
65 119 7
66 67 83
66 68 70
66 69 50
66 70 83
66 71 97
66 72 46
66 73 67
66 74 10
66 75 76
66 76 28
66 77 65
66 78 9
66 79 77
66 80 13
66 81 49
66 82 41
66 83 78
66 84 58
66 85 14
66 86 4
66 87 96
66 88 74
66 89 13
66 90 12
66 91 78
66 92 85
66 93 58
66 94 55
66 95 74
66 96 49
66 97 86
66 98 90
66 99 36
66 100 85
66 101 68
66 102 49
66 103 7
66 104 71
66 105 73
66 106 9
66 107 5
66 108 85
66 109 67
66 110 19
66 111 53
66 112 17
66 113 58
66 114 66
66 115 9
66 116 87
66 117 30
66 118 77
66 119 19
67 68 21
67 69 22
67 70 91
67 71 9
67 72 37
67 73 36
67 74 1
67 75 11
67 76 67
67 77 14
67 78 97
67 79 43
67 80 57
67 81 88
67 82 92
67 83 50
67 84 70
67 85 51
67 86 57
67 87 11
67 88 85
67 89 45
67 90 47
67 91 48
67 92 60
67 93 61
67 94 29
67 95 58
67 96 57
67 97 96
67 98 73
67 99 54
67 100 70
67 101 30
67 102 90
67 103 37
67 104 5
67 105 38
67 106 12
67 107 60
67 108 24
67 109 19
67 110 29
67 111 23
67 112 36
67 113 18
67 114 34
67 115 57
67 116 16
67 117 67
67 118 87
67 119 4
68 69 87
68 70 57
68 71 18
68 72 90
68 73 39
68 74 17
68 75 84
68 76 39
68 77 37
68 78 12
68 79 13
68 80 90
68 81 31
68 82 57
68 83 14
68 84 74
68 85 69
68 86 82
68 87 34
68 88 97
68 89 66
68 90 30
68 91 96
68 92 66
68 93 54
68 94 100
68 95 30
68 96 69
68 97 84
68 98 8
68 99 69
68 100 93
68 101 61
68 102 40
68 103 40
68 104 30
68 105 44
68 106 66
68 107 95
68 108 14
68 109 15
68 110 72
68 111 100
68 112 48
68 113 44
68 114 40
68 115 91
68 116 6
68 117 71
68 118 96
68 119 40
69 70 84
69 71 2
69 72 67
69 73 65
69 74 70
69 75 44
69 76 77
69 77 26
69 78 26
69 79 33
69 80 94
69 81 2
69 82 38
69 83 66
69 84 47
69 85 77
69 86 23
69 87 35
69 88 16
69 89 16
69 90 70
69 91 42
69 92 84
69 93 16
69 94 89
69 95 60
69 96 69
69 97 61
69 98 23
69 99 59
69 100 62
69 101 44
69 102 95
69 103 27
69 104 45
69 105 21
69 106 66
69 107 16
69 108 56
69 109 24
69 110 57
69 111 12
69 112 62
69 113 39
69 114 49
69 115 97
69 116 80
69 117 62
69 118 47
69 119 11
70 71 84
70 72 37
70 73 39
70 74 8
70 75 59
70 76 60
70 77 20
70 78 54
70 79 90
70 80 66
70 81 98
70 82 25
70 83 24
70 84 68
70 85 12
70 86 38
70 87 38
70 88 6
70 89 30
70 90 72
70 91 66
70 92 58
70 93 77
70 94 9
70 95 6
70 96 89
70 97 52
70 98 78
70 99 47
70 100 41
70 101 21
70 102 80
70 103 45
70 104 70
70 105 98
70 106 65
70 107 17
70 108 19
70 109 18
70 110 37
70 111 61
70 112 72
70 113 18
70 114 52
70 115 38
70 116 17
70 117 71
70 118 32
70 119 15
71 72 77
71 73 60
71 74 7
71 75 43
71 76 67
71 77 18
71 78 16
71 79 26
71 80 26
71 81 3
71 82 25
71 83 51
71 84 84
71 85 50
71 86 66
71 87 99
71 88 38
71 89 9
71 90 94
71 91 87
71 92 74
71 93 49
71 94 57
71 95 46
71 96 13
71 97 84
71 98 89
71 99 4
71 100 4
71 101 30
71 102 97
71 103 70
71 104 85
71 105 31
71 106 37
71 107 95
71 108 65
71 109 26
71 110 86
71 111 94
71 112 31
71 113 29
71 114 13
71 115 40
71 116 79
71 117 25
71 118 12
71 119 96
72 73 53
72 74 53
72 75 99
72 76 34
72 77 35
72 78 8
72 79 94
72 80 21
72 81 96
72 82 39
72 83 19
72 84 36
72 85 36
72 86 55
72 87 67
72 88 4
72 89 28
72 90 70
72 91 26
72 92 19
72 93 60
72 94 84
72 95 44
72 96 8
72 97 12
72 98 93
72 99 8
72 100 30
72 101 46
72 102 1
72 103 35
72 104 11
72 105 91
72 106 50
72 107 70
72 108 14
72 109 54
72 110 22
72 111 77
72 112 94
72 113 14
72 114 15
72 115 42
72 116 75
72 117 51
72 118 49
72 119 14
73 74 30
73 75 22
73 76 32
73 77 59
73 78 42
73 79 64
73 80 42
73 81 82
73 82 66
73 83 46
73 84 58
73 85 57
73 86 58
73 87 95
73 88 57
73 89 20
73 90 3
73 91 88
73 92 64
73 93 18
73 94 17
73 95 28
73 96 80
73 97 33
73 98 5
73 99 67
73 100 54
73 101 36
73 102 31
73 103 44
73 104 71
73 105 35
73 106 21
73 107 4
73 108 55
73 109 24
73 110 20
73 111 36
73 112 63
73 113 44
73 114 69
73 115 2
73 116 43
73 117 15
73 118 61
73 119 90
74 75 28
74 76 12
74 77 89
74 78 79
74 79 21
74 80 9
74 81 22
74 82 33
74 83 96
74 84 64
74 85 76
74 86 50
74 87 60
74 88 76
74 89 14
74 90 76
74 91 31
74 92 60
74 93 74
74 94 26
74 95 8
74 96 19
74 97 39
74 98 5
74 99 2
74 100 46
74 101 33
74 102 84
74 103 98
74 104 36
74 105 40
74 106 36
74 107 42
74 108 78
74 109 9
74 110 97
74 111 72
74 112 37
74 113 87
74 114 49
74 115 31
74 116 4
74 117 39
74 118 16
74 119 26
75 76 1
75 77 24
75 78 14
75 79 10
75 80 25
75 81 77
75 82 7
75 83 58
75 84 12
75 85 47
75 86 51
75 87 6
75 88 86
75 89 78
75 90 4
75 91 83
75 92 22
75 93 31
75 94 80
75 95 86
75 96 37
75 97 47
75 98 90
75 99 7
75 100 25
75 101 29
75 102 62
75 103 50
75 104 88
75 105 52
75 106 42
75 107 36
75 108 91
75 109 96
75 110 59
75 111 39
75 112 35
75 113 85
75 114 36
75 115 59
75 116 71
75 117 82
75 118 68
75 119 30
76 77 98
76 78 41
76 79 50
76 80 20
76 81 56
76 82 23
76 83 32
76 84 72
76 85 91
76 86 80
76 87 8
76 88 81
76 89 2
76 90 54
76 91 18
76 92 96
76 93 52
76 94 49
76 95 24
76 96 99
76 97 45
76 98 12
76 99 6
76 100 89
76 101 5
76 102 97
76 103 7
76 104 12
76 105 15
76 106 54
76 107 71
76 108 61
76 109 6
76 110 12
76 111 3
76 112 30
76 113 94
76 114 76
76 115 71
76 116 25
76 117 92
76 118 42
76 119 28
77 78 91
77 79 22
77 80 44
77 81 21
77 82 45
77 83 98
77 84 79
77 85 12
77 86 48
77 87 69
77 88 37
77 89 13
77 90 94
77 91 9
77 92 2
77 93 39
77 94 48
77 95 63
77 96 24
77 97 21
77 98 26
77 99 33
77 100 23
77 101 100
77 102 19
77 103 90
77 104 40
77 105 73
77 106 30
77 107 88
77 108 45
77 109 23
77 110 77
77 111 65
77 112 53
77 113 63
77 114 57
77 115 56
77 116 28
77 117 1
77 118 97
77 119 52
78 79 67
78 80 64
78 81 69
78 82 58
78 83 29
78 84 37
78 85 18
78 86 20
78 87 99
78 88 62
78 89 40
78 90 34
78 91 44
78 92 99
78 93 92
78 94 77
78 95 99
78 96 52
78 97 9
78 98 7
78 99 49
78 100 6
78 101 16
78 102 19
78 103 83
78 104 31
78 105 91
78 106 27
78 107 35
78 108 79
78 109 97
78 110 96
78 111 32
78 112 48
78 113 33
78 114 96
78 115 30
78 116 65
78 117 51
78 118 70
78 119 36
79 80 91
79 81 81
79 82 6
79 83 17
79 84 7
79 85 26
79 86 47
79 87 37
79 88 97
79 89 15
79 90 41
79 91 79
79 92 24
79 93 60
79 94 60
79 95 91
79 96 21
79 97 43
79 98 11
79 99 57
79 100 16
79 101 95
79 102 93
79 103 76
79 104 28
79 105 41
79 106 76
79 107 57
79 108 7
79 109 14
79 110 48
79 111 2
79 112 56
79 113 76
79 114 62
79 115 37
79 116 2
79 117 76
79 118 89
79 119 8
80 81 23
80 82 28
80 83 62
80 84 3
80 85 47
80 86 3
80 87 84
80 88 98
80 89 37
80 90 72
80 91 8
80 92 51
80 93 62
80 94 44
80 95 10
80 96 92
80 97 44
80 98 18
80 99 89
80 100 22
80 101 78
80 102 8
80 103 93
80 104 75
80 105 76
80 106 96
80 107 22
80 108 11
80 109 56
80 110 38
80 111 12
80 112 72
80 113 52
80 114 73
80 115 23
80 116 94
80 117 98
80 118 74
80 119 7
81 82 82
81 83 62
81 84 27
81 85 50
81 86 62
81 87 83
81 88 5
81 89 78
81 90 50
81 91 58
81 92 11
81 93 14
81 94 92
81 95 37
81 96 90
81 97 47
81 98 51
81 99 21
81 100 77
81 101 2
81 102 76
81 103 32
81 104 99
81 105 46
81 106 20
81 107 21
81 108 83
81 109 6
81 110 33
81 111 11
81 112 14
81 113 2
81 114 53
81 115 42
81 116 7
81 117 75
81 118 60
81 119 88
82 83 26
82 84 41
82 85 32
82 86 27
82 87 47
82 88 20
82 89 58
82 90 58
82 91 88
82 92 28
82 93 82
82 94 14
82 95 89
82 96 8
82 97 5
82 98 30
82 99 43
82 100 49
82 101 91
82 102 92
82 103 24
82 104 90
82 105 92
82 106 18
82 107 16
82 108 21
82 109 47
82 110 3
82 111 64
82 112 56
82 113 61
82 114 57
82 115 87
82 116 44
82 117 1
82 118 79
82 119 15
83 84 66
83 85 16
83 86 88
83 87 75
83 88 9
83 89 60
83 90 47
83 91 23
83 92 43
83 93 57
83 94 11
83 95 38
83 96 49
83 97 97
83 98 96
83 99 85
83 100 60
83 101 32
83 102 38
83 103 91
83 104 21
83 105 2
83 106 10
83 107 84
83 108 45
83 109 39
83 110 84
83 111 26
83 112 70
83 113 32
83 114 81
83 115 96
83 116 40
83 117 74
83 118 86
83 119 51
84 85 31
84 86 51
84 87 66
84 88 46
84 89 49
84 90 15
84 91 78
84 92 4
84 93 13
84 94 20
84 95 72
84 96 48
84 97 58
84 98 87
84 99 1
84 100 63
84 101 92
84 102 90
84 103 67
84 104 67
84 105 41
84 106 73
84 107 80
84 108 6
84 109 66
84 110 76
84 111 89
84 112 9
84 113 35
84 114 13
84 115 50
84 116 78
84 117 6
84 118 76
84 119 45
85 86 27
85 87 53
85 88 27
85 89 63
85 90 81
85 91 10
85 92 18
85 93 77
85 94 3
85 95 16
85 96 86
85 97 3
85 98 16
85 99 65
85 100 37
85 101 22
85 102 70
85 103 76
85 104 47
85 105 86
85 106 67
85 107 30
85 108 14
85 109 27
85 110 9
85 111 77
85 112 13
85 113 85
85 114 17
85 115 92
85 116 32
85 117 82
85 118 11
85 119 92
86 87 18
86 88 27
86 89 81
86 90 70
86 91 91
86 92 76
86 93 22
86 94 54
86 95 84
86 96 39
86 97 36
86 98 53
86 99 44
86 100 52
86 101 96
86 102 38
86 103 6
86 104 26
86 105 62
86 106 6
86 107 25
86 108 81
86 109 58
86 110 96
86 111 51
86 112 43
86 113 77
86 114 8
86 115 26
86 116 52
86 117 37
86 118 31
86 119 25
87 88 34
87 89 9
87 90 90
87 91 60
87 92 99
87 93 66
87 94 49
87 95 65
87 96 75
87 97 50
87 98 73
87 99 99
87 100 58
87 101 5
87 102 37
87 103 57
87 104 85
87 105 15
87 106 94
87 107 67
87 108 47
87 109 25
87 110 6
87 111 94
87 112 50
87 113 83
87 114 18
87 115 4
87 116 24
87 117 7
87 118 37
87 119 91
88 89 74
88 90 37
88 91 10
88 92 42
88 93 72
88 94 12
88 95 51
88 96 55
88 97 92
88 98 38
88 99 78
88 100 88
88 101 17
88 102 6
88 103 91
88 104 46
88 105 74
88 106 52
88 107 27
88 108 50
88 109 6
88 110 6
88 111 91
88 112 5
88 113 40
88 114 75
88 115 46
88 116 48
88 117 91
88 118 15
88 119 37
89 90 14
89 91 93
89 92 15
89 93 20
89 94 100
89 95 9
89 96 91
89 97 81
89 98 10
89 99 79
89 100 53
89 101 7
89 102 33
89 103 27
89 104 24
89 105 72
89 106 53
89 107 40
89 108 62
89 109 54
89 110 95
89 111 55
89 112 98
89 113 63
89 114 63
89 115 74
89 116 31
89 117 18
89 118 81
89 119 42
90 91 99
90 92 67
90 93 6
90 94 54
90 95 46
90 96 38
90 97 93
90 98 48
90 99 64
90 100 18
90 101 93
90 102 20
90 103 22
90 104 7
90 105 86
90 106 7
90 107 100
90 108 23
90 109 70
90 110 68
90 111 100
90 112 41
90 113 48
90 114 30
90 115 5
90 116 92
90 117 51
90 118 43
90 119 76
91 92 62
91 93 92
91 94 77
91 95 5
91 96 60
91 97 69
91 98 74
91 99 57
91 100 26
91 101 84
91 102 44
91 103 52
91 104 55
91 105 52
91 106 70
91 107 94
91 108 70
91 109 7
91 110 36
91 111 97
91 112 74
91 113 94
91 114 5
91 115 48
91 116 99
91 117 100
91 118 50
91 119 2
92 93 34
92 94 34
92 95 33
92 96 22
92 97 60
92 98 49
92 99 52
92 100 3
92 101 77
92 102 51
92 103 23
92 104 93
92 105 38
92 106 94
92 107 52
92 108 28
92 109 41
92 110 45
92 111 62
92 112 59
92 113 2
92 114 6
92 115 22
92 116 17
92 117 77
92 118 78
92 119 33
93 94 55
93 95 32
93 96 69
93 97 72
93 98 15
93 99 45
93 100 63
93 101 7
93 102 60
93 103 44
93 104 37
93 105 21
93 106 25
93 107 85
93 108 37
93 109 53
93 110 77
93 111 33
93 112 38
93 113 21
93 114 13
93 115 44
93 116 51
93 117 25
93 118 29
93 119 7
94 95 1
94 96 68
94 97 6
94 98 57
94 99 45
94 100 17
94 101 51
94 102 6
94 103 18
94 104 70
94 105 52
94 106 20
94 107 24
94 108 77
94 109 76
94 110 89
94 111 27
94 112 2
94 113 64
94 114 15
94 115 95
94 116 30
94 117 23
94 118 72
94 119 100
95 96 14
95 97 7
95 98 29
95 99 64
95 100 28
95 101 71
95 102 31
95 103 26
95 104 98
95 105 83
95 106 27
95 107 83
95 108 77
95 109 44
95 110 80
95 111 41
95 112 49
95 113 12
95 114 60
95 115 12
95 116 70
95 117 23
95 118 50
95 119 95
96 97 84
96 98 100
96 99 27
96 100 10
96 101 66
96 102 87
96 103 2
96 104 7
96 105 57
96 106 45
96 107 83
96 108 4
96 109 89
96 110 74
96 111 9
96 112 85
96 113 32
96 114 44
96 115 73
96 116 56
96 117 34
96 118 70
96 119 71
97 98 93
97 99 29
97 100 65
97 101 44
97 102 14
97 103 58
97 104 76
97 105 63
97 106 60
97 107 97
97 108 27
97 109 46
97 110 69
97 111 76
97 112 11
97 113 4
97 114 81
97 115 33
97 116 88
97 117 54
97 118 47
97 119 34
98 99 70
98 100 22
98 101 57
98 102 40
98 103 95
98 104 88
98 105 20
98 106 16
98 107 50
98 108 94
98 109 56
98 110 44
98 111 25
98 112 19
98 113 95
98 114 46
98 115 70
98 116 29
98 117 73
98 118 62
98 119 54
99 100 44
99 101 34
99 102 48
99 103 100
99 104 84
99 105 1
99 106 38
99 107 52
99 108 24
99 109 46
99 110 64
99 111 10
99 112 72
99 113 92
99 114 51
99 115 10
99 116 34
99 117 36
99 118 52
99 119 85
100 101 99
100 102 61
100 103 38
100 104 47
100 105 84
100 106 68
100 107 100
100 108 86
100 109 99
100 110 78
100 111 6
100 112 25
100 113 54
100 114 20
100 115 85
100 116 73
100 117 83
100 118 80
100 119 84
101 102 37
101 103 51
101 104 57
101 105 54
101 106 4
101 107 98
101 108 90
101 109 78
101 110 73
101 111 40
101 112 67
101 113 4
101 114 46
101 115 74
101 116 37
101 117 96
101 118 18
101 119 92
102 103 74
102 104 17
102 105 60
102 106 64
102 107 97
102 108 89
102 109 65
102 110 90
102 111 44
102 112 33
102 113 6
102 114 25
102 115 90
102 116 48
102 117 66
102 118 8
102 119 84
103 104 65
103 105 84
103 106 74
103 107 59
103 108 24
103 109 59
103 110 41
103 111 35
103 112 88
103 113 99
103 114 70
103 115 86
103 116 86
103 117 81
103 118 40
103 119 19
104 105 100
104 106 34
104 107 11
104 108 48
104 109 62
104 110 11
104 111 55
104 112 96
104 113 72
104 114 41
104 115 38
104 116 88
104 117 24
104 118 10
104 119 41
105 106 87
105 107 89
105 108 8
105 109 28
105 110 21
105 111 39
105 112 78
105 113 19
105 114 47
105 115 17
105 116 40
105 117 59
105 118 47
105 119 6
106 107 52
106 108 74
106 109 38
106 110 41
106 111 31
106 112 29
106 113 46
106 114 53
106 115 82
106 116 85
106 117 89
106 118 87
106 119 55
107 108 19
107 109 39
107 110 13
107 111 37
107 112 54
107 113 84
107 114 31
107 115 26
107 116 68
107 117 1
107 118 7
107 119 27
108 109 47
108 110 97
108 111 56
108 112 45
108 113 2
108 114 18
108 115 73
108 116 22
108 117 75
108 118 88
108 119 15
109 110 54
109 111 11
109 112 47
109 113 56
109 114 28
109 115 73
109 116 75
109 117 48
109 118 14
109 119 28
110 111 19
110 112 54
110 113 36
110 114 70
110 115 5
110 116 5
110 117 57
110 118 14
110 119 53
111 112 36
111 113 100
111 114 89
111 115 75
111 116 41
111 117 61
111 118 33
111 119 66
112 113 23
112 114 15
112 115 16
112 116 100
112 117 24
112 118 57
112 119 100
113 114 34
113 115 12
113 116 23
113 117 27
113 118 47
113 119 99
114 115 17
114 116 75
114 117 80
114 118 78
114 119 51
115 116 49
115 117 11
115 118 2
115 119 79
116 117 2
116 118 28
116 119 49
117 118 95
117 119 85
118 119 84
