120 7140
0 1 7
0 2 58
0 3 40
0 4 56
0 5 44
0 6 88
0 7 6
0 8 51
0 9 20
0 10 19
0 11 88
0 12 59
0 13 53
0 14 14
0 15 85
0 16 45
0 17 85
0 18 4
0 19 96
0 20 2
0 21 93
0 22 74
0 23 52
0 24 72
0 25 77
0 26 98
0 27 98
0 28 93
0 29 75
0 30 37
0 31 10
0 32 32
0 33 7
0 34 94
0 35 50
0 36 61
0 37 88
0 38 79
0 39 16
0 40 22
0 41 80
0 42 54
0 43 81
0 44 74
0 45 10
0 46 8
0 47 83
0 48 99
0 49 85
0 50 98
0 51 59
0 52 94
0 53 89
0 54 8
0 55 73
0 56 84
0 57 60
0 58 76
0 59 24
0 60 85
0 61 44
0 62 66
0 63 77
0 64 78
0 65 29
0 66 32
0 67 18
0 68 95
0 69 71
0 70 78
0 71 77
0 72 43
0 73 39
0 74 87
0 75 67
0 76 19
0 77 93
0 78 9
0 79 56
0 80 59
0 81 80
0 82 93
0 83 16
0 84 93
0 85 8
0 86 61
0 87 22
0 88 74
0 89 38
0 90 17
0 91 10
0 92 3
0 93 24
0 94 80
0 95 40
0 96 4
0 97 100
0 98 58
0 99 54
0 100 21
0 101 26
0 102 9
0 103 93
0 104 32
0 105 21
0 106 87
0 107 22
0 108 23
0 109 83
0 110 36
0 111 4
0 112 36
0 113 70
0 114 56
0 115 83
0 116 85
0 117 31
0 118 48
0 119 91
1 2 100
1 3 100
1 4 42
1 5 7
1 6 34
1 7 22
1 8 70
1 9 92
1 10 18
1 11 67
1 12 30
1 13 22
1 14 88
1 15 60
1 16 73
1 17 95
1 18 4
1 19 12
1 20 6
1 21 31
1 22 16
1 23 92
1 24 96
1 25 67
1 26 28
1 27 24
1 28 67
1 29 15
1 30 41
1 31 46
1 32 18
1 33 31
1 34 55
1 35 60
1 36 63
1 37 58
1 38 81
1 39 70
1 40 86
1 41 18
1 42 5
1 43 12
1 44 46
1 45 66
1 46 7
1 47 2
1 48 52
1 49 55
1 50 90
1 51 5
1 52 76
1 53 34
1 54 88
1 55 9
1 56 14
1 57 21
1 58 63
1 59 99
1 60 4
1 61 19
1 62 96
1 63 32
1 64 90
1 65 46
1 66 82
1 67 88
1 68 64
1 69 57
1 70 11
1 71 33
1 72 90
1 73 6
1 74 73
1 75 52
1 76 64
1 77 96
1 78 7
1 79 8
1 80 20
1 81 70
1 82 3
1 83 43
1 84 3
1 85 96
1 86 100
1 87 44
1 88 43
1 89 7
1 90 18
1 91 70
1 92 68
1 93 31
1 94 87
1 95 71
1 96 38
1 97 18
1 98 66
1 99 47
1 100 15
1 101 87
1 102 35
1 103 3
1 104 85
1 105 14
1 106 11
1 107 84
1 108 23
1 109 64
1 110 60
1 111 29
1 112 46
1 113 60
1 114 22
1 115 60
1 116 73
1 117 48
1 118 10
1 119 96
2 3 23
2 4 45
2 5 48
2 6 9
2 7 3
2 8 34
2 9 13
2 10 84
2 11 18
2 12 13
2 13 55
2 14 96
2 15 80
2 16 33
2 17 27
2 18 34
2 19 2
2 20 37
2 21 50
2 22 43
2 23 51
2 24 100
2 25 40
2 26 27
2 27 9
2 28 47
2 29 40
2 30 89
2 31 11
2 32 26
2 33 91
2 34 30
2 35 27
2 36 77
2 37 25
2 38 98
2 39 15
2 40 24
2 41 97
2 42 38
2 43 58
2 44 47
2 45 74
2 46 2
2 47 83
2 48 88
2 49 40
2 50 7
2 51 23
2 52 27
2 53 77
2 54 1
2 55 61
2 56 63
2 57 77
2 58 18
2 59 6
2 60 64
2 61 96
2 62 23
2 63 29
2 64 17
2 65 24
2 66 18
2 67 30
2 68 37
2 69 75
2 70 92
2 71 73
2 72 44
2 73 1
2 74 40
2 75 72
2 76 61
2 77 28
2 78 10
2 79 100
2 80 36
2 81 11
2 82 29
2 83 56
2 84 94
2 85 30
2 86 2
2 87 13
2 88 40
2 89 29
2 90 67
2 91 54
2 92 72
2 93 53
2 94 12
2 95 70
2 96 97
2 97 1
2 98 6
2 99 98
2 100 76
2 101 66
2 102 55
2 103 24
2 104 13
2 105 57
2 106 89
2 107 46
2 108 76
2 109 39
2 110 59
2 111 19
2 112 38
2 113 22
2 114 33
2 115 56
2 116 4
2 117 100
2 118 54
2 119 88
3 4 63
3 5 18
3 6 15
3 7 58
3 8 30
3 9 48
3 10 98
3 11 17
3 12 23
3 13 58
3 14 98
3 15 100
3 16 100
3 17 61
3 18 88
3 19 27
3 20 6
3 21 25
3 22 89
3 23 74
3 24 44
3 25 89
3 26 52
3 27 17
3 28 62
3 29 6
3 30 39
3 31 11
3 32 8
3 33 37
3 34 37
3 35 33
3 36 44
3 37 36
3 38 53
3 39 15
3 40 93
3 41 35
3 42 85
3 43 65
3 44 6
3 45 13
3 46 20
3 47 17
3 48 76
3 49 50
3 50 95
3 51 53
3 52 2
3 53 61
3 54 71
3 55 24
3 56 81
3 57 7
3 58 3
3 59 57
3 60 54
3 61 24
3 62 32
3 63 88
3 64 39
3 65 52
3 66 44
3 67 34
3 68 5
3 69 53
3 70 13
3 71 73
3 72 70
3 73 54
3 74 53
3 75 23
3 76 25
3 77 41
3 78 39
3 79 89
3 80 37
3 81 75
3 82 24
3 83 91
3 84 72
3 85 73
3 86 51
3 87 32
3 88 12
3 89 70
3 90 26
3 91 28
3 92 85
3 93 12
3 94 3
3 95 18
3 96 91
3 97 90
3 98 34
3 99 44
3 100 73
3 101 73
3 102 20
3 103 64
3 104 42
3 105 68
3 106 42
3 107 41
3 108 83
3 109 15
3 110 54
3 111 50
3 112 70
3 113 65
3 114 74
3 115 80
3 116 15
3 117 33
3 118 46
3 119 19
4 5 49
4 6 98
4 7 76
4 8 20
4 9 18
4 10 87
4 11 62
4 12 59
4 13 91
4 14 2
4 15 95
4 16 31
4 17 77
4 18 4
4 19 92
4 20 27
4 21 61
4 22 8
4 23 32
4 24 60
4 25 47
4 26 52
4 27 35
4 28 78
4 29 91
4 30 13
4 31 94
4 32 76
4 33 97
4 34 90
4 35 43
4 36 96
4 37 57
4 38 8
4 39 63
4 40 7
4 41 29
4 42 69
4 43 55
4 44 78
4 45 95
4 46 54
4 47 88
4 48 47
4 49 1
4 50 81
4 51 9
4 52 45
4 53 99
4 54 44
4 55 74
4 56 69
4 57 47
4 58 26
4 59 58
4 60 84
4 61 19
4 62 93
4 63 33
4 64 75
4 65 52
4 66 5
4 67 86
4 68 39
4 69 52
4 70 17
4 71 31
4 72 33
4 73 36
4 74 33
4 75 74
4 76 84
4 77 47
4 78 29
4 79 21
4 80 27
4 81 8
4 82 65
4 83 89
4 84 50
4 85 53
4 86 24
4 87 15
4 88 31
4 89 90
4 90 68
4 91 83
4 92 99
4 93 87
4 94 88
4 95 100
4 96 36
4 97 79
4 98 14
4 99 60
4 100 6
4 101 48
4 102 38
4 103 42
4 104 15
4 105 11
4 106 27
4 107 87
4 108 11
4 109 100
4 110 32
4 111 38
4 112 66
4 113 55
4 114 64
4 115 25
4 116 35
4 117 87
4 118 6
4 119 34
5 6 93
5 7 52
5 8 80
5 9 35
5 10 35
5 11 46
5 12 43
5 13 18
5 14 90
5 15 13
5 16 92
5 17 77
5 18 82
5 19 95
5 20 95
5 21 77
5 22 67
5 23 41
5 24 75
5 25 23
5 26 79
5 27 65
5 28 18
5 29 56
5 30 20
5 31 40
5 32 29
5 33 4
5 34 5
5 35 13
5 36 31
5 37 53
5 38 53
5 39 91
5 40 84
5 41 88
5 42 69
5 43 20
5 44 62
5 45 41
5 46 88
5 47 37
5 48 89
5 49 48
5 50 53
5 51 79
5 52 23
5 53 82
5 54 80
5 55 99
5 56 57
5 57 55
5 58 23
5 59 14
5 60 83
5 61 98
5 62 90
5 63 22
5 64 69
5 65 93
5 66 98
5 67 2
5 68 78
5 69 3
5 70 100
5 71 21
5 72 2
5 73 84
5 74 52
5 75 38
5 76 61
5 77 40
5 78 66
5 79 86
5 80 44
5 81 60
5 82 87
5 83 80
5 84 95
5 85 11
5 86 17
5 87 50
5 88 5
5 89 91
5 90 89
5 91 6
5 92 38
5 93 22
5 94 36
5 95 3
5 96 100
5 97 65
5 98 99
5 99 35
5 100 36
5 101 76
5 102 74
5 103 28
5 104 69
5 105 15
5 106 73
5 107 20
5 108 14
5 109 16
5 110 19
5 111 11
5 112 27
5 113 11
5 114 96
5 115 25
5 116 11
5 117 3
5 118 67
5 119 5
6 7 96
6 8 51
6 9 72
6 10 30
6 11 32
6 12 23
6 13 70
6 14 14
6 15 7
6 16 87
6 17 47
6 18 88
6 19 15
6 20 2
6 21 31
6 22 100
6 23 21
6 24 85
6 25 10
6 26 33
6 27 93
6 28 70
6 29 72
6 30 26
6 31 10
6 32 29
6 33 37
6 34 80
6 35 87
6 36 91
6 37 58
6 38 83
6 39 48
6 40 70
6 41 79
6 42 56
6 43 47
6 44 54
6 45 43
6 46 83
6 47 1
6 48 68
6 49 16
6 50 62
6 51 84
6 52 2
6 53 66
6 54 91
6 55 44
6 56 12
6 57 64
6 58 93
6 59 41
6 60 70
6 61 47
6 62 51
6 63 59
6 64 13
6 65 11
6 66 85
6 67 54
6 68 44
6 69 40
6 70 21
6 71 7
6 72 31
6 73 10
6 74 72
6 75 85
6 76 35
6 77 22
6 78 48
6 79 94
6 80 60
6 81 4
6 82 71
6 83 54
6 84 15
6 85 23
6 86 52
6 87 58
6 88 79
6 89 11
6 90 38
6 91 26
6 92 18
6 93 86
6 94 48
6 95 74
6 96 28
6 97 52
6 98 67
6 99 50
6 100 49
6 101 28
6 102 95
6 103 31
6 104 81
6 105 96
6 106 100
6 107 67
6 108 5
6 109 11
6 110 95
6 111 81
6 112 72
6 113 58
6 114 61
6 115 60
6 116 15
6 117 11
6 118 91
6 119 45
7 8 11
7 9 35
7 10 21
7 11 44
7 12 50
7 13 10
7 14 12
7 15 64
7 16 53
7 17 4
7 18 89
7 19 46
7 20 10
7 21 54
7 22 39
7 23 74
7 24 2
7 25 83
7 26 36
7 27 4
7 28 29
7 29 23
7 30 72
7 31 24
7 32 67
7 33 73
7 34 64
7 35 26
7 36 86
7 37 24
7 38 61
7 39 30
7 40 71
7 41 13
7 42 2
7 43 74
7 44 69
7 45 57
7 46 24
7 47 82
7 48 14
7 49 64
7 50 34
7 51 64
7 52 52
7 53 51
7 54 12
7 55 37
7 56 41
7 57 96
7 58 87
7 59 15
7 60 39
7 61 91
7 62 58
7 63 36
7 64 22
7 65 100
7 66 87
7 67 5
7 68 54
7 69 25
7 70 14
7 71 39
7 72 75
7 73 54
7 74 31
7 75 26
7 76 6
7 77 29
7 78 37
7 79 14
7 80 69
7 81 44
7 82 85
7 83 26
7 84 24
7 85 20
7 86 23
7 87 25
7 88 43
7 89 49
7 90 65
7 91 57
7 92 98
7 93 89
7 94 7
7 95 40
7 96 94
7 97 56
7 98 79
7 99 47
7 100 40
7 101 44
7 102 80
7 103 11
7 104 69
7 105 71
7 106 58
7 107 52
7 108 81
7 109 26
7 110 64
7 111 66
7 112 76
7 113 87
7 114 47
7 115 82
7 116 66
7 117 77
7 118 77
7 119 1
8 9 89
8 10 32
8 11 38
8 12 55
8 13 60
8 14 14
8 15 88
8 16 90
8 17 59
8 18 32
8 19 70
8 20 93
8 21 42
8 22 82
8 23 85
8 24 21
8 25 42
8 26 92
8 27 18
8 28 82
8 29 90
8 30 2
8 31 39
8 32 75
8 33 12
8 34 50
8 35 90
8 36 11
8 37 9
8 38 20
8 39 25
8 40 55
8 41 30
8 42 40
8 43 60
8 44 75
8 45 4
8 46 49
8 47 1
8 48 71
8 49 28
8 50 53
8 51 19
8 52 42
8 53 95
8 54 81
8 55 96
8 56 11
8 57 1
8 58 9
8 59 63
8 60 6
8 61 59
8 62 2
8 63 73
8 64 86
8 65 83
8 66 98
8 67 14
8 68 53
8 69 75
8 70 17
8 71 1
8 72 100
8 73 38
8 74 9
8 75 87
8 76 43
8 77 53
8 78 15
8 79 89
8 80 77
8 81 91
8 82 61
8 83 90
8 84 59
8 85 55
8 86 89
8 87 65
8 88 63
8 89 40
8 90 25
8 91 51
8 92 37
8 93 53
8 94 30
8 95 25
8 96 65
8 97 58
8 98 46
8 99 85
8 100 44
8 101 60
8 102 80
8 103 49
8 104 91
8 105 16
8 106 49
8 107 3
8 108 67
8 109 51
8 110 26
8 111 24
8 112 23
8 113 45
8 114 57
8 115 82
8 116 88
8 117 39
8 118 56
8 119 83
9 10 49
9 11 78
9 12 55
9 13 68
9 14 55
9 15 17
9 16 29
9 17 68
9 18 51
9 19 72
9 20 74
9 21 39
9 22 26
9 23 48
9 24 10
9 25 3
9 26 37
9 27 16
9 28 15
9 29 15
9 30 62
9 31 46
9 32 47
9 33 53
9 34 90
9 35 77
9 36 67
9 37 12
9 38 26
9 39 25
9 40 25
9 41 42
9 42 97
9 43 4
9 44 25
9 45 93
9 46 90
9 47 16
9 48 92
9 49 3
9 50 39
9 51 13
9 52 35
9 53 5
9 54 62
9 55 46
9 56 34
9 57 59
9 58 23
9 59 2
9 60 91
9 61 98
9 62 29
9 63 15
9 64 6
9 65 82
9 66 54
9 67 22
9 68 18
9 69 45
9 70 23
9 71 65
9 72 81
9 73 45
9 74 25
9 75 8
9 76 4
9 77 97
9 78 45
9 79 97
9 80 47
9 81 33
9 82 75
9 83 6
9 84 88
9 85 38
9 86 67
9 87 60
9 88 83
9 89 53
9 90 13
9 91 92
9 92 3
9 93 63
9 94 70
9 95 27
9 96 47
9 97 95
9 98 41
9 99 77
9 100 99
9 101 100
9 102 42
9 103 14
9 104 87
9 105 68
9 106 53
9 107 71
9 108 1
9 109 91
9 110 78
9 111 46
9 112 25
9 113 67
9 114 88
9 115 22
9 116 55
9 117 38
9 118 62
9 119 56
10 11 18
10 12 32
10 13 9
10 14 48
10 15 34
10 16 55
10 17 77
10 18 49
10 19 86
10 20 78
10 21 13
10 22 42
10 23 19
10 24 15
10 25 30
10 26 70
10 27 49
10 28 82
10 29 31
10 30 10
10 31 95
10 32 84
10 33 26
10 34 77
10 35 7
10 36 11
10 37 68
10 38 52
10 39 10
10 40 95
10 41 96
10 42 96
10 43 21
10 44 43
10 45 51
10 46 56
10 47 28
10 48 60
10 49 17
10 50 69
10 51 85
10 52 38
10 53 19
10 54 56
10 55 98
10 56 70
10 57 29
10 58 90
10 59 63
10 60 11
10 61 12
10 62 23
10 63 99
10 64 60
10 65 58
10 66 87
10 67 82
10 68 8
10 69 85
10 70 56
10 71 25
10 72 57
10 73 25
10 74 47
10 75 51
10 76 95
10 77 61
10 78 73
10 79 68
10 80 28
10 81 60
10 82 59
10 83 46
10 84 63
10 85 41
10 86 45
10 87 55
10 88 43
10 89 90
10 90 30
10 91 45
10 92 38
10 93 47
10 94 48
10 95 28
10 96 82
10 97 53
10 98 63
10 99 72
10 100 77
10 101 51
10 102 57
10 103 47
10 104 43
10 105 98
10 106 84
10 107 79
10 108 67
10 109 59
10 110 47
10 111 80
10 112 44
10 113 60
10 114 85
10 115 24
10 116 27
10 117 16
10 118 65
10 119 26
11 12 90
11 13 90
11 14 69
11 15 96
11 16 11
11 17 16
11 18 87
11 19 93
11 20 57
11 21 55
11 22 45
11 23 19
11 24 41
11 25 16
11 26 47
11 27 57
11 28 34
11 29 66
11 30 31
11 31 19
11 32 45
11 33 15
11 34 45
11 35 85
11 36 23
11 37 90
11 38 3
11 39 34
11 40 41
11 41 42
11 42 23
11 43 94
11 44 17
11 45 53
11 46 98
11 47 39
11 48 75
11 49 53
11 50 94
11 51 73
11 52 72
11 53 8
11 54 60
11 55 88
11 56 2
11 57 1
11 58 20
11 59 45
11 60 89
11 61 41
11 62 53
11 63 34
11 64 13
11 65 21
11 66 39
11 67 22
11 68 68
11 69 78
11 70 25
11 71 100
11 72 89
11 73 20
11 74 6
11 75 49
11 76 50
11 77 30
11 78 70
11 79 74
11 80 22
11 81 73
11 82 73
11 83 37
11 84 81
11 85 26
11 86 55
11 87 61
11 88 33
11 89 78
11 90 80
11 91 33
11 92 80
11 93 54
11 94 96
11 95 36
11 96 92
11 97 69
11 98 1
11 99 20
11 100 30
11 101 61
11 102 24
11 103 30
11 104 79
11 105 23
11 106 37
11 107 36
11 108 95
11 109 74
11 110 59
11 111 73
11 112 7
11 113 81
11 114 99
11 115 71
11 116 88
11 117 96
11 118 43
11 119 43
12 13 72
12 14 1
12 15 55
12 16 23
12 17 61
12 18 7
12 19 68
12 20 34
12 21 26
12 22 48
12 23 67
12 24 23
12 25 19
12 26 4
12 27 14
12 28 56
12 29 50
12 30 60
12 31 25
12 32 92
12 33 37
12 34 11
12 35 33
12 36 4
12 37 14
12 38 40
12 39 66
12 40 6
12 41 24
12 42 64
12 43 72
12 44 78
12 45 9
12 46 39
12 47 26
12 48 95
12 49 54
12 50 77
12 51 61
12 52 26
12 53 21
12 54 24
12 55 34
12 56 11
12 57 52
12 58 17
12 59 96
12 60 94
12 61 43
12 62 8
12 63 66
12 64 79
12 65 59
12 66 67
12 67 16
12 68 50
12 69 40
12 70 20
12 71 11
12 72 31
12 73 79
12 74 76
12 75 61
12 76 30
12 77 42
12 78 58
12 79 49
12 80 38
12 81 67
12 82 75
12 83 94
12 84 92
12 85 38
12 86 59
12 87 44
12 88 56
12 89 47
12 90 80
12 91 78
12 92 44
12 93 49
12 94 58
12 95 49
12 96 12
12 97 64
12 98 22
12 99 53
12 100 50
12 101 48
12 102 16
12 103 58
12 104 24
12 105 64
12 106 22
12 107 49
12 108 5
12 109 89
12 110 51
12 111 20
12 112 8
12 113 59
12 114 44
12 115 74
12 116 92
12 117 6
12 118 7
12 119 32
13 14 76
13 15 88
13 16 48
13 17 14
13 18 24
13 19 3
13 20 94
13 21 9
13 22 17
13 23 17
13 24 12
13 25 55
13 26 16
13 27 1
13 28 22
13 29 47
13 30 1
13 31 38
13 32 5
13 33 63
13 34 53
13 35 30
13 36 24
13 37 51
13 38 32
13 39 96
13 40 44
13 41 56
13 42 37
13 43 34
13 44 41
13 45 29
13 46 45
13 47 80
13 48 97
13 49 38
13 50 69
13 51 1
13 52 7
13 53 40
13 54 38
13 55 12
13 56 28
13 57 66
13 58 26
13 59 87
13 60 29
13 61 82
13 62 36
13 63 93
13 64 33
13 65 85
13 66 17
13 67 34
13 68 79
13 69 91
13 70 94
13 71 87
13 72 30
13 73 45
13 74 15
13 75 63
13 76 72
13 77 63
13 78 25
13 79 95
13 80 64
13 81 32
13 82 76
13 83 62
13 84 40
13 85 69
13 86 70
13 87 28
13 88 16
13 89 40
13 90 44
13 91 70
13 92 50
13 93 33
13 94 78
13 95 48
13 96 71
13 97 24
13 98 41
13 99 56
13 100 5
13 101 59
13 102 51
13 103 59
13 104 16
13 105 51
13 106 66
13 107 59
13 108 70
13 109 75
13 110 3
13 111 21
13 112 47
13 113 88
13 114 25
13 115 38
13 116 11
13 117 31
13 118 55
13 119 24
14 15 60
14 16 86
14 17 90
14 18 19
14 19 11
14 20 39
14 21 54
14 22 23
14 23 95
14 24 87
14 25 80
14 26 53
14 27 94
14 28 25
14 29 18
14 30 12
14 31 23
14 32 82
14 33 33
14 34 98
14 35 46
14 36 63
14 37 8
14 38 34
14 39 14
14 40 93
14 41 83
14 42 42
14 43 67
14 44 7
14 45 23
14 46 1
14 47 72
14 48 15
14 49 52
14 50 75
14 51 64
14 52 18
14 53 39
14 54 34
14 55 7
14 56 84
14 57 83
14 58 97
14 59 78
14 60 30
14 61 42
14 62 93
14 63 16
14 64 94
14 65 41
14 66 84
14 67 20
14 68 8
14 69 74
14 70 22
14 71 94
14 72 25
14 73 86
14 74 39
14 75 25
14 76 27
14 77 16
14 78 28
14 79 92
14 80 2
14 81 52
14 82 77
14 83 55
14 84 62
14 85 33
14 86 100
14 87 50
14 88 68
14 89 55
14 90 98
14 91 28
14 92 6
14 93 90
14 94 91
14 95 87
14 96 59
14 97 96
14 98 55
14 99 1
14 100 96
14 101 27
14 102 62
14 103 45
14 104 18
14 105 10
14 106 67
14 107 72
14 108 21
14 109 49
14 110 91
14 111 4
14 112 49
14 113 69
14 114 32
14 115 96
14 116 99
14 117 72
14 118 18
14 119 15
15 16 85
15 17 10
15 18 78
15 19 46
15 20 24
15 21 51
15 22 41
15 23 9
15 24 14
15 25 76
15 26 16
15 27 86
15 28 46
15 29 44
15 30 19
15 31 30
15 32 20
15 33 55
15 34 13
15 35 83
15 36 15
15 37 76
15 38 57
15 39 95
15 40 17
15 41 7
15 42 88
15 43 74
15 44 49
15 45 71
15 46 16
15 47 23
15 48 98
15 49 83
15 50 92
15 51 59
15 52 36
15 53 89
15 54 3
15 55 49
15 56 16
15 57 17
15 58 25
15 59 38
15 60 78
15 61 94
15 62 79
15 63 6
15 64 43
15 65 75
15 66 37
15 67 94
15 68 73
15 69 86
15 70 86
15 71 29
15 72 12
15 73 35
15 74 2
15 75 16
15 76 36
15 77 81
15 78 100
15 79 84
15 80 6
15 81 35
15 82 1
15 83 27
15 84 28
15 85 60
15 86 74
15 87 48
15 88 81
15 89 17
15 90 8
15 91 35
15 92 96
15 93 8
15 94 53
15 95 84
15 96 7
15 97 64
15 98 30
15 99 26
15 100 50
15 101 25
15 102 99
15 103 67
15 104 86
15 105 18
15 106 71
15 107 68
15 108 78
15 109 78
15 110 62
15 111 34
15 112 19
15 113 34
15 114 73
15 115 15
15 116 64
15 117 100
15 118 9
15 119 97
16 17 68
16 18 86
16 19 57
16 20 93
16 21 96
16 22 60
16 23 45
16 24 83
16 25 52
16 26 25
16 27 30
16 28 73
16 29 57
16 30 25
16 31 99
16 32 39
16 33 65
16 34 23
16 35 28
16 36 64
16 37 55
16 38 57
16 39 62
16 40 84
16 41 27
16 42 2
16 43 36
16 44 86
16 45 95
16 46 56
16 47 36
16 48 36
16 49 11
16 50 41
16 51 49
16 52 3
16 53 57
16 54 15
16 55 58
16 56 54
16 57 74
16 58 88
16 59 37
16 60 22
16 61 26
16 62 31
16 63 39
16 64 10
16 65 52
16 66 19
16 67 89
16 68 99
16 69 78
16 70 35
16 71 51
16 72 78
16 73 93
16 74 16
16 75 75
16 76 8
16 77 14
16 78 47
16 79 95
16 80 52
16 81 41
16 82 20
16 83 97
16 84 94
16 85 92
16 86 4
16 87 74
16 88 32
16 89 13
16 90 79
16 91 78
16 92 90
16 93 97
16 94 78
16 95 1
16 96 5
16 97 5
16 98 10
16 99 47
16 100 56
16 101 70
16 102 59
16 103 1
16 104 98
16 105 66
16 106 27
16 107 28
16 108 31
16 109 60
16 110 86
16 111 25
16 112 12
16 113 14
16 114 17
16 115 65
16 116 47
16 117 72
16 118 64
16 119 46
17 18 13
17 19 83
17 20 4
17 21 51
17 22 20
17 23 13
17 24 37
17 25 33
17 26 92
17 27 6
17 28 52
17 29 88
17 30 96
17 31 42
17 32 18
17 33 36
17 34 50
17 35 44
17 36 84
17 37 48
17 38 22
17 39 18
17 40 39
17 41 39
17 42 55
17 43 38
17 44 34
17 45 95
17 46 57
17 47 8
17 48 74
17 49 79
17 50 3
17 51 12
17 52 34
17 53 23
17 54 88
17 55 31
17 56 54
17 57 46
17 58 55
17 59 96
17 60 5
17 61 2
17 62 62
17 63 80
17 64 94
17 65 62
17 66 22
17 67 59
17 68 59
17 69 74
17 70 6
17 71 100
17 72 20
17 73 72
17 74 87
17 75 99
17 76 70
17 77 100
17 78 47
17 79 17
17 80 61
17 81 20
17 82 93
17 83 91
17 84 3
17 85 99
17 86 47
17 87 12
17 88 91
17 89 77
17 90 11
17 91 7
17 92 16
17 93 70
17 94 66
17 95 75
17 96 10
17 97 42
17 98 34
17 99 9
17 100 91
17 101 54
17 102 79
17 103 38
17 104 91
17 105 62
17 106 5
17 107 80
17 108 81
17 109 53
17 110 31
17 111 34
17 112 27
17 113 27
17 114 68
17 115 49
17 116 89
17 117 44
17 118 61
17 119 36
18 19 1
18 20 30
18 21 50
18 22 69
18 23 4
18 24 75
18 25 51
18 26 99
18 27 87
18 28 84
18 29 10
18 30 71
18 31 21
18 32 23
18 33 23
18 34 68
18 35 75
18 36 16
18 37 6
18 38 81
18 39 97
18 40 77
18 41 76
18 42 19
18 43 35
18 44 25
18 45 68
18 46 34
18 47 39
18 48 66
18 49 100
18 50 43
18 51 47
18 52 45
18 53 100
18 54 90
18 55 73
18 56 28
18 57 40
18 58 17
18 59 62
18 60 55
18 61 62
18 62 75
18 63 20
18 64 24
18 65 83
18 66 36
18 67 92
18 68 79
18 69 20
18 70 95
18 71 3
18 72 59
18 73 32
18 74 58
18 75 81
18 76 84
18 77 22
18 78 50
18 79 21
18 80 51
18 81 48
18 82 41
18 83 96
18 84 60
18 85 42
18 86 67
18 87 4
18 88 17
18 89 39
18 90 45
18 91 8
18 92 2
18 93 62
18 94 84
18 95 14
18 96 5
18 97 60
18 98 30
18 99 54
18 100 98
18 101 51
18 102 31
18 103 34
18 104 81
18 105 25
18 106 93
18 107 78
18 108 14
18 109 95
18 110 31
18 111 58
18 112 37
18 113 89
18 114 30
18 115 63
18 116 55
18 117 36
18 118 89
18 119 14
19 20 90
19 21 52
19 22 39
19 23 3
19 24 95
19 25 86
19 26 30
19 27 13
19 28 6
19 29 14
19 30 67
19 31 59
19 32 96
19 33 34
19 34 60
19 35 90
19 36 8
19 37 27
19 38 97
19 39 48
19 40 99
19 41 73
19 42 5
19 43 95
19 44 98
19 45 46
19 46 95
19 47 81
19 48 71
19 49 49
19 50 48
19 51 1
19 52 6
19 53 57
19 54 32
19 55 78
19 56 10
19 57 33
19 58 82
19 59 77
19 60 92
19 61 40
19 62 48
19 63 44
19 64 58
19 65 41
19 66 100
19 67 86
19 68 97
19 69 13
19 70 17
19 71 13
19 72 87
19 73 50
19 74 24
19 75 76
19 76 100
19 77 1
19 78 7
19 79 4
19 80 78
19 81 83
19 82 62
19 83 89
19 84 42
19 85 45
19 86 42
19 87 57
19 88 60
19 89 49
19 90 17
19 91 17
19 92 52
19 93 14
19 94 63
19 95 46
19 96 36
19 97 12
19 98 83
19 99 57
19 100 21
19 101 35
19 102 37
19 103 18
19 104 89
19 105 11
19 106 70
19 107 78
19 108 93
19 109 66
19 110 97
19 111 63
19 112 87
19 113 28
19 114 30
19 115 80
19 116 61
19 117 51
19 118 92
19 119 99
20 21 3
20 22 7
20 23 85
20 24 52
20 25 30
20 26 81
20 27 69
20 28 72
20 29 66
20 30 95
20 31 88
20 32 80
20 33 16
20 34 16
20 35 67
20 36 34
20 37 77
20 38 7
20 39 57
20 40 57
20 41 78
20 42 63
20 43 54
20 44 82
20 45 10
20 46 63
20 47 97
20 48 33
20 49 94
20 50 78
20 51 20
20 52 4
20 53 99
20 54 60
20 55 2
20 56 50
20 57 17
20 58 60
20 59 53
20 60 18
20 61 28
20 62 24
20 63 49
20 64 80
20 65 69
20 66 86
20 67 88
20 68 59
20 69 96
20 70 80
20 71 92
20 72 16
20 73 41
20 74 84
20 75 6
20 76 73
20 77 75
20 78 30
20 79 55
20 80 22
20 81 51
20 82 18
20 83 91
20 84 27
20 85 92
20 86 66
20 87 62
20 88 56
20 89 37
20 90 17
20 91 30
20 92 9
20 93 60
20 94 36
20 95 94
20 96 85
20 97 83
20 98 77
20 99 80
20 100 50
20 101 9
20 102 48
20 103 14
20 104 27
20 105 48
20 106 46
20 107 46
20 108 25
20 109 3
20 110 82
20 111 21
20 112 3
20 113 11
20 114 42
20 115 72
20 116 47
20 117 48
20 118 78
20 119 89
21 22 87
21 23 41
21 24 36
21 25 60
21 26 33
21 27 65
21 28 4
21 29 77
21 30 78
21 31 76
21 32 83
21 33 44
21 34 76
21 35 38
21 36 26
21 37 13
21 38 34
21 39 58
21 40 40
21 41 50
21 42 11
21 43 14
21 44 8
21 45 56
21 46 90
21 47 69
21 48 16
21 49 49
21 50 23
21 51 40
21 52 82
21 53 88
21 54 28
21 55 38
21 56 52
21 57 91
21 58 29
21 59 95
21 60 50
21 61 84
21 62 81
21 63 71
21 64 89
21 65 82
21 66 64
21 67 74
21 68 86
21 69 66
21 70 98
21 71 82
21 72 59
21 73 72
21 74 62
21 75 44
21 76 53
21 77 66
21 78 67
21 79 100
21 80 34
21 81 55
21 82 6
21 83 54
21 84 34
21 85 71
21 86 17
21 87 34
21 88 30
21 89 59
21 90 7
21 91 34
21 92 5
21 93 17
21 94 42
21 95 16
21 96 85
21 97 45
21 98 59
21 99 15
21 100 98
21 101 29
21 102 74
21 103 41
21 104 52
21 105 97
21 106 66
21 107 5
21 108 42
21 109 95
21 110 33
21 111 11
21 112 30
21 113 100
21 114 48
21 115 77
21 116 91
21 117 76
21 118 69
21 119 43
22 23 10
22 24 7
22 25 99
22 26 21
22 27 45
22 28 28
22 29 49
22 30 76
22 31 28
22 32 57
22 33 17
22 34 30
22 35 97
22 36 50
22 37 98
22 38 66
22 39 92
22 40 81
22 41 70
22 42 1
22 43 49
22 44 11
22 45 98
22 46 7
22 47 95
22 48 40
22 49 50
22 50 61
22 51 49
22 52 69
22 53 77
22 54 29
22 55 25
22 56 85
22 57 91
22 58 1
22 59 89
22 60 6
22 61 68
22 62 40
22 63 97
22 64 14
22 65 74
22 66 36
22 67 13
22 68 27
22 69 62
22 70 50
22 71 55
22 72 98
22 73 54
22 74 4
22 75 52
22 76 22
22 77 96
22 78 98
22 79 92
22 80 54
22 81 4
22 82 18
22 83 81
22 84 9
22 85 55
22 86 83
22 87 85
22 88 100
22 89 13
22 90 12
22 91 8
22 92 64
22 93 48
22 94 53
22 95 15
22 96 17
22 97 10
22 98 50
22 99 46
22 100 15
22 101 95
22 102 48
22 103 50
22 104 40
22 105 28
22 106 92
22 107 56
22 108 5
22 109 68
22 110 19
22 111 20
22 112 29
22 113 7
22 114 16
22 115 76
22 116 91
22 117 25
22 118 90
22 119 86
23 24 73
23 25 46
23 26 57
23 27 92
23 28 76
23 29 94
23 30 78
23 31 24
23 32 88
23 33 5
23 34 88
23 35 65
23 36 66
23 37 92
23 38 33
23 39 75
23 40 35
23 41 78
23 42 22
23 43 26
23 44 78
23 45 44
23 46 69
23 47 97
23 48 20
23 49 62
23 50 91
23 51 37
23 52 63
23 53 68
23 54 21
23 55 43
23 56 57
23 57 74
23 58 42
23 59 79
23 60 23
23 61 74
23 62 16
23 63 54
23 64 15
23 65 65
23 66 40
23 67 50
23 68 6
23 69 49
23 70 74
23 71 88
23 72 77
23 73 19
23 74 85
23 75 50
23 76 40
23 77 49
23 78 70
23 79 70
23 80 34
23 81 67
23 82 81
23 83 96
23 84 9
23 85 68
23 86 49
23 87 67
23 88 81
23 89 79
23 90 73
23 91 62
23 92 30
23 93 69
23 94 63
23 95 88
23 96 68
23 97 41
23 98 23
23 99 84
23 100 56
23 101 86
23 102 74
23 103 89
23 104 59
23 105 100
23 106 77
23 107 33
23 108 69
23 109 59
23 110 27
23 111 77
23 112 27
23 113 94
23 114 65
23 115 35
23 116 48
23 117 87
23 118 82
23 119 55
24 25 63
24 26 86
24 27 39
24 28 52
24 29 79
24 30 68
24 31 5
24 32 53
24 33 21
24 34 20
24 35 59
24 36 87
24 37 29
24 38 6
24 39 23
24 40 54
24 41 61
24 42 97
24 43 5
24 44 2
24 45 8
24 46 14
24 47 63
24 48 24
24 49 45
24 50 17
24 51 99
24 52 41
24 53 35
24 54 52
24 55 61
24 56 87
24 57 14
24 58 9
24 59 71
24 60 74
24 61 90
24 62 21
24 63 36
24 64 25
24 65 19
24 66 50
24 67 85
24 68 60
24 69 59
24 70 100
24 71 18
24 72 72
24 73 14
24 74 86
24 75 66
24 76 29
24 77 1
24 78 85
24 79 79
24 80 27
24 81 25
24 82 8
24 83 73
24 84 25
24 85 54
24 86 32
24 87 22
24 88 38
24 89 92
24 90 49
24 91 3
24 92 44
24 93 94
24 94 91
24 95 49
24 96 85
24 97 1
24 98 63
24 99 12
24 100 17
24 101 96
24 102 21
24 103 23
24 104 7
24 105 44
24 106 30
24 107 40
24 108 47
24 109 78
24 110 25
24 111 37
24 112 14
24 113 83
24 114 38
24 115 24
24 116 67
24 117 74
24 118 86
24 119 48
25 26 43
25 27 14
25 28 28
25 29 29
25 30 84
25 31 90
25 32 65
25 33 39
25 34 11
25 35 82
25 36 17
25 37 33
25 38 13
25 39 76
25 40 54
25 41 1
25 42 3
25 43 27
25 44 80
25 45 46
25 46 29
25 47 7
25 48 81
25 49 11
25 50 19
25 51 90
25 52 53
25 53 26
25 54 39
25 55 55
25 56 89
25 57 91
25 58 37
25 59 57
25 60 14
25 61 85
25 62 2
25 63 4
25 64 99
25 65 61
25 66 45
25 67 22
25 68 7
25 69 2
25 70 6
25 71 99
25 72 41
25 73 55
25 74 76
25 75 15
25 76 42
25 77 32
25 78 2
25 79 55
25 80 81
25 81 96
25 82 38
25 83 26
25 84 15
25 85 22
25 86 2
25 87 61
25 88 91
25 89 6
25 90 77
25 91 76
25 92 50
25 93 74
25 94 91
25 95 61
25 96 26
25 97 96
25 98 62
25 99 87
25 100 68
25 101 17
25 102 3
25 103 88
25 104 81
25 105 86
25 106 40
25 107 20
25 108 49
25 109 98
25 110 70
25 111 68
25 112 41
25 113 9
25 114 68
25 115 68
25 116 71
25 117 76
25 118 31
25 119 64
26 27 11
26 28 9
26 29 7
26 30 29
26 31 7
26 32 81
26 33 91
26 34 35
26 35 93
26 36 88
26 37 72
26 38 63
26 39 18
26 40 62
26 41 6
26 42 30
26 43 95
26 44 16
26 45 7
26 46 44
26 47 57
26 48 20
26 49 69
26 50 40
26 51 92
26 52 49
26 53 70
26 54 88
26 55 46
26 56 66
26 57 53
26 58 36
26 59 63
26 60 93
26 61 84
26 62 62
26 63 82
26 64 34
26 65 2
26 66 78
26 67 54
26 68 54
26 69 34
26 70 92
26 71 85
26 72 90
26 73 14
26 74 71
26 75 75
26 76 20
26 77 37
26 78 11
26 79 34
26 80 25
26 81 8
26 82 44
26 83 77
26 84 6
26 85 54
26 86 72
26 87 93
26 88 84
26 89 37
26 90 94
26 91 55
26 92 89
26 93 55
26 94 95
26 95 16
26 96 75
26 97 68
26 98 65
26 99 74
26 100 31
26 101 97
26 102 65
26 103 7
26 104 53
26 105 81
26 106 33
26 107 51
26 108 37
26 109 26
26 110 53
26 111 4
26 112 56
26 113 69
26 114 90
26 115 89
26 116 10
26 117 47
26 118 26
26 119 26
27 28 66
27 29 31
27 30 32
27 31 64
27 32 49
27 33 25
27 34 47
27 35 39
27 36 55
27 37 44
27 38 62
27 39 17
27 40 76
27 41 1
27 42 37
27 43 55
27 44 55
27 45 73
27 46 7
27 47 14
27 48 61
27 49 5
27 50 36
27 51 38
27 52 69
27 53 93
27 54 24
27 55 59
27 56 22
27 57 1
27 58 15
27 59 71
27 60 22
27 61 59
27 62 82
27 63 44
27 64 4
27 65 11
27 66 90
27 67 20
27 68 51
27 69 47
27 70 57
27 71 1
27 72 99
27 73 3
27 74 53
27 75 63
27 76 66
27 77 91
27 78 99
27 79 73
27 80 19
27 81 13
27 82 15
27 83 92
27 84 29
27 85 48
27 86 58
27 87 60
27 88 55
27 89 35
27 90 73
27 91 1
27 92 27
27 93 98
27 94 5
27 95 7
27 96 81
27 97 27
27 98 36
27 99 60
27 100 83
27 101 46
27 102 65
27 103 32
27 104 61
27 105 73
27 106 51
27 107 40
27 108 95
27 109 54
27 110 66
27 111 53
27 112 91
27 113 54
27 114 44
27 115 16
27 116 57
27 117 55
27 118 4
27 119 97
28 29 21
28 30 21
28 31 82
28 32 91
28 33 66
28 34 22
28 35 19
28 36 22
28 37 56
28 38 28
28 39 99
28 40 7
28 41 2
28 42 58
28 43 29
28 44 55
28 45 67
28 46 1
28 47 99
28 48 55
28 49 57
28 50 36
28 51 71
28 52 60
28 53 51
28 54 42
28 55 69
28 56 17
28 57 13
28 58 59
28 59 62
28 60 66
28 61 50
28 62 48
28 63 67
28 64 88
28 65 79
28 66 14
28 67 38
28 68 86
28 69 96
28 70 45
28 71 8
28 72 64
28 73 84
28 74 77
28 75 32
28 76 9
28 77 10
28 78 43
28 79 11
28 80 16
28 81 6
28 82 63
28 83 13
28 84 43
28 85 1
28 86 72
28 87 70
28 88 63
28 89 60
28 90 76
28 91 74
28 92 58
28 93 63
28 94 6
28 95 43
28 96 29
28 97 40
28 98 77
28 99 73
28 100 68
28 101 90
28 102 78
28 103 70
28 104 52
28 105 63
28 106 11
28 107 7
28 108 89
28 109 84
28 110 56
28 111 38
28 112 18
28 113 60
28 114 8
28 115 47
28 116 49
28 117 28
28 118 61
28 119 80
29 30 71
29 31 39
29 32 77
29 33 88
29 34 60
29 35 22
29 36 44
29 37 98
29 38 84
29 39 63
29 40 8
29 41 17
29 42 99
29 43 65
29 44 51
29 45 52
29 46 31
29 47 78
29 48 51
29 49 97
29 50 10
29 51 26
29 52 53
29 53 21
29 54 56
29 55 45
29 56 83
29 57 26
29 58 89
29 59 88
29 60 73
29 61 3
29 62 50
29 63 53
29 64 20
29 65 79
29 66 100
29 67 78
29 68 12
29 69 5
29 70 82
29 71 3
29 72 69
29 73 90
29 74 79
29 75 18
29 76 40
29 77 49
29 78 44
29 79 44
29 80 86
29 81 81
29 82 28
29 83 46
29 84 6
29 85 65
29 86 52
29 87 49
29 88 33
29 89 2
29 90 76
29 91 6
29 92 56
29 93 19
29 94 60
29 95 10
29 96 39
29 97 14
29 98 59
29 99 5
29 100 8
29 101 37
29 102 9
29 103 52
29 104 13
29 105 96
29 106 11
29 107 74
29 108 33
29 109 30
29 110 10
29 111 60
29 112 15
29 113 41
29 114 49
29 115 42
29 116 84
29 117 57
29 118 17
29 119 8
30 31 93
30 32 19
30 33 65
30 34 79
30 35 28
30 36 24
30 37 52
30 38 89
30 39 87
30 40 86
30 41 72
30 42 20
30 43 14
30 44 76
30 45 7
30 46 5
30 47 96
30 48 63
30 49 13
30 50 65
30 51 19
30 52 5
30 53 25
30 54 41
30 55 17
30 56 33
30 57 21
30 58 32
30 59 93
30 60 79
30 61 84
30 62 90
30 63 88
30 64 13
30 65 50
30 66 33
30 67 28
30 68 93
30 69 32
30 70 31
30 71 79
30 72 89
30 73 9
30 74 20
30 75 76
30 76 76
30 77 78
30 78 15
30 79 45
30 80 14
30 81 46
30 82 74
30 83 27
30 84 3
30 85 92
30 86 77
30 87 2
30 88 79
30 89 95
30 90 4
30 91 17
30 92 19
30 93 64
30 94 64
30 95 57
30 96 36
30 97 7
30 98 23
30 99 68
30 100 23
30 101 18
30 102 8
30 103 36
30 104 5
30 105 45
30 106 5
30 107 12
30 108 10
30 109 9
30 110 1
30 111 75
30 112 77
30 113 73
30 114 20
30 115 95
30 116 90
30 117 92
30 118 89
30 119 10
31 32 66
31 33 59
31 34 44
31 35 7
31 36 55
31 37 40
31 38 90
31 39 17
31 40 5
31 41 41
31 42 74
31 43 80
31 44 50
31 45 69
31 46 48
31 47 91
31 48 5
31 49 85
31 50 20
31 51 87
31 52 53
31 53 77
31 54 57
31 55 98
31 56 89
31 57 8
31 58 31
31 59 64
31 60 90
31 61 68
31 62 87
31 63 96
31 64 12
31 65 90
31 66 26
31 67 93
31 68 49
31 69 33
31 70 76
31 71 49
31 72 59
31 73 12
31 74 26
31 75 60
31 76 18
31 77 41
31 78 96
31 79 18
31 80 2
31 81 17
31 82 99
31 83 40
31 84 3
31 85 95
31 86 5
31 87 12
31 88 65
31 89 51
31 90 5
31 91 84
31 92 78
31 93 60
31 94 16
31 95 66
31 96 29
31 97 3
31 98 41
31 99 80
31 100 50
31 101 98
31 102 80
31 103 93
31 104 90
31 105 88
31 106 8
31 107 15
31 108 85
31 109 11
31 110 56
31 111 60
31 112 70
31 113 16
31 114 1
31 115 64
31 116 79
31 117 59
31 118 8
31 119 20
32 33 5
32 34 12
32 35 88
32 36 89
32 37 59
32 38 93
32 39 80
32 40 30
32 41 31
32 42 35
32 43 17
32 44 44
32 45 94
32 46 24
32 47 46
32 48 64
32 49 50
32 50 40
32 51 36
32 52 21
32 53 88
32 54 22
32 55 57
32 56 18
32 57 31
32 58 21
32 59 58
32 60 80
32 61 66
32 62 83
32 63 49
32 64 47
32 65 58
32 66 17
32 67 33
32 68 74
32 69 6
32 70 99
32 71 36
32 72 77
32 73 20
32 74 14
32 75 45
32 76 28
32 77 93
32 78 47
32 79 22
32 80 75
32 81 21
32 82 57
32 83 21
32 84 22
32 85 49
32 86 60
32 87 58
32 88 48
32 89 95
32 90 63
32 91 48
32 92 51
32 93 97
32 94 91
32 95 82
32 96 89
32 97 42
32 98 14
32 99 46
32 100 59
32 101 73
32 102 55
32 103 83
32 104 83
32 105 85
32 106 7
32 107 40
32 108 29
32 109 13
32 110 59
32 111 99
32 112 55
32 113 75
32 114 100
32 115 100
32 116 52
32 117 23
32 118 13
32 119 79
33 34 86
33 35 74
33 36 99
33 37 68
33 38 6
33 39 92
33 40 78
33 41 51
33 42 12
33 43 23
33 44 24
33 45 25
33 46 86
33 47 89
33 48 15
33 49 67
33 50 27
33 51 91
33 52 29
33 53 56
33 54 9
33 55 61
33 56 57
33 57 91
33 58 4
33 59 90
33 60 12
33 61 13
33 62 1
33 63 1
33 64 42
33 65 75
33 66 53
33 67 70
33 68 32
33 69 45
33 70 85
33 71 49
33 72 54
33 73 64
33 74 8
33 75 99
33 76 91
33 77 90
33 78 63
33 79 68
33 80 58
33 81 24
33 82 74
33 83 51
33 84 31
33 85 98
33 86 87
33 87 15
33 88 22
33 89 96
33 90 52
33 91 99
33 92 86
33 93 78
33 94 79
33 95 68
33 96 18
33 97 26
33 98 55
33 99 37
33 100 13
33 101 14
33 102 61
33 103 10
33 104 27
33 105 6
33 106 49
33 107 76
33 108 38
33 109 2
33 110 40
33 111 34
33 112 41
33 113 26
33 114 36
33 115 69
33 116 10
33 117 60
33 118 47
33 119 67
34 35 55
34 36 30
34 37 2
34 38 34
34 39 83
34 40 74
34 41 82
34 42 15
34 43 32
34 44 85
34 45 32
34 46 28
34 47 30
34 48 68
34 49 28
34 50 57
34 51 99
34 52 88
34 53 1
34 54 15
34 55 2
34 56 19
34 57 52
34 58 91
34 59 47
34 60 47
34 61 94
34 62 47
34 63 94
34 64 7
34 65 37
34 66 36
34 67 85
34 68 65
34 69 35
34 70 84
34 71 78
34 72 79
34 73 50
34 74 66
34 75 75
34 76 17
34 77 72
34 78 25
34 79 1
34 80 33
34 81 58
34 82 97
34 83 77
34 84 40
34 85 49
34 86 88
34 87 30
34 88 94
34 89 51
34 90 52
34 91 60
34 92 45
34 93 85
34 94 30
34 95 80
34 96 42
34 97 97
34 98 36
34 99 63
34 100 99
34 101 39
34 102 12
34 103 66
34 104 69
34 105 99
34 106 95
34 107 15
34 108 9
34 109 10
34 110 4
34 111 98
34 112 26
34 113 31
34 114 94
34 115 82
34 116 78
34 117 50
34 118 21
34 119 42
35 36 85
35 37 72
35 38 94
35 39 10
35 40 77
35 41 46
35 42 60
35 43 85
35 44 83
35 45 89
35 46 62
35 47 30
35 48 62
35 49 74
35 50 51
35 51 50
35 52 76
35 53 97
35 54 21
35 55 46
35 56 66
35 57 79
35 58 19
35 59 13
35 60 1
35 61 1
35 62 15
35 63 89
35 64 84
35 65 96
35 66 28
35 67 16
35 68 66
35 69 32
35 70 12
35 71 74
35 72 30
35 73 90
35 74 20
35 75 85
35 76 59
35 77 68
35 78 38
35 79 100
35 80 65
35 81 88
35 82 2
35 83 88
35 84 33
35 85 35
35 86 32
35 87 3
35 88 56
35 89 10
35 90 88
35 91 51
35 92 19
35 93 15
35 94 10
35 95 34
35 96 85
35 97 86
35 98 86
35 99 4
35 100 100
35 101 92
35 102 45
35 103 74
35 104 93
35 105 9
35 106 58
35 107 75
35 108 19
35 109 94
35 110 84
35 111 46
35 112 27
35 113 72
35 114 71
35 115 86
35 116 42
35 117 87
35 118 87
35 119 42
36 37 88
36 38 89
36 39 7
36 40 20
36 41 67
36 42 37
36 43 92
36 44 64
36 45 83
36 46 13
36 47 65
36 48 17
36 49 24
36 50 23
36 51 14
36 52 2
36 53 25
36 54 28
36 55 74
36 56 42
36 57 94
36 58 88
36 59 1
36 60 55
36 61 7
36 62 43
36 63 39
36 64 49
36 65 50
36 66 57
36 67 58
36 68 75
36 69 72
36 70 94
36 71 77
36 72 7
36 73 44
36 74 73
36 75 60
36 76 55
36 77 11
36 78 99
36 79 62
36 80 97
36 81 64
36 82 18
36 83 55
36 84 81
36 85 78
36 86 94
36 87 45
36 88 94
36 89 42
36 90 5
36 91 4
36 92 75
36 93 23
36 94 24
36 95 40
36 96 24
36 97 2
36 98 68
36 99 1
36 100 27
36 101 8
36 102 89
36 103 73
36 104 51
36 105 59
36 106 35
36 107 67
36 108 14
36 109 58
36 110 80
36 111 18
36 112 79
36 113 19
36 114 45
36 115 11
36 116 4
36 117 84
36 118 21
36 119 58
37 38 50
37 39 94
37 40 7
37 41 16
37 42 89
37 43 40
37 44 98
37 45 41
37 46 72
37 47 94
37 48 83
37 49 83
37 50 92
37 51 78
37 52 57
37 53 39
37 54 39
37 55 49
37 56 9
37 57 52
37 58 26
37 59 46
37 60 47
37 61 18
37 62 56
37 63 48
37 64 99
37 65 4
37 66 23
37 67 74
37 68 42
37 69 43
37 70 27
37 71 63
37 72 71
37 73 30
37 74 50
37 75 59
37 76 93
37 77 16
37 78 53
37 79 37
37 80 84
37 81 4
37 82 50
37 83 83
37 84 1
37 85 72
37 86 28
37 87 39
37 88 98
37 89 96
37 90 93
37 91 74
37 92 56
37 93 60
37 94 6
37 95 10
37 96 73
37 97 35
37 98 56
37 99 52
37 100 25
37 101 1
37 102 61
37 103 82
37 104 67
37 105 20
37 106 23
37 107 63
37 108 57
37 109 96
37 110 96
37 111 10
37 112 17
37 113 4
37 114 46
37 115 52
37 116 29
37 117 7
37 118 56
37 119 10
38 39 22
38 40 21
38 41 68
38 42 29
38 43 1
38 44 73
38 45 70
38 46 79
38 47 54
38 48 93
38 49 64
38 50 40
38 51 40
38 52 99
38 53 79
38 54 91
38 55 42
38 56 91
38 57 47
38 58 90
38 59 85
38 60 8
38 61 24
38 62 26
38 63 87
38 64 50
38 65 58
38 66 62
38 67 26
38 68 10
38 69 20
38 70 32
38 71 20
38 72 82
38 73 18
38 74 18
38 75 25
38 76 29
38 77 44
38 78 98
38 79 7
38 80 85
38 81 10
38 82 22
38 83 72
38 84 89
38 85 25
38 86 54
38 87 91
38 88 46
38 89 72
38 90 39
38 91 6
38 92 85
38 93 36
38 94 65
38 95 55
38 96 79
38 97 96
38 98 32
38 99 86
38 100 64
38 101 2
38 102 9
38 103 6
38 104 37
38 105 28
38 106 92
38 107 10
38 108 21
38 109 63
38 110 83
38 111 36
38 112 91
38 113 57
38 114 49
38 115 54
38 116 78
38 117 25
38 118 12
38 119 16
39 40 36
39 41 78
39 42 54
39 43 65
39 44 78
39 45 24
39 46 16
39 47 47
39 48 49
39 49 35
39 50 42
39 51 5
39 52 64
39 53 6
39 54 29
39 55 98
39 56 28
39 57 53
39 58 93
39 59 35
39 60 16
39 61 36
39 62 33
39 63 28
39 64 31
39 65 66
39 66 71
39 67 95
39 68 98
39 69 47
39 70 11
39 71 27
39 72 30
39 73 89
39 74 24
39 75 87
39 76 51
39 77 20
39 78 29
39 79 53
39 80 86
39 81 68
39 82 24
39 83 28
39 84 56
39 85 95
39 86 26
39 87 89
39 88 55
39 89 84
39 90 18
39 91 95
39 92 26
39 93 10
39 94 94
39 95 16
39 96 82
39 97 76
39 98 51
39 99 90
39 100 36
39 101 64
39 102 4
39 103 53
39 104 82
39 105 65
39 106 93
39 107 95
39 108 41
39 109 79
39 110 44
39 111 19
39 112 16
39 113 47
39 114 68
39 115 66
39 116 84
39 117 79
39 118 63
39 119 80
40 41 41
40 42 94
40 43 35
40 44 83
40 45 4
40 46 18
40 47 12
40 48 32
40 49 61
40 50 6
40 51 4
40 52 11
40 53 82
40 54 59
40 55 72
40 56 21
40 57 40
40 58 80
40 59 87
40 60 43
40 61 70
40 62 75
40 63 37
40 64 5
40 65 74
40 66 78
40 67 39
40 68 53
40 69 34
40 70 71
40 71 75
40 72 12
40 73 13
40 74 53
40 75 53
40 76 82
40 77 25
40 78 22
40 79 15
40 80 1
40 81 84
40 82 75
40 83 81
40 84 55
40 85 70
40 86 89
40 87 77
40 88 34
40 89 1
40 90 67
40 91 61
40 92 23
40 93 55
40 94 71
40 95 82
40 96 12
40 97 6
40 98 89
40 99 15
40 100 74
40 101 39
40 102 28
40 103 3
40 104 54
40 105 31
40 106 62
40 107 29
40 108 12
40 109 49
40 110 82
40 111 66
40 112 65
40 113 65
40 114 76
40 115 2
40 116 89
40 117 49
40 118 75
40 119 62
41 42 83
41 43 8
41 44 80
41 45 99
41 46 28
41 47 42
41 48 53
41 49 55
41 50 98
41 51 44
41 52 78
41 53 47
41 54 99
41 55 53
41 56 41
41 57 75
41 58 69
41 59 54
41 60 18
41 61 24
41 62 6
41 63 51
41 64 40
41 65 100
41 66 31
41 67 77
41 68 65
41 69 42
41 70 6
41 71 44
41 72 53
41 73 92
41 74 63
41 75 82
41 76 10
41 77 73
41 78 64
41 79 28
41 80 89
41 81 5
41 82 26
41 83 85
41 84 85
41 85 98
41 86 79
41 87 18
41 88 87
41 89 86
41 90 41
41 91 18
41 92 19
41 93 5
41 94 15
41 95 14
41 96 14
41 97 61
41 98 44
41 99 40
41 100 40
41 101 80
41 102 23
41 103 43
41 104 1
41 105 67
41 106 100
41 107 20
41 108 71
41 109 71
41 110 3
41 111 10
41 112 50
41 113 45
41 114 28
41 115 35
41 116 86
41 117 50
41 118 15
41 119 83
42 43 61
42 44 85
42 45 89
42 46 100
42 47 6
42 48 50
42 49 28
42 50 41
42 51 11
42 52 26
42 53 89
42 54 18
42 55 37
42 56 70
42 57 20
42 58 22
42 59 99
42 60 9
42 61 89
42 62 57
42 63 45
42 64 70
42 65 30
42 66 44
42 67 6
42 68 51
42 69 44
42 70 10
42 71 95
42 72 23
42 73 27
42 74 98
42 75 8
42 76 36
42 77 13
42 78 30
42 79 50
42 80 17
42 81 1
42 82 33
42 83 63
42 84 10
42 85 40
42 86 91
42 87 72
42 88 12
42 89 33
42 90 29
42 91 92
42 92 99
42 93 18
42 94 22
42 95 86
42 96 10
42 97 36
42 98 10
42 99 57
42 100 87
42 101 12
42 102 64
42 103 56
42 104 17
42 105 3
42 106 48
42 107 2
42 108 35
42 109 75
42 110 6
42 111 26
42 112 2
42 113 28
42 114 90
42 115 16
42 116 45
42 117 2
42 118 27
42 119 82
43 44 9
43 45 23
43 46 43
43 47 62
43 48 76
43 49 71
43 50 67
43 51 89
43 52 25
43 53 79
43 54 89
43 55 48
43 56 9
43 57 40
43 58 33
43 59 11
43 60 83
43 61 41
43 62 2
43 63 17
43 64 82
43 65 70
43 66 23
43 67 71
43 68 21
43 69 16
43 70 90
43 71 10
43 72 8
43 73 1
43 74 16
43 75 48
43 76 78
43 77 39
43 78 24
43 79 84
43 80 25
43 81 9
43 82 15
43 83 91
43 84 100
43 85 5
43 86 53
43 87 31
43 88 76
43 89 7
43 90 11
43 91 59
43 92 69
43 93 22
43 94 45
43 95 77
43 96 28
43 97 92
43 98 97
43 99 38
43 100 57
43 101 50
43 102 46
43 103 90
43 104 89
43 105 11
43 106 46
43 107 21
43 108 16
43 109 37
43 110 99
43 111 5
43 112 2
43 113 71
43 114 64
43 115 62
43 116 77
43 117 3
43 118 20
43 119 9
44 45 32
44 46 51
44 47 53
44 48 22
44 49 22
44 50 84
44 51 76
44 52 39
44 53 49
44 54 64
44 55 93
44 56 12
44 57 39
44 58 95
44 59 4
44 60 62
44 61 79
44 62 67
44 63 47
44 64 47
44 65 71
44 66 61
44 67 53
44 68 6
44 69 37
44 70 51
44 71 46
44 72 57
44 73 70
44 74 55
44 75 39
44 76 21
44 77 92
44 78 28
44 79 31
44 80 84
44 81 17
44 82 19
44 83 51
44 84 98
44 85 81
44 86 62
44 87 2
44 88 23
44 89 55
44 90 55
44 91 44
44 92 64
44 93 96
44 94 37
44 95 14
44 96 26
44 97 46
44 98 41
44 99 64
44 100 58
44 101 4
44 102 69
44 103 95
44 104 22
44 105 49
44 106 84
44 107 45
44 108 38
44 109 95
44 110 74
44 111 17
44 112 62
44 113 75
44 114 58
44 115 32
44 116 56
44 117 39
44 118 17
44 119 95
45 46 33
45 47 41
45 48 70
45 49 87
45 50 34
45 51 45
45 52 68
45 53 12
45 54 56
45 55 86
45 56 79
45 57 88
45 58 54
45 59 92
45 60 47
45 61 43
45 62 56
45 63 62
45 64 72
45 65 15
45 66 80
45 67 4
45 68 73
45 69 3
45 70 88
45 71 75
45 72 78
45 73 28
45 74 61
45 75 44
45 76 5
45 77 98
45 78 52
45 79 84
45 80 33
45 81 30
45 82 83
45 83 56
45 84 26
45 85 23
45 86 50
45 87 33
45 88 12
45 89 15
45 90 69
45 91 97
45 92 80
45 93 8
45 94 31
45 95 16
45 96 48
45 97 56
45 98 23
45 99 57
45 100 88
45 101 29
45 102 45
45 103 58
45 104 99
45 105 32
45 106 57
45 107 73
45 108 63
45 109 89
45 110 23
45 111 30
45 112 90
45 113 19
45 114 37
45 115 7
45 116 37
45 117 21
45 118 29
45 119 67
46 47 16
46 48 15
46 49 27
46 50 83
46 51 62
46 52 91
46 53 50
46 54 99
46 55 32
46 56 100
46 57 90
46 58 84
46 59 95
46 60 54
46 61 2
46 62 68
46 63 17
46 64 40
46 65 34
46 66 36
46 67 68
46 68 29
46 69 88
46 70 12
46 71 95
46 72 62
46 73 12
46 74 17
46 75 5
46 76 2
46 77 84
46 78 87
46 79 84
46 80 93
46 81 13
46 82 57
46 83 50
46 84 99
46 85 94
46 86 82
46 87 86
46 88 69
46 89 98
46 90 82
46 91 100
46 92 95
46 93 95
46 94 8
46 95 53
46 96 52
46 97 70
46 98 38
46 99 3
46 100 95
46 101 2
46 102 35
46 103 44
46 104 56
46 105 28
46 106 60
46 107 23
46 108 91
46 109 34
46 110 54
46 111 24
46 112 52
46 113 92
46 114 32
46 115 50
46 116 89
46 117 84
46 118 52
46 119 68
47 48 35
47 49 76
47 50 83
47 51 12
47 52 52
47 53 71
47 54 79
47 55 64
47 56 62
47 57 89
47 58 35
47 59 21
47 60 94
47 61 99
47 62 35
47 63 24
47 64 74
47 65 68
47 66 29
47 67 3
47 68 38
47 69 80
47 70 1
47 71 10
47 72 29
47 73 32
47 74 98
47 75 17
47 76 32
47 77 36
47 78 3
47 79 53
47 80 10
47 81 30
47 82 71
47 83 31
47 84 82
47 85 93
47 86 21
47 87 60
47 88 27
47 89 58
47 90 2
47 91 93
47 92 79
47 93 84
47 94 64
47 95 51
47 96 16
47 97 38
47 98 45
47 99 16
47 100 54
47 101 27
47 102 18
47 103 61
47 104 72
47 105 20
47 106 63
47 107 44
47 108 26
47 109 5
47 110 11
47 111 78
47 112 7
47 113 68
47 114 87
47 115 28
47 116 46
47 117 100
47 118 91
47 119 53
48 49 17
48 50 33
48 51 69
48 52 6
48 53 23
48 54 39
48 55 53
48 56 64
48 57 40
48 58 44
48 59 67
48 60 17
48 61 9
48 62 70
48 63 28
48 64 86
48 65 5
48 66 77
48 67 50
48 68 9
48 69 76
48 70 37
48 71 87
48 72 80
48 73 41
48 74 2
48 75 7
48 76 85
48 77 73
48 78 90
48 79 67
48 80 95
48 81 94
48 82 35
48 83 12
48 84 18
48 85 63
48 86 76
48 87 34
48 88 97
48 89 44
48 90 83
48 91 79
48 92 1
48 93 65
48 94 72
48 95 46
48 96 89
48 97 57
48 98 46
48 99 57
48 100 59
48 101 59
48 102 61
48 103 46
48 104 56
48 105 5
48 106 82
48 107 88
48 108 42
48 109 20
48 110 49
48 111 15
48 112 48
48 113 80
48 114 49
48 115 29
48 116 44
48 117 83
48 118 56
48 119 42
49 50 25
49 51 32
49 52 4
49 53 14
49 54 9
49 55 2
49 56 49
49 57 83
49 58 47
49 59 42
49 60 85
49 61 21
49 62 91
49 63 55
49 64 52
49 65 19
49 66 3
49 67 89
49 68 7
49 69 67
49 70 70
49 71 1
49 72 85
49 73 13
49 74 7
49 75 46
49 76 61
49 77 54
49 78 11
49 79 29
49 80 82
49 81 70
49 82 66
49 83 31
49 84 12
49 85 65
49 86 86
49 87 65
49 88 40
49 89 2
49 90 89
49 91 26
49 92 61
49 93 49
49 94 25
49 95 32
49 96 54
49 97 68
49 98 92
49 99 94
49 100 65
49 101 85
49 102 40
49 103 32
49 104 2
49 105 60
49 106 86
49 107 19
49 108 54
49 109 78
49 110 30
49 111 71
49 112 68
49 113 72
49 114 86
49 115 63
49 116 23
49 117 25
49 118 41
49 119 83
50 51 57
50 52 63
50 53 29
50 54 100
50 55 91
50 56 10
50 57 86
50 58 62
50 59 64
50 60 80
50 61 52
50 62 72
50 63 10
50 64 48
50 65 42
50 66 87
50 67 15
50 68 80
50 69 64
50 70 10
50 71 64
50 72 82
50 73 7
50 74 1
50 75 88
50 76 83
50 77 49
50 78 74
50 79 24
50 80 54
50 81 73
50 82 7
50 83 72
50 84 49
50 85 50
50 86 38
50 87 62
50 88 32
50 89 34
50 90 52
50 91 29
50 92 62
50 93 39
50 94 91
50 95 40
50 96 21
50 97 31
50 98 94
50 99 31
50 100 49
50 101 35
50 102 49
50 103 76
50 104 7
50 105 16
50 106 71
50 107 62
50 108 10
50 109 27
50 110 24
50 111 99
50 112 45
50 113 81
50 114 46
50 115 36
50 116 33
50 117 36
50 118 57
50 119 93
51 52 50
51 53 4
51 54 58
51 55 84
51 56 34
51 57 40
51 58 45
51 59 27
51 60 13
51 61 24
51 62 71
51 63 49
51 64 34
51 65 29
51 66 36
51 67 19
51 68 70
51 69 69
51 70 28
51 71 59
51 72 46
51 73 33
51 74 99
51 75 33
51 76 55
51 77 50
51 78 98
51 79 24
51 80 6
51 81 56
51 82 13
51 83 39
51 84 84
51 85 79
51 86 80
51 87 77
51 88 24
51 89 71
51 90 43
51 91 78
51 92 45
51 93 21
51 94 9
51 95 4
51 96 18
51 97 27
51 98 69
51 99 99
51 100 24
51 101 23
51 102 36
51 103 10
51 104 21
51 105 21
51 106 83
51 107 88
51 108 79
51 109 29
51 110 65
51 111 10
51 112 25
51 113 29
51 114 97
51 115 65
51 116 82
51 117 20
51 118 12
51 119 2
52 53 40
52 54 1
52 55 1
52 56 52
52 57 3
52 58 12
52 59 83
52 60 88
52 61 64
52 62 89
52 63 58
52 64 15
52 65 28
52 66 42
52 67 45
52 68 79
52 69 57
52 70 77
52 71 30
52 72 11
52 73 82
52 74 73
52 75 67
52 76 36
52 77 100
52 78 51
52 79 76
52 80 69
52 81 70
52 82 63
52 83 88
52 84 35
52 85 88
52 86 96
52 87 70
52 88 99
52 89 30
52 90 8
52 91 20
52 92 84
52 93 8
52 94 16
52 95 9
52 96 48
52 97 39
52 98 88
52 99 73
52 100 62
52 101 2
52 102 13
52 103 41
52 104 72
52 105 99
52 106 47
52 107 18
52 108 15
52 109 23
52 110 10
52 111 94
52 112 73
52 113 99
52 114 26
52 115 64
52 116 66
52 117 12
52 118 55
52 119 38
53 54 25
53 55 75
53 56 45
53 57 90
53 58 88
53 59 10
53 60 65
53 61 88
53 62 13
53 63 40
53 64 79
53 65 20
53 66 60
53 67 83
53 68 2
53 69 9
53 70 94
53 71 98
53 72 79
53 73 74
53 74 43
53 75 46
53 76 63
53 77 71
53 78 16
53 79 85
53 80 96
53 81 24
53 82 95
53 83 21
53 84 52
53 85 96
53 86 94
53 87 66
53 88 6
53 89 5
53 90 86
53 91 1
53 92 73
53 93 80
53 94 73
53 95 83
53 96 20
53 97 85
53 98 67
53 99 82
53 100 92
53 101 72
53 102 25
53 103 40
53 104 39
53 105 8
53 106 99
53 107 52
53 108 13
53 109 77
53 110 3
53 111 14
53 112 23
53 113 60
53 114 63
53 115 37
53 116 4
53 117 68
53 118 90
53 119 98
54 55 34
54 56 97
54 57 86
54 58 96
54 59 99
54 60 51
54 61 67
54 62 11
54 63 55
54 64 10
54 65 57
54 66 96
54 67 58
54 68 100
54 69 70
54 70 95
54 71 36
54 72 64
54 73 68
54 74 35
54 75 70
54 76 61
54 77 10
54 78 93
54 79 86
54 80 30
54 81 28
54 82 61
54 83 39
54 84 9
54 85 63
54 86 44
54 87 46
54 88 43
54 89 1
54 90 70
54 91 9
54 92 33
54 93 66
54 94 40
54 95 54
54 96 74
54 97 57
54 98 6
54 99 29
54 100 41
54 101 19
54 102 26
54 103 64
54 104 100
54 105 41
54 106 76
54 107 57
54 108 2
54 109 83
54 110 76
54 111 67
54 112 89
54 113 69
54 114 6
54 115 36
54 116 56
54 117 11
54 118 83
54 119 21
55 56 80
55 57 53
55 58 6
55 59 11
55 60 7
55 61 4
55 62 75
55 63 33
55 64 35
55 65 99
55 66 67
55 67 4
55 68 10
55 69 52
55 70 27
55 71 77
55 72 85
55 73 42
55 74 92
55 75 36
55 76 42
55 77 2
55 78 65
55 79 78
55 80 16
55 81 87
55 82 57
55 83 83
55 84 72
55 85 26
55 86 85
55 87 39
55 88 1
55 89 5
55 90 82
55 91 78
55 92 72
55 93 96
55 94 77
55 95 85
55 96 13
55 97 55
55 98 6
55 99 25
55 100 10
55 101 48
55 102 95
55 103 30
55 104 20
55 105 71
55 106 99
55 107 46
55 108 30
55 109 91
55 110 45
55 111 47
55 112 44
55 113 100
55 114 22
55 115 90
55 116 25
55 117 14
55 118 31
55 119 4
56 57 16
56 58 43
56 59 44
56 60 66
56 61 51
56 62 35
56 63 76
56 64 57
56 65 76
56 66 93
56 67 54
56 68 43
56 69 42
56 70 46
56 71 8
56 72 17
56 73 60
56 74 35
56 75 14
56 76 5
56 77 4
56 78 38
56 79 6
56 80 23
56 81 34
56 82 42
56 83 21
56 84 55
56 85 98
56 86 55
56 87 78
56 88 54
56 89 31
56 90 68
56 91 68
56 92 29
56 93 45
56 94 73
56 95 98
56 96 74
56 97 24
56 98 81
56 99 29
56 100 22
56 101 100
56 102 62
56 103 9
56 104 72
56 105 41
56 106 19
56 107 29
56 108 55
56 109 24
56 110 94
56 111 42
56 112 97
56 113 6
56 114 34
56 115 62
56 116 34
56 117 52
56 118 73
56 119 26
57 58 37
57 59 25
57 60 88
57 61 57
57 62 10
57 63 18
57 64 75
57 65 82
57 66 34
57 67 96
57 68 69
57 69 33
57 70 38
57 71 64
57 72 62
57 73 5
57 74 99
57 75 33
57 76 81
57 77 90
57 78 14
57 79 86
57 80 95
57 81 5
57 82 38
57 83 40
57 84 45
57 85 76
57 86 81
57 87 55
57 88 80
57 89 84
57 90 55
57 91 80
57 92 51
57 93 59
57 94 63
57 95 96
57 96 89
57 97 24
57 98 19
57 99 48
57 100 53
57 101 90
57 102 27
57 103 35
57 104 93
57 105 34
57 106 80
57 107 7
57 108 13
57 109 14
57 110 73
57 111 73
57 112 99
57 113 57
57 114 14
57 115 49
57 116 76
57 117 69
57 118 41
57 119 9
58 59 80
58 60 48
58 61 60
58 62 88
58 63 17
58 64 28
58 65 86
58 66 52
58 67 99
58 68 22
58 69 7
58 70 58
58 71 68
58 72 56
58 73 74
58 74 93
58 75 35
58 76 50
58 77 8
58 78 1
58 79 1
58 80 66
58 81 31
58 82 62
58 83 48
58 84 79
58 85 21
58 86 96
58 87 10
58 88 18
58 89 65
58 90 15
58 91 52
58 92 19
58 93 94
58 94 91
58 95 35
58 96 22
58 97 49
58 98 23
58 99 84
58 100 10
58 101 6
58 102 84
58 103 54
58 104 22
58 105 57
58 106 60
58 107 29
58 108 88
58 109 70
58 110 41
58 111 100
58 112 85
58 113 82
58 114 22
58 115 97
58 116 35
58 117 47
58 118 89
58 119 60
59 60 33
59 61 9
59 62 51
59 63 74
59 64 78
59 65 82
59 66 3
59 67 35
59 68 43
59 69 59
59 70 41
59 71 82
59 72 90
59 73 28
59 74 76
59 75 39
59 76 65
59 77 76
59 78 36
59 79 63
59 80 28
59 81 12
59 82 88
59 83 64
59 84 50
59 85 37
59 86 97
59 87 80
59 88 16
59 89 81
59 90 15
59 91 24
59 92 66
59 93 4
59 94 91
59 95 88
59 96 98
59 97 97
59 98 6
59 99 40
59 100 38
59 101 87
59 102 7
59 103 23
59 104 6
59 105 76
59 106 2
59 107 55
59 108 95
59 109 12
59 110 47
59 111 18
59 112 2
59 113 56
59 114 5
59 115 71
59 116 44
59 117 4
59 118 87
59 119 76
60 61 21
60 62 94
60 63 20
60 64 1
60 65 40
60 66 57
60 67 1
60 68 19
60 69 37
60 70 74
60 71 31
60 72 43
60 73 76
60 74 56
60 75 1
60 76 63
60 77 6
60 78 17
60 79 65
60 80 31
60 81 45
60 82 53
60 83 45
60 84 22
60 85 53
60 86 90
60 87 15
60 88 95
60 89 56
60 90 72
60 91 96
60 92 12
60 93 67
60 94 96
60 95 51
60 96 26
60 97 60
60 98 93
60 99 45
60 100 70
60 101 8
60 102 56
60 103 84
60 104 19
60 105 90
60 106 26
60 107 63
60 108 83
60 109 4
60 110 43
60 111 91
60 112 4
60 113 19
60 114 21
60 115 4
60 116 1
60 117 24
60 118 3
60 119 64
61 62 72
61 63 46
61 64 97
61 65 62
61 66 47
61 67 15
61 68 43
61 69 64
61 70 60
61 71 79
61 72 53
61 73 94
61 74 85
61 75 58
61 76 59
61 77 63
61 78 88
61 79 33
61 80 82
61 81 83
61 82 34
61 83 36
61 84 40
61 85 96
61 86 46
61 87 42
61 88 9
61 89 67
61 90 45
61 91 49
61 92 35
61 93 18
61 94 8
61 95 37
61 96 1
61 97 93
61 98 19
61 99 19
61 100 87
61 101 2
61 102 51
61 103 78
61 104 14
61 105 37
61 106 85
61 107 65
61 108 100
61 109 80
61 110 56
61 111 82
61 112 66
61 113 21
61 114 38
61 115 83
61 116 58
61 117 28
61 118 99
61 119 73
62 63 84
62 64 21
62 65 20
62 66 31
62 67 58
62 68 13
62 69 47
62 70 54
62 71 85
62 72 68
62 73 98
62 74 31
62 75 62
62 76 99
62 77 77
62 78 4
62 79 51
62 80 42
62 81 67
62 82 66
62 83 14
62 84 12
62 85 33
62 86 2
62 87 31
62 88 30
62 89 50
62 90 45
62 91 97
62 92 48
62 93 20
62 94 30
62 95 16
62 96 73
62 97 23
62 98 73
62 99 29
62 100 84
62 101 58
62 102 56
62 103 70
62 104 28
62 105 19
62 106 48
62 107 90
62 108 89
62 109 84
62 110 63
62 111 36
62 112 79
62 113 36
62 114 3
62 115 58
62 116 87
62 117 55
62 118 90
62 119 62
63 64 11
63 65 18
63 66 70
63 67 67
63 68 68
63 69 100
63 70 51
63 71 40
63 72 72
63 73 42
63 74 85
63 75 54
63 76 2
63 77 13
63 78 82
63 79 94
63 80 84
63 81 1
63 82 52
63 83 94
63 84 82
63 85 92
63 86 57
63 87 27
63 88 80
63 89 75
63 90 96
63 91 42
63 92 90
63 93 28
63 94 55
63 95 20
63 96 100
63 97 46
63 98 6
63 99 57
63 100 39
63 101 44
63 102 33
63 103 10
63 104 69
63 105 55
63 106 50
63 107 69
63 108 88
63 109 43
63 110 6
63 111 53
63 112 54
63 113 99
63 114 88
63 115 95
63 116 50
63 117 33
63 118 38
63 119 28
64 65 72
64 66 29
64 67 73
64 68 1
64 69 65
64 70 39
64 71 75
64 72 51
64 73 69
64 74 68
64 75 72
64 76 44
64 77 18
64 78 76
64 79 26
64 80 1
64 81 92
64 82 88
64 83 12
64 84 28
64 85 63
64 86 8
64 87 15
64 88 18
64 89 6
64 90 30
64 91 89
64 92 99
64 93 45
64 94 66
64 95 86
64 96 73
64 97 32
64 98 25
64 99 2
64 100 53
64 101 72
64 102 5
64 103 3
64 104 100
64 105 21
64 106 2
64 107 74
64 108 26
64 109 28
64 110 86
64 111 94
64 112 4
64 113 27
64 114 8
64 115 52
64 116 82
64 117 61
64 118 75
64 119 14
65 66 1
65 67 60
65 68 20
65 69 42
65 70 85
65 71 11
65 72 89
65 73 80
65 74 53
65 75 24
65 76 36
65 77 60
65 78 65
65 79 79
65 80 74
65 81 47
65 82 44
65 83 75
65 84 1
65 85 57
65 86 82
65 87 54
65 88 68
65 89 43
65 90 34
65 91 56
65 92 32
65 93 22
65 94 14
65 95 58
65 96 48
65 97 8
65 98 33
65 99 22
65 100 28
65 101 81
65 102 31
65 103 10
65 104 87
65 105 66
65 106 22
65 107 16
65 108 5
65 109 97
65 110 27
65 111 30
65 112 14
65 113 66
65 114 50
65 115 99
65 116 28
65 117 20
65 118 30
65 119 94
66 67 55
66 68 87
66 69 13
66 70 73
66 71 61
66 72 55
66 73 21
66 74 82
66 75 96
66 76 19
66 77 79
66 78 18
66 79 49
66 80 29
66 81 98
66 82 34
66 83 36
66 84 9
66 85 22
66 86 73
66 87 51
66 88 55
66 89 10
66 90 95
66 91 3
66 92 6
66 93 4
66 94 32
66 95 9
66 96 58
66 97 19
66 98 76
66 99 33
66 100 42
66 101 34
66 102 7
66 103 65
66 104 22
66 105 82
66 106 51
66 107 49
66 108 67
66 109 55
66 110 24
66 111 10
66 112 12
66 113 1
66 114 22
66 115 27
66 116 49
66 117 95
66 118 58
66 119 62
67 68 94
67 69 80
67 70 58
67 71 86
67 72 34
67 73 7
67 74 88
67 75 78
67 76 44
67 77 87
67 78 98
67 79 40
67 80 54
67 81 95
67 82 51
67 83 60
67 84 60
67 85 40
67 86 73
67 87 8
67 88 61
67 89 35
67 90 94
67 91 33
67 92 72
67 93 17
67 94 65
67 95 72
67 96 95
67 97 13
67 98 14
67 99 51
67 100 94
67 101 13
67 102 32
67 103 13
67 104 71
67 105 97
67 106 15
67 107 1
67 108 81
67 109 30
67 110 15
67 111 37
67 112 83
67 113 45
67 114 5
67 115 31
67 116 45
67 117 48
67 118 5
67 119 80
68 69 80
68 70 85
68 71 92
68 72 45
68 73 88
68 74 5
68 75 51
68 76 66
68 77 2
68 78 100
68 79 85
68 80 27
68 81 18
68 82 17
68 83 60
68 84 74
68 85 46
68 86 68
68 87 75
68 88 31
68 89 70
68 90 27
68 91 93
68 92 20
68 93 83
68 94 12
68 95 51
68 96 55
68 97 85
68 98 51
68 99 46
68 100 94
68 101 75
68 102 36
68 103 68
68 104 36
68 105 42
68 106 98
68 107 92
68 108 72
68 109 57
68 110 26
68 111 55
68 112 73
68 113 93
68 114 18
68 115 95
68 116 26
68 117 7
68 118 100
68 119 56
69 70 26
69 71 8
69 72 51
69 73 60
69 74 61
69 75 29
69 76 80
69 77 43
69 78 86
69 79 38
69 80 9
69 81 46
69 82 25
69 83 29
69 84 72
69 85 92
69 86 50
69 87 63
69 88 78
69 89 45
69 90 37
69 91 19
69 92 67
69 93 82
69 94 86
69 95 42
69 96 70
69 97 46
69 98 61
69 99 2
69 100 14
69 101 48
69 102 14
69 103 34
69 104 41
69 105 1
69 106 54
69 107 45
69 108 15
69 109 75
69 110 65
69 111 49
69 112 86
69 113 98
69 114 34
69 115 71
69 116 99
69 117 91
69 118 46
69 119 15
70 71 97
70 72 50
70 73 95
70 74 50
70 75 18
70 76 49
70 77 2
70 78 97
70 79 15
70 80 64
70 81 95
70 82 20
70 83 76
70 84 97
70 85 2
70 86 44
70 87 42
70 88 93
70 89 13
70 90 72
70 91 5
70 92 39
70 93 81
70 94 52
70 95 19
70 96 61
70 97 13
70 98 76
70 99 46
70 100 86
70 101 11
70 102 59
70 103 100
70 104 97
70 105 2
70 106 69
70 107 33
70 108 16
70 109 89
70 110 95
70 111 10
70 112 64
70 113 67
70 114 42
70 115 55
70 116 97
70 117 27
70 118 70
70 119 23
71 72 14
71 73 75
71 74 78
71 75 31
71 76 56
71 77 63
71 78 75
71 79 38
71 80 1
71 81 51
71 82 79
71 83 55
71 84 86
71 85 57
71 86 4
71 87 78
71 88 55
71 89 91
71 90 83
71 91 36
71 92 13
71 93 8
71 94 16
71 95 100
71 96 1
71 97 79
71 98 47
71 99 35
71 100 29
71 101 33
71 102 9
71 103 27
71 104 67
71 105 95
71 106 37
71 107 35
71 108 49
71 109 84
71 110 66
71 111 35
71 112 28
71 113 21
71 114 63
71 115 98
71 116 73
71 117 35
71 118 72
71 119 37
72 73 35
72 74 17
72 75 37
72 76 64
72 77 84
72 78 82
72 79 41
72 80 76
72 81 33
72 82 83
72 83 91
72 84 2
72 85 35
72 86 13
72 87 51
72 88 7
72 89 85
72 90 32
72 91 21
72 92 26
72 93 76
72 94 72
72 95 69
72 96 100
72 97 88
72 98 58
72 99 54
72 100 41
72 101 93
72 102 42
72 103 17
72 104 62
72 105 46
72 106 37
72 107 98
72 108 18
72 109 77
72 110 21
72 111 86
72 112 79
72 113 79
72 114 94
72 115 44
72 116 85
72 117 52
72 118 24
72 119 1
73 74 26
73 75 37
73 76 84
73 77 94
73 78 55
73 79 74
73 80 29
73 81 1
73 82 17
73 83 57
73 84 23
73 85 78
73 86 90
73 87 28
73 88 19
73 89 47
73 90 1
73 91 66
73 92 64
73 93 9
73 94 50
73 95 38
73 96 80
73 97 32
73 98 93
73 99 88
73 100 40
73 101 84
73 102 78
73 103 55
73 104 15
73 105 89
73 106 36
73 107 16
73 108 97
73 109 94
73 110 98
73 111 26
73 112 2
73 113 74
73 114 95
73 115 96
73 116 16
73 117 21
73 118 34
73 119 5
74 75 19
74 76 3
74 77 29
74 78 97
74 79 71
74 80 24
74 81 95
74 82 6
74 83 98
74 84 65
74 85 60
74 86 31
74 87 35
74 88 62
74 89 38
74 90 3
74 91 62
74 92 97
74 93 4
74 94 38
74 95 89
74 96 25
74 97 35
74 98 9
74 99 97
74 100 47
74 101 60
74 102 66
74 103 2
74 104 12
74 105 87
74 106 34
74 107 15
74 108 99
74 109 32
74 110 10
74 111 72
74 112 5
74 113 2
74 114 65
74 115 76
74 116 80
74 117 2
74 118 85
74 119 95
75 76 37
75 77 27
75 78 11
75 79 47
75 80 54
75 81 45
75 82 55
75 83 45
75 84 40
75 85 86
75 86 64
75 87 88
75 88 91
75 89 2
75 90 75
75 91 44
75 92 63
75 93 79
75 94 38
75 95 63
75 96 11
75 97 96
75 98 81
75 99 16
75 100 16
75 101 5
75 102 8
75 103 40
75 104 83
75 105 92
75 106 33
75 107 80
75 108 52
75 109 85
75 110 24
75 111 10
75 112 70
75 113 28
75 114 98
75 115 13
75 116 6
75 117 50
75 118 7
75 119 21
76 77 94
76 78 17
76 79 28
76 80 77
76 81 74
76 82 11
76 83 31
76 84 60
76 85 48
76 86 32
76 87 19
76 88 68
76 89 41
76 90 65
76 91 98
76 92 94
76 93 20
76 94 22
76 95 10
76 96 56
76 97 69
76 98 51
76 99 71
76 100 1
76 101 31
76 102 24
76 103 72
76 104 86
76 105 76
76 106 35
76 107 95
76 108 98
76 109 58
76 110 72
76 111 6
76 112 10
76 113 75
76 114 34
76 115 77
76 116 81
76 117 81
76 118 79
76 119 14
77 78 47
77 79 38
77 80 93
77 81 38
77 82 75
77 83 39
77 84 93
77 85 68
77 86 99
77 87 10
77 88 37
77 89 75
77 90 13
77 91 41
77 92 75
77 93 70
77 94 70
77 95 100
77 96 98
77 97 21
77 98 97
77 99 28
77 100 9
77 101 57
77 102 24
77 103 1
77 104 34
77 105 20
77 106 97
77 107 82
77 108 74
77 109 6
77 110 10
77 111 33
77 112 15
77 113 100
77 114 24
77 115 95
77 116 84
77 117 36
77 118 39
77 119 44
78 79 4
78 80 23
78 81 75
78 82 69
78 83 6
78 84 36
78 85 16
78 86 69
78 87 21
78 88 78
78 89 13
78 90 28
78 91 22
78 92 94
78 93 8
78 94 72
78 95 76
78 96 50
78 97 51
78 98 13
78 99 94
78 100 40
78 101 97
78 102 14
78 103 25
78 104 38
78 105 41
78 106 96
78 107 30
78 108 13
78 109 70
78 110 77
78 111 95
78 112 56
78 113 53
78 114 74
78 115 12
78 116 5
78 117 27
78 118 14
78 119 42
79 80 60
79 81 32
79 82 27
79 83 38
79 84 24
79 85 8
79 86 31
79 87 18
79 88 57
79 89 25
79 90 2
79 91 83
79 92 58
79 93 99
79 94 87
79 95 73
79 96 58
79 97 7
79 98 34
79 99 60
79 100 25
79 101 7
79 102 55
79 103 97
79 104 98
79 105 77
79 106 72
79 107 97
79 108 80
79 109 6
79 110 70
79 111 64
79 112 64
79 113 59
79 114 20
79 115 75
79 116 36
79 117 92
79 118 38
79 119 40
80 81 67
80 82 74
80 83 100
80 84 97
80 85 37
80 86 67
80 87 58
80 88 11
80 89 81
80 90 46
80 91 66
80 92 93
80 93 68
80 94 68
80 95 88
80 96 74
80 97 36
80 98 94
80 99 57
80 100 80
80 101 2
80 102 46
80 103 44
80 104 63
80 105 4
80 106 97
80 107 84
80 108 11
80 109 29
80 110 62
80 111 95
80 112 56
80 113 16
80 114 89
80 115 31
80 116 26
80 117 42
80 118 87
80 119 25
81 82 44
81 83 28
81 84 25
81 85 18
81 86 16
81 87 5
81 88 100
81 89 29
81 90 28
81 91 97
81 92 97
81 93 24
81 94 90
81 95 87
81 96 7
81 97 54
81 98 55
81 99 98
81 100 45
81 101 62
81 102 89
81 103 29
81 104 79
81 105 71
81 106 83
81 107 57
81 108 11
81 109 96
81 110 74
81 111 14
81 112 71
81 113 88
81 114 50
81 115 26
81 116 93
81 117 66
81 118 2
81 119 33
82 83 14
82 84 16
82 85 38
82 86 20
82 87 81
82 88 40
82 89 38
82 90 34
82 91 38
82 92 22
82 93 9
82 94 40
82 95 41
82 96 62
82 97 25
82 98 18
82 99 16
82 100 58
82 101 13
82 102 48
82 103 53
82 104 94
82 105 79
82 106 48
82 107 67
82 108 35
82 109 58
82 110 5
82 111 5
82 112 25
82 113 3
82 114 45
82 115 37
82 116 90
82 117 43
82 118 58
82 119 65
83 84 100
83 85 64
83 86 25
83 87 97
83 88 59
83 89 60
83 90 46
83 91 43
83 92 45
83 93 25
83 94 76
83 95 23
83 96 9
83 97 100
83 98 40
83 99 78
83 100 16
83 101 45
83 102 69
83 103 33
83 104 61
83 105 67
83 106 7
83 107 69
83 108 63
83 109 48
83 110 77
83 111 68
83 112 81
83 113 10
83 114 10
83 115 2
83 116 93
83 117 76
83 118 81
83 119 2
84 85 47
84 86 69
84 87 88
84 88 25
84 89 55
84 90 95
84 91 50
84 92 46
84 93 35
84 94 57
84 95 71
84 96 52
84 97 14
84 98 91
84 99 15
84 100 33
84 101 68
84 102 42
84 103 34
84 104 67
84 105 63
84 106 39
84 107 6
84 108 69
84 109 28
84 110 100
84 111 20
84 112 8
84 113 13
84 114 42
84 115 29
84 116 50
84 117 70
84 118 98
84 119 38
85 86 38
85 87 95
85 88 83
85 89 8
85 90 29
85 91 72
85 92 76
85 93 33
85 94 71
85 95 69
85 96 100
85 97 63
85 98 51
85 99 17
85 100 13
85 101 47
85 102 10
85 103 98
85 104 67
85 105 87
85 106 24
85 107 15
85 108 34
85 109 91
85 110 24
85 111 32
85 112 67
85 113 30
85 114 47
85 115 52
85 116 10
85 117 50
85 118 2
85 119 22
86 87 83
86 88 73
86 89 96
86 90 74
86 91 23
86 92 53
86 93 93
86 94 62
86 95 30
86 96 57
86 97 70
86 98 21
86 99 90
86 100 86
86 101 61
86 102 95
86 103 6
86 104 63
86 105 39
86 106 88
86 107 96
86 108 27
86 109 18
86 110 29
86 111 1
86 112 25
86 113 41
86 114 30
86 115 81
86 116 82
86 117 99
86 118 4
86 119 70
87 88 32
87 89 44
87 90 87
87 91 69
87 92 60
87 93 71
87 94 89
87 95 71
87 96 92
87 97 75
87 98 90
87 99 74
87 100 18
87 101 52
87 102 21
87 103 95
87 104 38
87 105 97
87 106 11
87 107 95
87 108 9
87 109 40
87 110 92
87 111 26
87 112 60
87 113 31
87 114 24
87 115 62
87 116 74
87 117 32
87 118 63
87 119 45
88 89 93
88 90 76
88 91 88
88 92 56
88 93 4
88 94 39
88 95 42
88 96 93
88 97 60
88 98 35
88 99 71
88 100 51
88 101 64
88 102 26
88 103 55
88 104 71
88 105 92
88 106 100
88 107 85
88 108 2
88 109 77
88 110 86
88 111 59
88 112 87
88 113 66
88 114 50
88 115 66
88 116 88
88 117 92
88 118 66
88 119 94
89 90 89
89 91 86
89 92 70
89 93 97
89 94 58
89 95 38
89 96 52
89 97 9
89 98 71
89 99 87
89 100 7
89 101 33
89 102 48
89 103 30
89 104 26
89 105 77
89 106 27
89 107 9
89 108 22
89 109 86
89 110 52
89 111 94
89 112 32
89 113 83
89 114 13
89 115 63
89 116 6
89 117 33
89 118 62
89 119 15
90 91 26
90 92 43
90 93 83
90 94 65
90 95 36
90 96 60
90 97 69
90 98 26
90 99 84
90 100 4
90 101 20
90 102 99
90 103 95
90 104 5
90 105 18
90 106 49
90 107 42
90 108 25
90 109 74
90 110 69
90 111 12
90 112 68
90 113 22
90 114 2
90 115 51
90 116 27
90 117 8
90 118 16
90 119 70
91 92 49
91 93 13
91 94 70
91 95 69
91 96 63
91 97 93
91 98 82
91 99 34
91 100 1
91 101 8
91 102 79
91 103 58
91 104 33
91 105 68
91 106 54
91 107 33
91 108 35
91 109 28
91 110 88
91 111 80
91 112 98
91 113 57
91 114 16
91 115 91
91 116 4
91 117 11
91 118 91
91 119 31
92 93 85
92 94 10
92 95 48
92 96 52
92 97 69
92 98 16
92 99 91
92 100 3
92 101 86
92 102 62
92 103 18
92 104 94
92 105 52
92 106 40
92 107 13
92 108 66
92 109 42
92 110 62
92 111 12
92 112 52
92 113 1
92 114 89
92 115 36
92 116 6
92 117 97
92 118 37
92 119 53
93 94 62
93 95 35
93 96 42
93 97 97
93 98 7
93 99 50
93 100 62
93 101 25
93 102 9
93 103 30
93 104 66
93 105 91
93 106 55
93 107 67
93 108 48
93 109 48
93 110 40
93 111 13
93 112 38
93 113 25
93 114 52
93 115 87
93 116 46
93 117 64
93 118 32
93 119 38
94 95 20
94 96 81
94 97 46
94 98 13
94 99 46
94 100 63
94 101 18
94 102 24
94 103 94
94 104 31
94 105 49
94 106 14
94 107 25
94 108 63
94 109 22
94 110 15
94 111 71
94 112 91
94 113 95
94 114 36
94 115 75
94 116 25
94 117 74
94 118 82
94 119 51
95 96 57
95 97 47
95 98 55
95 99 70
95 100 98
95 101 77
95 102 68
95 103 6
95 104 78
95 105 87
95 106 42
95 107 54
95 108 62
95 109 32
95 110 69
95 111 8
95 112 84
95 113 24
95 114 34
95 115 29
95 116 99
95 117 12
95 118 30
95 119 67
96 97 19
96 98 99
96 99 32
96 100 8
96 101 8
96 102 6
96 103 56
96 104 67
96 105 68
96 106 15
96 107 39
96 108 18
96 109 72
96 110 81
96 111 35
96 112 19
96 113 77
96 114 88
96 115 3
96 116 24
96 117 100
96 118 25
96 119 27
97 98 36
97 99 96
97 100 91
97 101 52
97 102 71
97 103 10
97 104 68
97 105 53
97 106 69
97 107 28
97 108 25
97 109 32
97 110 64
97 111 15
97 112 17
97 113 7
97 114 76
97 115 52
97 116 90
97 117 28
97 118 88
97 119 8
98 99 45
98 100 30
98 101 13
98 102 50
98 103 21
98 104 96
98 105 29
98 106 9
98 107 93
98 108 20
98 109 91
98 110 47
98 111 2
98 112 76
98 113 88
98 114 93
98 115 94
98 116 83
98 117 43
98 118 37
98 119 78
99 100 85
99 101 80
99 102 81
99 103 22
99 104 27
99 105 17
99 106 49
99 107 15
99 108 1
99 109 30
99 110 14
99 111 69
99 112 66
99 113 22
99 114 70
99 115 55
99 116 54
99 117 96
99 118 75
99 119 42
100 101 86
100 102 38
100 103 41
100 104 78
100 105 16
100 106 15
100 107 1
100 108 17
100 109 61
100 110 1
100 111 97
100 112 90
100 113 65
100 114 29
100 115 56
100 116 2
100 117 47
100 118 90
100 119 90
101 102 68
101 103 83
101 104 39
101 105 7
101 106 74
101 107 71
101 108 78
101 109 98
101 110 62
101 111 53
101 112 89
101 113 81
101 114 93
101 115 95
101 116 88
101 117 5
101 118 18
101 119 72
102 103 94
102 104 28
102 105 29
102 106 57
102 107 71
102 108 92
102 109 57
102 110 51
102 111 55
102 112 41
102 113 52
102 114 23
102 115 36
102 116 93
102 117 49
102 118 97
102 119 83
103 104 91
103 105 59
103 106 22
103 107 13
103 108 65
103 109 49
103 110 64
103 111 97
103 112 65
103 113 78
103 114 85
103 115 86
103 116 94
103 117 22
103 118 29
103 119 50
104 105 94
104 106 4
104 107 94
104 108 58
104 109 87
104 110 73
104 111 60
104 112 92
104 113 49
104 114 56
104 115 79
104 116 87
104 117 19
104 118 73
104 119 6
105 106 2
105 107 13
105 108 17
105 109 80
105 110 88
105 111 20
105 112 30
105 113 62
105 114 64
105 115 18
105 116 98
105 117 81
105 118 22
105 119 97
106 107 92
106 108 97
106 109 77
106 110 19
106 111 38
106 112 43
106 113 23
106 114 5
106 115 67
106 116 53
106 117 11
106 118 22
106 119 64
107 108 87
107 109 21
107 110 70
107 111 81
107 112 94
107 113 40
107 114 8
107 115 62
107 116 89
107 117 43
107 118 9
107 119 37
108 109 40
108 110 46
108 111 23
108 112 46
108 113 28
108 114 29
108 115 11
108 116 67
108 117 71
108 118 9
108 119 55
109 110 85
109 111 46
109 112 32
109 113 94
109 114 19
109 115 11
109 116 55
109 117 82
109 118 67
109 119 23
110 111 96
110 112 35
110 113 85
110 114 20
110 115 95
110 116 33
110 117 25
110 118 54
110 119 52
111 112 41
111 113 49
111 114 75
111 115 83
111 116 4
111 117 72
111 118 94
111 119 23
112 113 8
112 114 25
112 115 42
112 116 16
112 117 41
112 118 72
112 119 15
113 114 47
113 115 50
113 116 35
113 117 91
113 118 1
113 119 58
114 115 66
114 116 23
114 117 25
114 118 38
114 119 57
115 116 98
115 117 28
115 118 38
115 119 20
116 117 41
116 118 37
116 119 73
117 118 42
117 119 46
118 119 34
