120 7140
0 1 70
0 2 54
0 3 85
0 4 96
0 5 37
0 6 73
0 7 22
0 8 1
0 9 99
0 10 15
0 11 29
0 12 35
0 13 38
0 14 97
0 15 75
0 16 73
0 17 67
0 18 94
0 19 64
0 20 76
0 21 22
0 22 92
0 23 53
0 24 9
0 25 87
0 26 74
0 27 52
0 28 80
0 29 71
0 30 13
0 31 28
0 32 28
0 33 18
0 34 22
0 35 46
0 36 82
0 37 38
0 38 60
0 39 92
0 40 15
0 41 52
0 42 36
0 43 20
0 44 65
0 45 22
0 46 16
0 47 22
0 48 65
0 49 6
0 50 92
0 51 92
0 52 48
0 53 61
0 54 54
0 55 60
0 56 59
0 57 38
0 58 75
0 59 53
0 60 19
0 61 34
0 62 4
0 63 53
0 64 91
0 65 66
0 66 75
0 67 83
0 68 23
0 69 54
0 70 6
0 71 21
0 72 62
0 73 41
0 74 60
0 75 78
0 76 76
0 77 35
0 78 16
0 79 44
0 80 98
0 81 65
0 82 93
0 83 65
0 84 99
0 85 4
0 86 65
0 87 26
0 88 50
0 89 8
0 90 26
0 91 53
0 92 28
0 93 68
0 94 4
0 95 17
0 96 90
0 97 77
0 98 84
0 99 2
0 100 67
0 101 84
0 102 40
0 103 48
0 104 50
0 105 9
0 106 60
0 107 86
0 108 95
0 109 54
0 110 63
0 111 84
0 112 79
0 113 65
0 114 31
0 115 31
0 116 57
0 117 92
0 118 66
0 119 78
1 2 81
1 3 21
1 4 66
1 5 93
1 6 55
1 7 33
1 8 64
1 9 37
1 10 46
1 11 7
1 12 59
1 13 31
1 14 77
1 15 92
1 16 29
1 17 69
1 18 39
1 19 61
1 20 36
1 21 9
1 22 33
1 23 3
1 24 45
1 25 87
1 26 5
1 27 63
1 28 28
1 29 52
1 30 29
1 31 97
1 32 89
1 33 9
1 34 68
1 35 18
1 36 26
1 37 20
1 38 70
1 39 18
1 40 11
1 41 68
1 42 20
1 43 55
1 44 54
1 45 53
1 46 14
1 47 12
1 48 31
1 49 36
1 50 60
1 51 42
1 52 83
1 53 60
1 54 34
1 55 40
1 56 76
1 57 62
1 58 38
1 59 92
1 60 8
1 61 60
1 62 42
1 63 36
1 64 35
1 65 78
1 66 98
1 67 71
1 68 63
1 69 86
1 70 58
1 71 9
1 72 61
1 73 69
1 74 12
1 75 45
1 76 84
1 77 97
1 78 72
1 79 11
1 80 65
1 81 1
1 82 84
1 83 29
1 84 33
1 85 2
1 86 46
1 87 65
1 88 24
1 89 28
1 90 32
1 91 81
1 92 41
1 93 30
1 94 62
1 95 38
1 96 1
1 97 2
1 98 39
1 99 100
1 100 47
1 101 36
1 102 34
1 103 79
1 104 95
1 105 25
1 106 62
1 107 14
1 108 9
1 109 53
1 110 34
1 111 33
1 112 87
1 113 98
1 114 66
1 115 18
1 116 11
1 117 60
1 118 34
1 119 84
2 3 99
2 4 13
2 5 65
2 6 34
2 7 34
2 8 1
2 9 58
2 10 16
2 11 93
2 12 26
2 13 14
2 14 34
2 15 63
2 16 19
2 17 71
2 18 29
2 19 91
2 20 85
2 21 59
2 22 84
2 23 47
2 24 11
2 25 95
2 26 6
2 27 55
2 28 36
2 29 83
2 30 60
2 31 97
2 32 7
2 33 84
2 34 23
2 35 24
2 36 12
2 37 70
2 38 70
2 39 32
2 40 36
2 41 53
2 42 52
2 43 47
2 44 63
2 45 5
2 46 94
2 47 62
2 48 6
2 49 10
2 50 61
2 51 30
2 52 73
2 53 55
2 54 82
2 55 90
2 56 75
2 57 77
2 58 73
2 59 31
2 60 90
2 61 85
2 62 24
2 63 56
2 64 29
2 65 2
2 66 49
2 67 42
2 68 2
2 69 90
2 70 63
2 71 74
2 72 68
2 73 51
2 74 44
2 75 97
2 76 77
2 77 2
2 78 40
2 79 59
2 80 1
2 81 76
2 82 74
2 83 51
2 84 21
2 85 83
2 86 93
2 87 100
2 88 35
2 89 17
2 90 79
2 91 33
2 92 24
2 93 42
2 94 37
2 95 28
2 96 95
2 97 74
2 98 33
2 99 53
2 100 20
2 101 94
2 102 65
2 103 92
2 104 22
2 105 43
2 106 85
2 107 41
2 108 68
2 109 97
2 110 66
2 111 97
2 112 48
2 113 8
2 114 5
2 115 94
2 116 32
2 117 56
2 118 20
2 119 26
3 4 90
3 5 42
3 6 69
3 7 54
3 8 43
3 9 44
3 10 47
3 11 1
3 12 82
3 13 34
3 14 98
3 15 5
3 16 73
3 17 1
3 18 72
3 19 62
3 20 42
3 21 84
3 22 72
3 23 85
3 24 14
3 25 83
3 26 93
3 27 19
3 28 99
3 29 71
3 30 33
3 31 30
3 32 46
3 33 46
3 34 72
3 35 88
3 36 33
3 37 76
3 38 7
3 39 46
3 40 47
3 41 56
3 42 56
3 43 66
3 44 57
3 45 10
3 46 69
3 47 64
3 48 48
3 49 72
3 50 50
3 51 66
3 52 77
3 53 21
3 54 100
3 55 69
3 56 33
3 57 74
3 58 81
3 59 19
3 60 3
3 61 87
3 62 84
3 63 94
3 64 68
3 65 87
3 66 81
3 67 11
3 68 11
3 69 63
3 70 97
3 71 60
3 72 11
3 73 87
3 74 6
3 75 90
3 76 79
3 77 26
3 78 62
3 79 19
3 80 20
3 81 25
3 82 90
3 83 76
3 84 2
3 85 36
3 86 17
3 87 80
3 88 27
3 89 43
3 90 69
3 91 49
3 92 49
3 93 4
3 94 20
3 95 82
3 96 27
3 97 96
3 98 62
3 99 33
3 100 29
3 101 41
3 102 2
3 103 84
3 104 72
3 105 64
3 106 59
3 107 48
3 108 22
3 109 74
3 110 9
3 111 31
3 112 82
3 113 34
3 114 78
3 115 83
3 116 83
3 117 11
3 118 31
3 119 66
4 5 16
4 6 22
4 7 62
4 8 2
4 9 8
4 10 71
4 11 2
4 12 48
4 13 13
4 14 24
4 15 73
4 16 37
4 17 29
4 18 26
4 19 70
4 20 66
4 21 29
4 22 41
4 23 66
4 24 75
4 25 15
4 26 23
4 27 61
4 28 51
4 29 4
4 30 24
4 31 98
4 32 7
4 33 77
4 34 67
4 35 24
4 36 73
4 37 6
4 38 31
4 39 87
4 40 6
4 41 63
4 42 65
4 43 31
4 44 44
4 45 14
4 46 56
4 47 26
4 48 75
4 49 19
4 50 81
4 51 16
4 52 22
4 53 48
4 54 63
4 55 98
4 56 81
4 57 46
4 58 26
4 59 87
4 60 72
4 61 67
4 62 91
4 63 22
4 64 86
4 65 45
4 66 89
4 67 54
4 68 36
4 69 59
4 70 40
4 71 66
4 72 65
4 73 29
4 74 79
4 75 72
4 76 76
4 77 6
4 78 79
4 79 23
4 80 46
4 81 31
4 82 29
4 83 83
4 84 91
4 85 26
4 86 55
4 87 50
4 88 76
4 89 36
4 90 29
4 91 11
4 92 17
4 93 83
4 94 76
4 95 98
4 96 52
4 97 100
4 98 48
4 99 30
4 100 20
4 101 27
4 102 21
4 103 32
4 104 45
4 105 48
4 106 82
4 107 39
4 108 90
4 109 32
4 110 12
4 111 17
4 112 23
4 113 40
4 114 7
4 115 84
4 116 87
4 117 36
4 118 61
4 119 42
5 6 70
5 7 45
5 8 39
5 9 95
5 10 90
5 11 92
5 12 25
5 13 12
5 14 61
5 15 61
5 16 89
5 17 61
5 18 1
5 19 76
5 20 86
5 21 72
5 22 41
5 23 64
5 24 83
5 25 53
5 26 29
5 27 70
5 28 36
5 29 82
5 30 97
5 31 18
5 32 20
5 33 46
5 34 40
5 35 32
5 36 98
5 37 78
5 38 89
5 39 92
5 40 72
5 41 10
5 42 7
5 43 52
5 44 30
5 45 49
5 46 40
5 47 70
5 48 59
5 49 67
5 50 83
5 51 69
5 52 100
5 53 93
5 54 87
5 55 97
5 56 39
5 57 72
5 58 52
5 59 86
5 60 78
5 61 96
5 62 30
5 63 53
5 64 37
5 65 55
5 66 76
5 67 11
5 68 97
5 69 70
5 70 99
5 71 57
5 72 56
5 73 99
5 74 45
5 75 63
5 76 27
5 77 96
5 78 97
5 79 66
5 80 41
5 81 30
5 82 31
5 83 20
5 84 82
5 85 32
5 86 38
5 87 71
5 88 20
5 89 92
5 90 6
5 91 48
5 92 20
5 93 24
5 94 22
5 95 33
5 96 64
5 97 15
5 98 29
5 99 95
5 100 7
5 101 58
5 102 1
5 103 44
5 104 56
5 105 82
5 106 38
5 107 39
5 108 80
5 109 93
5 110 100
5 111 98
5 112 84
5 113 74
5 114 48
5 115 54
5 116 67
5 117 69
5 118 40
5 119 76
6 7 33
6 8 43
6 9 82
6 10 12
6 11 91
6 12 75
6 13 75
6 14 25
6 15 98
6 16 9
6 17 15
6 18 88
6 19 18
6 20 90
6 21 48
6 22 73
6 23 55
6 24 71
6 25 17
6 26 69
6 27 72
6 28 95
6 29 59
6 30 14
6 31 86
6 32 53
6 33 43
6 34 64
6 35 25
6 36 28
6 37 29
6 38 94
6 39 2
6 40 92
6 41 50
6 42 78
6 43 59
6 44 84
6 45 86
6 46 47
6 47 28
6 48 98
6 49 77
6 50 85
6 51 2
6 52 78
6 53 78
6 54 80
6 55 16
6 56 91
6 57 40
6 58 2
6 59 77
6 60 69
6 61 87
6 62 92
6 63 66
6 64 89
6 65 39
6 66 40
6 67 99
6 68 7
6 69 76
6 70 33
6 71 64
6 72 73
6 73 74
6 74 100
6 75 18
6 76 29
6 77 37
6 78 90
6 79 13
6 80 69
6 81 53
6 82 93
6 83 36
6 84 59
6 85 95
6 86 36
6 87 93
6 88 52
6 89 3
6 90 54
6 91 21
6 92 31
6 93 82
6 94 31
6 95 87
6 96 61
6 97 63
6 98 80
6 99 75
6 100 30
6 101 81
6 102 32
6 103 43
6 104 17
6 105 84
6 106 48
6 107 27
6 108 29
6 109 93
6 110 90
6 111 80
6 112 91
6 113 39
6 114 78
6 115 83
6 116 89
6 117 81
6 118 59
6 119 54
7 8 42
7 9 38
7 10 2
7 11 72
7 12 71
7 13 71
7 14 41
7 15 66
7 16 65
7 17 63
7 18 95
7 19 37
7 20 83
7 21 51
7 22 14
7 23 44
7 24 72
7 25 87
7 26 64
7 27 32
7 28 75
7 29 71
7 30 28
7 31 17
7 32 92
7 33 9
7 34 25
7 35 90
7 36 69
7 37 98
7 38 2
7 39 11
7 40 78
7 41 20
7 42 95
7 43 83
7 44 51
7 45 36
7 46 27
7 47 94
7 48 31
7 49 32
7 50 26
7 51 52
7 52 82
7 53 22
7 54 86
7 55 36
7 56 85
7 57 7
7 58 4
7 59 53
7 60 94
7 61 69
7 62 50
7 63 37
7 64 33
7 65 51
7 66 64
7 67 37
7 68 2
7 69 41
7 70 74
7 71 50
7 72 56
7 73 98
7 74 6
7 75 49
7 76 93
7 77 30
7 78 1
7 79 14
7 80 87
7 81 4
7 82 6
7 83 41
7 84 47
7 85 37
7 86 38
7 87 93
7 88 52
7 89 69
7 90 18
7 91 66
7 92 74
7 93 81
7 94 61
7 95 72
7 96 69
7 97 16
7 98 89
7 99 63
7 100 86
7 101 5
7 102 98
7 103 6
7 104 14
7 105 16
7 106 16
7 107 34
7 108 22
7 109 93
7 110 78
7 111 32
7 112 18
7 113 31
7 114 11
7 115 31
7 116 39
7 117 9
7 118 85
7 119 21
8 9 40
8 10 83
8 11 70
8 12 49
8 13 54
8 14 83
8 15 10
8 16 80
8 17 10
8 18 30
8 19 41
8 20 17
8 21 87
8 22 79
8 23 85
8 24 87
8 25 51
8 26 28
8 27 61
8 28 92
8 29 71
8 30 99
8 31 53
8 32 78
8 33 89
8 34 14
8 35 38
8 36 91
8 37 17
8 38 48
8 39 60
8 40 98
8 41 32
8 42 95
8 43 88
8 44 31
8 45 69
8 46 13
8 47 13
8 48 18
8 49 10
8 50 16
8 51 8
8 52 84
8 53 7
8 54 87
8 55 56
8 56 94
8 57 79
8 58 93
8 59 4
8 60 35
8 61 47
8 62 17
8 63 78
8 64 89
8 65 36
8 66 31
8 67 8
8 68 23
8 69 49
8 70 30
8 71 77
8 72 15
8 73 7
8 74 34
8 75 58
8 76 34
8 77 12
8 78 54
8 79 72
8 80 14
8 81 53
8 82 56
8 83 95
8 84 46
8 85 17
8 86 77
8 87 7
8 88 6
8 89 75
8 90 21
8 91 100
8 92 21
8 93 100
8 94 76
8 95 12
8 96 4
8 97 63
8 98 31
8 99 22
8 100 72
8 101 92
8 102 54
8 103 4
8 104 90
8 105 93
8 106 10
8 107 100
8 108 55
8 109 30
8 110 15
8 111 46
8 112 6
8 113 7
8 114 78
8 115 69
8 116 61
8 117 18
8 118 94
8 119 54
9 10 28
9 11 90
9 12 83
9 13 21
9 14 4
9 15 75
9 16 20
9 17 30
9 18 81
9 19 73
9 20 68
9 21 74
9 22 73
9 23 95
9 24 27
9 25 49
9 26 7
9 27 47
9 28 48
9 29 99
9 30 81
9 31 20
9 32 95
9 33 85
9 34 94
9 35 76
9 36 71
9 37 70
9 38 86
9 39 87
9 40 26
9 41 66
9 42 97
9 43 7
9 44 10
9 45 54
9 46 62
9 47 14
9 48 1
9 49 61
9 50 10
9 51 86
9 52 7
9 53 93
9 54 78
9 55 59
9 56 70
9 57 66
9 58 27
9 59 69
9 60 74
9 61 19
9 62 93
9 63 46
9 64 23
9 65 99
9 66 65
9 67 79
9 68 3
9 69 15
9 70 37
9 71 51
9 72 62
9 73 80
9 74 9
9 75 77
9 76 21
9 77 15
9 78 55
9 79 27
9 80 1
9 81 96
9 82 80
9 83 18
9 84 57
9 85 29
9 86 25
9 87 7
9 88 38
9 89 96
9 90 1
9 91 59
9 92 64
9 93 16
9 94 57
9 95 93
9 96 45
9 97 8
9 98 50
9 99 7
9 100 60
9 101 55
9 102 3
9 103 97
9 104 26
9 105 26
9 106 71
9 107 36
9 108 13
9 109 33
9 110 94
9 111 4
9 112 85
9 113 96
9 114 39
9 115 68
9 116 78
9 117 9
9 118 55
9 119 10
10 11 70
10 12 54
10 13 100
10 14 38
10 15 89
10 16 60
10 17 23
10 18 70
10 19 87
10 20 89
10 21 89
10 22 46
10 23 47
10 24 34
10 25 34
10 26 15
10 27 10
10 28 20
10 29 35
10 30 78
10 31 85
10 32 92
10 33 83
10 34 34
10 35 7
10 36 93
10 37 9
10 38 40
10 39 23
10 40 20
10 41 59
10 42 11
10 43 39
10 44 10
10 45 90
10 46 54
10 47 12
10 48 83
10 49 22
10 50 5
10 51 6
10 52 1
10 53 48
10 54 10
10 55 37
10 56 16
10 57 92
10 58 6
10 59 43
10 60 39
10 61 94
10 62 63
10 63 76
10 64 5
10 65 57
10 66 24
10 67 32
10 68 50
10 69 64
10 70 27
10 71 79
10 72 43
10 73 66
10 74 23
10 75 18
10 76 100
10 77 22
10 78 87
10 79 1
10 80 6
10 81 46
10 82 7
10 83 37
10 84 70
10 85 40
10 86 20
10 87 55
10 88 28
10 89 76
10 90 61
10 91 83
10 92 38
10 93 78
10 94 6
10 95 59
10 96 35
10 97 23
10 98 97
10 99 62
10 100 97
10 101 1
10 102 54
10 103 68
10 104 18
10 105 42
10 106 59
10 107 47
10 108 23
10 109 15
10 110 34
10 111 65
10 112 13
10 113 85
10 114 37
10 115 49
10 116 26
10 117 93
10 118 63
10 119 88
11 12 83
11 13 81
11 14 44
11 15 81
11 16 41
11 17 48
11 18 18
11 19 15
11 20 60
11 21 60
11 22 28
11 23 14
11 24 57
11 25 51
11 26 31
11 27 49
11 28 21
11 29 17
11 30 98
11 31 26
11 32 72
11 33 94
11 34 95
11 35 89
11 36 90
11 37 18
11 38 79
11 39 26
11 40 13
11 41 38
11 42 53
11 43 80
11 44 88
11 45 18
11 46 27
11 47 37
11 48 94
11 49 13
11 50 60
11 51 10
11 52 70
11 53 11
11 54 16
11 55 36
11 56 10
11 57 82
11 58 23
11 59 46
11 60 34
11 61 74
11 62 19
11 63 61
11 64 83
11 65 100
11 66 11
11 67 55
11 68 89
11 69 39
11 70 7
11 71 70
11 72 70
11 73 13
11 74 88
11 75 43
11 76 66
11 77 55
11 78 60
11 79 89
11 80 13
11 81 85
11 82 40
11 83 13
11 84 18
11 85 100
11 86 25
11 87 9
11 88 1
11 89 56
11 90 96
11 91 79
11 92 16
11 93 18
11 94 2
11 95 1
11 96 4
11 97 9
11 98 33
11 99 36
11 100 56
11 101 96
11 102 16
11 103 59
11 104 44
11 105 9
11 106 74
11 107 24
11 108 94
11 109 45
11 110 80
11 111 53
11 112 65
11 113 62
11 114 72
11 115 86
11 116 79
11 117 83
11 118 45
11 119 37
12 13 66
12 14 57
12 15 50
12 16 26
12 17 44
12 18 10
12 19 46
12 20 93
12 21 5
12 22 79
12 23 61
12 24 55
12 25 65
12 26 17
12 27 91
12 28 92
12 29 6
12 30 85
12 31 82
12 32 12
12 33 16
12 34 34
12 35 69
12 36 77
12 37 51
12 38 42
12 39 20
12 40 42
12 41 26
12 42 90
12 43 23
12 44 10
12 45 4
12 46 93
12 47 16
12 48 15
12 49 84
12 50 53
12 51 95
12 52 4
12 53 74
12 54 86
12 55 11
12 56 62
12 57 96
12 58 8
12 59 9
12 60 2
12 61 86
12 62 98
12 63 24
12 64 76
12 65 97
12 66 40
12 67 85
12 68 88
12 69 9
12 70 62
12 71 27
12 72 3
12 73 70
12 74 64
12 75 44
12 76 56
12 77 31
12 78 91
12 79 72
12 80 97
12 81 67
12 82 77
12 83 65
12 84 73
12 85 62
12 86 78
12 87 69
12 88 100
12 89 52
12 90 16
12 91 42
12 92 74
12 93 32
12 94 28
12 95 54
12 96 4
12 97 12
12 98 82
12 99 42
12 100 100
12 101 43
12 102 15
12 103 51
12 104 17
12 105 67
12 106 51
12 107 62
12 108 15
12 109 4
12 110 74
12 111 24
12 112 6
12 113 74
12 114 44
12 115 99
12 116 42
12 117 18
12 118 36
12 119 61
13 14 14
13 15 37
13 16 95
13 17 7
13 18 51
13 19 54
13 20 39
13 21 67
13 22 67
13 23 64
13 24 23
13 25 100
13 26 14
13 27 80
13 28 93
13 29 51
13 30 29
13 31 22
13 32 79
13 33 12
13 34 99
13 35 1
13 36 97
13 37 16
13 38 24
13 39 62
13 40 42
13 41 1
13 42 85
13 43 59
13 44 20
13 45 16
13 46 68
13 47 90
13 48 10
13 49 47
13 50 90
13 51 23
13 52 41
13 53 65
13 54 70
13 55 17
13 56 39
13 57 15
13 58 57
13 59 31
13 60 68
13 61 52
13 62 36
13 63 90
13 64 86
13 65 58
13 66 25
13 67 19
13 68 28
13 69 73
13 70 62
13 71 30
13 72 36
13 73 12
13 74 9
13 75 21
13 76 95
13 77 10
13 78 72
13 79 27
13 80 24
13 81 88
13 82 6
13 83 60
13 84 65
13 85 61
13 86 97
13 87 64
13 88 99
13 89 9
13 90 50
13 91 60
13 92 35
13 93 70
13 94 61
13 95 22
13 96 48
13 97 66
13 98 81
13 99 80
13 100 57
13 101 69
13 102 71
13 103 4
13 104 21
13 105 35
13 106 74
13 107 20
13 108 87
13 109 92
13 110 12
13 111 70
13 112 19
13 113 45
13 114 61
13 115 6
13 116 75
13 117 39
13 118 43
13 119 51
14 15 13
14 16 13
14 17 8
14 18 86
14 19 44
14 20 74
14 21 72
14 22 26
14 23 99
14 24 51
14 25 27
14 26 19
14 27 31
14 28 90
14 29 22
14 30 89
14 31 40
14 32 17
14 33 68
14 34 49
14 35 68
14 36 53
14 37 92
14 38 49
14 39 80
14 40 32
14 41 24
14 42 24
14 43 45
14 44 34
14 45 82
14 46 44
14 47 21
14 48 44
14 49 24
14 50 28
14 51 58
14 52 25
14 53 23
14 54 65
14 55 24
14 56 38
14 57 32
14 58 12
14 59 11
14 60 67
14 61 31
14 62 23
14 63 47
14 64 9
14 65 72
14 66 62
14 67 73
14 68 51
14 69 11
14 70 72
14 71 67
14 72 85
14 73 70
14 74 65
14 75 12
14 76 76
14 77 81
14 78 71
14 79 51
14 80 13
14 81 20
14 82 50
14 83 18
14 84 4
14 85 45
14 86 81
14 87 20
14 88 49
14 89 76
14 90 70
14 91 69
14 92 92
14 93 46
14 94 14
14 95 30
14 96 46
14 97 91
14 98 98
14 99 99
14 100 66
14 101 47
14 102 97
14 103 23
14 104 40
14 105 82
14 106 55
14 107 17
14 108 73
14 109 28
14 110 54
14 111 52
14 112 38
14 113 54
14 114 66
14 115 81
14 116 74
14 117 60
14 118 28
14 119 28
15 16 91
15 17 31
15 18 26
15 19 57
15 20 14
15 21 62
15 22 94
15 23 31
15 24 89
15 25 32
15 26 76
15 27 70
15 28 68
15 29 93
15 30 66
15 31 26
15 32 20
15 33 68
15 34 72
15 35 88
15 36 38
15 37 58
15 38 22
15 39 6
15 40 11
15 41 98
15 42 4
15 43 11
15 44 71
15 45 58
15 46 75
15 47 25
15 48 23
15 49 22
15 50 67
15 51 21
15 52 91
15 53 54
15 54 72
15 55 63
15 56 7
15 57 88
15 58 97
15 59 67
15 60 54
15 61 83
15 62 82
15 63 96
15 64 67
15 65 93
15 66 86
15 67 92
15 68 69
15 69 90
15 70 42
15 71 96
15 72 28
15 73 45
15 74 52
15 75 37
15 76 10
15 77 5
15 78 44
15 79 66
15 80 44
15 81 74
15 82 46
15 83 40
15 84 21
15 85 83
15 86 45
15 87 38
15 88 79
15 89 16
15 90 35
15 91 51
15 92 88
15 93 92
15 94 35
15 95 93
15 96 25
15 97 84
15 98 86
15 99 40
15 100 53
15 101 35
15 102 49
15 103 38
15 104 55
15 105 73
15 106 50
15 107 55
15 108 51
15 109 41
15 110 73
15 111 82
15 112 90
15 113 58
15 114 61
15 115 83
15 116 21
15 117 75
15 118 45
15 119 74
16 17 79
16 18 92
16 19 76
16 20 1
16 21 74
16 22 82
16 23 30
16 24 63
16 25 62
16 26 82
16 27 78
16 28 71
16 29 22
16 30 76
16 31 32
16 32 77
16 33 89
16 34 99
16 35 73
16 36 75
16 37 59
16 38 1
16 39 39
16 40 88
16 41 91
16 42 43
16 43 55
16 44 20
16 45 55
16 46 11
16 47 70
16 48 14
16 49 11
16 50 53
16 51 39
16 52 18
16 53 57
16 54 5
16 55 76
16 56 97
16 57 58
16 58 71
16 59 85
16 60 3
16 61 9
16 62 95
16 63 13
16 64 73
16 65 65
16 66 9
16 67 3
16 68 96
16 69 14
16 70 8
16 71 44
16 72 70
16 73 15
16 74 68
16 75 30
16 76 13
16 77 77
16 78 72
16 79 69
16 80 82
16 81 18
16 82 67
16 83 85
16 84 78
16 85 71
16 86 83
16 87 94
16 88 90
16 89 26
16 90 53
16 91 70
16 92 87
16 93 79
16 94 52
16 95 33
16 96 19
16 97 17
16 98 71
16 99 56
16 100 27
16 101 91
16 102 7
16 103 5
16 104 59
16 105 31
16 106 55
16 107 21
16 108 58
16 109 89
16 110 69
16 111 30
16 112 26
16 113 77
16 114 35
16 115 69
16 116 45
16 117 3
16 118 79
16 119 7
17 18 82
17 19 72
17 20 89
17 21 88
17 22 71
17 23 66
17 24 65
17 25 3
17 26 99
17 27 30
17 28 47
17 29 47
17 30 1
17 31 96
17 32 33
17 33 55
17 34 5
17 35 15
17 36 96
17 37 36
17 38 25
17 39 61
17 40 17
17 41 60
17 42 96
17 43 92
17 44 46
17 45 97
17 46 57
17 47 13
17 48 23
17 49 1
17 50 1
17 51 47
17 52 45
17 53 54
17 54 43
17 55 73
17 56 50
17 57 47
17 58 71
17 59 8
17 60 46
17 61 43
17 62 98
17 63 32
17 64 40
17 65 61
17 66 85
17 67 82
17 68 77
17 69 20
17 70 69
17 71 75
17 72 64
17 73 10
17 74 11
17 75 69
17 76 73
17 77 42
17 78 90
17 79 100
17 80 45
17 81 30
17 82 53
17 83 8
17 84 71
17 85 47
17 86 23
17 87 37
17 88 35
17 89 1
17 90 94
17 91 87
17 92 74
17 93 45
17 94 13
17 95 43
17 96 91
17 97 32
17 98 37
17 99 51
17 100 3
17 101 50
17 102 54
17 103 67
17 104 91
17 105 79
17 106 79
17 107 80
17 108 67
17 109 97
17 110 25
17 111 67
17 112 73
17 113 83
17 114 45
17 115 46
17 116 97
17 117 88
17 118 71
17 119 79
18 19 51
18 20 47
18 21 95
18 22 88
18 23 42
18 24 52
18 25 41
18 26 61
18 27 74
18 28 17
18 29 91
18 30 84
18 31 92
18 32 28
18 33 45
18 34 89
18 35 63
18 36 43
18 37 81
18 38 10
18 39 3
18 40 42
18 41 1
18 42 83
18 43 50
18 44 15
18 45 47
18 46 3
18 47 72
18 48 25
18 49 32
18 50 10
18 51 10
18 52 58
18 53 35
18 54 58
18 55 16
18 56 87
18 57 81
18 58 6
18 59 40
18 60 81
18 61 10
18 62 52
18 63 72
18 64 88
18 65 51
18 66 80
18 67 35
18 68 67
18 69 61
18 70 83
18 71 42
18 72 28
18 73 11
18 74 84
18 75 94
18 76 32
18 77 83
18 78 23
18 79 3
18 80 46
18 81 35
18 82 41
18 83 29
18 84 31
18 85 75
18 86 63
18 87 37
18 88 57
18 89 18
18 90 32
18 91 70
18 92 50
18 93 54
18 94 46
18 95 48
18 96 20
18 97 72
18 98 16
18 99 60
18 100 57
18 101 68
18 102 26
18 103 81
18 104 84
18 105 50
18 106 47
18 107 41
18 108 46
18 109 43
18 110 60
18 111 40
18 112 34
18 113 79
18 114 85
18 115 15
18 116 9
18 117 69
18 118 93
18 119 28
19 20 18
19 21 99
19 22 81
19 23 73
19 24 54
19 25 59
19 26 25
19 27 71
19 28 65
19 29 90
19 30 3
19 31 47
19 32 99
19 33 83
19 34 75
19 35 50
19 36 84
19 37 73
19 38 65
19 39 28
19 40 59
19 41 20
19 42 17
19 43 10
19 44 40
19 45 94
19 46 94
19 47 60
19 48 44
19 49 46
19 50 36
19 51 40
19 52 5
19 53 49
19 54 71
19 55 15
19 56 87
19 57 81
19 58 92
19 59 68
19 60 15
19 61 16
19 62 71
19 63 77
19 64 85
19 65 13
19 66 65
19 67 88
19 68 52
19 69 25
19 70 29
19 71 23
19 72 99
19 73 80
19 74 81
19 75 47
19 76 22
19 77 40
19 78 93
19 79 94
19 80 84
19 81 90
19 82 60
19 83 57
19 84 37
19 85 45
19 86 33
19 87 29
19 88 84
19 89 95
19 90 77
19 91 88
19 92 81
19 93 23
19 94 88
19 95 6
19 96 90
19 97 31
19 98 3
19 99 43
19 100 66
19 101 40
19 102 30
19 103 20
19 104 76
19 105 100
19 106 5
19 107 29
19 108 99
19 109 39
19 110 34
19 111 59
19 112 54
19 113 87
19 114 89
19 115 17
19 116 58
19 117 55
19 118 47
19 119 94
20 21 31
20 22 20
20 23 61
20 24 55
20 25 22
20 26 94
20 27 20
20 28 34
20 29 20
20 30 60
20 31 26
20 32 11
20 33 18
20 34 54
20 35 24
20 36 36
20 37 17
20 38 91
20 39 86
20 40 42
20 41 35
20 42 42
20 43 10
20 44 16
20 45 7
20 46 8
20 47 10
20 48 41
20 49 37
20 50 68
20 51 95
20 52 4
20 53 57
20 54 98
20 55 61
20 56 95
20 57 94
20 58 54
20 59 90
20 60 80
20 61 91
20 62 29
20 63 57
20 64 34
20 65 84
20 66 36
20 67 17
20 68 67
20 69 6
20 70 83
20 71 67
20 72 96
20 73 89
20 74 4
20 75 52
20 76 27
20 77 79
20 78 55
20 79 29
20 80 68
20 81 95
20 82 51
20 83 23
20 84 54
20 85 96
20 86 96
20 87 85
20 88 3
20 89 36
20 90 90
20 91 56
20 92 92
20 93 49
20 94 93
20 95 64
20 96 75
20 97 25
20 98 42
20 99 76
20 100 93
20 101 73
20 102 59
20 103 42
20 104 22
20 105 52
20 106 67
20 107 99
20 108 63
20 109 81
20 110 45
20 111 16
20 112 58
20 113 49
20 114 64
20 115 67
20 116 87
20 117 27
20 118 96
20 119 51
21 22 64
21 23 85
21 24 46
21 25 61
21 26 14
21 27 40
21 28 58
21 29 25
21 30 85
21 31 98
21 32 23
21 33 28
21 34 70
21 35 19
21 36 80
21 37 6
21 38 91
21 39 26
21 40 30
21 41 87
21 42 88
21 43 67
21 44 67
21 45 76
21 46 18
21 47 97
21 48 35
21 49 64
21 50 84
21 51 25
21 52 60
21 53 63
21 54 99
21 55 33
21 56 25
21 57 60
21 58 99
21 59 89
21 60 71
21 61 11
21 62 91
21 63 48
21 64 37
21 65 37
21 66 3
21 67 69
21 68 94
21 69 12
21 70 38
21 71 41
21 72 9
21 73 30
21 74 54
21 75 85
21 76 85
21 77 96
21 78 41
21 79 6
21 80 76
21 81 67
21 82 31
21 83 5
21 84 55
21 85 46
21 86 46
21 87 61
21 88 33
21 89 16
21 90 39
21 91 25
21 92 4
21 93 29
21 94 77
21 95 55
21 96 24
21 97 22
21 98 91
21 99 80
21 100 47
21 101 77
21 102 47
21 103 71
21 104 56
21 105 56
21 106 14
21 107 96
21 108 25
21 109 85
21 110 59
21 111 73
21 112 68
21 113 10
21 114 83
21 115 48
21 116 58
21 117 70
21 118 3
21 119 53
22 23 83
22 24 68
22 25 68
22 26 24
22 27 19
22 28 43
22 29 68
22 30 30
22 31 38
22 32 14
22 33 68
22 34 13
22 35 12
22 36 82
22 37 12
22 38 15
22 39 8
22 40 75
22 41 100
22 42 99
22 43 32
22 44 67
22 45 38
22 46 32
22 47 33
22 48 97
22 49 21
22 50 61
22 51 86
22 52 71
22 53 56
22 54 95
22 55 90
22 56 27
22 57 56
22 58 86
22 59 88
22 60 97
22 61 88
22 62 93
22 63 11
22 64 68
22 65 91
22 66 84
22 67 42
22 68 5
22 69 28
22 70 7
22 71 56
22 72 56
22 73 3
22 74 23
22 75 3
22 76 4
22 77 33
22 78 96
22 79 27
22 80 1
22 81 17
22 82 57
22 83 39
22 84 66
22 85 55
22 86 54
22 87 53
22 88 71
22 89 15
22 90 57
22 91 16
22 92 27
22 93 47
22 94 88
22 95 69
22 96 84
22 97 58
22 98 41
22 99 29
22 100 55
22 101 88
22 102 53
22 103 17
22 104 46
22 105 35
22 106 49
22 107 58
22 108 86
22 109 36
22 110 14
22 111 67
22 112 31
22 113 86
22 114 42
22 115 88
22 116 56
22 117 50
22 118 99
22 119 100
23 24 30
23 25 13
23 26 12
23 27 87
23 28 18
23 29 55
23 30 32
23 31 24
23 32 16
23 33 82
23 34 48
23 35 24
23 36 59
23 37 37
23 38 2
23 39 8
23 40 2
23 41 42
23 42 53
23 43 33
23 44 6
23 45 75
23 46 80
23 47 28
23 48 62
23 49 63
23 50 40
23 51 14
23 52 73
23 53 74
23 54 3
23 55 63
23 56 36
23 57 20
23 58 78
23 59 62
23 60 51
23 61 81
23 62 9
23 63 96
23 64 48
23 65 67
23 66 99
23 67 95
23 68 25
23 69 39
23 70 67
23 71 11
23 72 85
23 73 16
23 74 45
23 75 38
23 76 42
23 77 87
23 78 42
23 79 67
23 80 25
23 81 91
23 82 36
23 83 50
23 84 46
23 85 1
23 86 11
23 87 19
23 88 68
23 89 74
23 90 61
23 91 86
23 92 73
23 93 82
23 94 4
23 95 2
23 96 48
23 97 6
23 98 95
23 99 33
23 100 75
23 101 79
23 102 49
23 103 4
23 104 62
23 105 83
23 106 19
23 107 93
23 108 91
23 109 12
23 110 29
23 111 99
23 112 18
23 113 99
23 114 64
23 115 76
23 116 87
23 117 83
23 118 99
23 119 72
24 25 76
24 26 79
24 27 95
24 28 50
24 29 64
24 30 80
24 31 80
24 32 46
24 33 74
24 34 53
24 35 37
24 36 61
24 37 19
24 38 84
24 39 100
24 40 8
24 41 73
24 42 35
24 43 95
24 44 44
24 45 58
24 46 22
24 47 53
24 48 64
24 49 24
24 50 94
24 51 74
24 52 84
24 53 21
24 54 42
24 55 65
24 56 17
24 57 77
24 58 23
24 59 20
24 60 61
24 61 87
24 62 36
24 63 93
24 64 55
24 65 85
24 66 35
24 67 73
24 68 73
24 69 93
24 70 12
24 71 90
24 72 66
24 73 40
24 74 31
24 75 7
24 76 70
24 77 89
24 78 46
24 79 1
24 80 39
24 81 8
24 82 65
24 83 84
24 84 21
24 85 41
24 86 69
24 87 1
24 88 69
24 89 1
24 90 38
24 91 79
24 92 23
24 93 80
24 94 79
24 95 34
24 96 85
24 97 48
24 98 21
24 99 58
24 100 42
24 101 29
24 102 83
24 103 86
24 104 26
24 105 100
24 106 5
24 107 14
24 108 80
24 109 7
24 110 49
24 111 71
24 112 11
24 113 8
24 114 10
24 115 87
24 116 56
24 117 88
24 118 69
24 119 67
25 26 15
25 27 45
25 28 83
25 29 82
25 30 10
25 31 44
25 32 63
25 33 25
25 34 69
25 35 1
25 36 45
25 37 76
25 38 19
25 39 98
25 40 14
25 41 19
25 42 81
25 43 76
25 44 67
25 45 49
25 46 65
25 47 3
25 48 76
25 49 71
25 50 100
25 51 79
25 52 9
25 53 70
25 54 45
25 55 66
25 56 64
25 57 85
25 58 43
25 59 79
25 60 87
25 61 91
25 62 12
25 63 82
25 64 49
25 65 23
25 66 22
25 67 99
25 68 81
25 69 64
25 70 89
25 71 77
25 72 83
25 73 38
25 74 54
25 75 6
25 76 82
25 77 13
25 78 32
25 79 93
25 80 10
25 81 11
25 82 40
25 83 28
25 84 36
25 85 81
25 86 100
25 87 86
25 88 21
25 89 55
25 90 40
25 91 33
25 92 27
25 93 15
25 94 88
25 95 85
25 96 86
25 97 41
25 98 81
25 99 34
25 100 96
25 101 75
25 102 81
25 103 71
25 104 36
25 105 5
25 106 93
25 107 85
25 108 72
25 109 59
25 110 11
25 111 3
25 112 13
25 113 7
25 114 6
25 115 79
25 116 34
25 117 9
25 118 97
25 119 47
26 27 18
26 28 94
26 29 49
26 30 13
26 31 15
26 32 60
26 33 8
26 34 84
26 35 86
26 36 66
26 37 68
26 38 2
26 39 37
26 40 39
26 41 94
26 42 10
26 43 23
26 44 75
26 45 49
26 46 37
26 47 52
26 48 95
26 49 8
26 50 24
26 51 55
26 52 79
26 53 72
26 54 10
26 55 37
26 56 6
26 57 37
26 58 15
26 59 5
26 60 76
26 61 52
26 62 86
26 63 8
26 64 85
26 65 12
26 66 92
26 67 17
26 68 96
26 69 98
26 70 37
26 71 8
26 72 87
26 73 77
26 74 77
26 75 40
26 76 50
26 77 98
26 78 69
26 79 91
26 80 4
26 81 90
26 82 5
26 83 95
26 84 62
26 85 99
26 86 36
26 87 45
26 88 6
26 89 37
26 90 88
26 91 2
26 92 98
26 93 76
26 94 50
26 95 17
26 96 23
26 97 27
26 98 1
26 99 90
26 100 49
26 101 50
26 102 90
26 103 35
26 104 64
26 105 66
26 106 25
26 107 76
26 108 56
26 109 46
26 110 100
26 111 68
26 112 71
26 113 86
26 114 72
26 115 29
26 116 56
26 117 5
26 118 47
26 119 30
27 28 19
27 29 63
27 30 24
27 31 33
27 32 95
27 33 46
27 34 93
27 35 40
27 36 10
27 37 72
27 38 59
27 39 50
27 40 85
27 41 8
27 42 13
27 43 70
27 44 63
27 45 69
27 46 97
27 47 94
27 48 58
27 49 10
27 50 93
27 51 37
27 52 30
27 53 32
27 54 100
27 55 51
27 56 91
27 57 99
27 58 82
27 59 42
27 60 51
27 61 66
27 62 7
27 63 31
27 64 63
27 65 78
27 66 48
27 67 97
27 68 58
27 69 16
27 70 95
27 71 3
27 72 57
27 73 43
27 74 73
27 75 62
27 76 67
27 77 4
27 78 6
27 79 83
27 80 68
27 81 97
27 82 51
27 83 9
27 84 72
27 85 22
27 86 92
27 87 86
27 88 3
27 89 100
27 90 35
27 91 42
27 92 19
27 93 10
27 94 74
27 95 21
27 96 88
27 97 71
27 98 39
27 99 26
27 100 87
27 101 83
27 102 72
27 103 37
27 104 94
27 105 61
27 106 27
27 107 8
27 108 28
27 109 69
27 110 86
27 111 65
27 112 26
27 113 16
27 114 1
27 115 67
27 116 21
27 117 96
27 118 90
27 119 9
28 29 31
28 30 2
28 31 98
28 32 71
28 33 32
28 34 64
28 35 25
28 36 67
28 37 39
28 38 78
28 39 19
28 40 53
28 41 22
28 42 70
28 43 52
28 44 2
28 45 46
28 46 3
28 47 87
28 48 83
28 49 60
28 50 18
28 51 21
28 52 83
28 53 28
28 54 3
28 55 2
28 56 59
28 57 96
28 58 88
28 59 54
28 60 68
28 61 26
28 62 26
28 63 15
28 64 25
28 65 12
28 66 36
28 67 15
28 68 93
28 69 23
28 70 30
28 71 30
28 72 64
28 73 11
28 74 63
28 75 65
28 76 72
28 77 61
28 78 22
28 79 76
28 80 70
28 81 5
28 82 82
28 83 72
28 84 23
28 85 5
28 86 89
28 87 67
28 88 91
28 89 52
28 90 87
28 91 99
28 92 71
28 93 28
28 94 57
28 95 22
28 96 26
28 97 66
28 98 36
28 99 58
28 100 3
28 101 83
28 102 66
28 103 91
28 104 36
28 105 10
28 106 21
28 107 74
28 108 6
28 109 67
28 110 12
28 111 45
28 112 31
28 113 66
28 114 76
28 115 7
28 116 86
28 117 49
28 118 41
28 119 25
29 30 81
29 31 42
29 32 18
29 33 73
29 34 75
29 35 21
29 36 69
29 37 3
29 38 55
29 39 40
29 40 73
29 41 75
29 42 15
29 43 17
29 44 25
29 45 97
29 46 4
29 47 80
29 48 5
29 49 49
29 50 93
29 51 44
29 52 89
29 53 8
29 54 34
29 55 53
29 56 10
29 57 17
29 58 6
29 59 71
29 60 89
29 61 100
29 62 51
29 63 95
29 64 39
29 65 9
29 66 82
29 67 81
29 68 17
29 69 32
29 70 27
29 71 95
29 72 36
29 73 83
29 74 13
29 75 62
29 76 25
29 77 5
29 78 5
29 79 74
29 80 50
29 81 36
29 82 10
29 83 12
29 84 50
29 85 89
29 86 45
29 87 28
29 88 31
29 89 54
29 90 31
29 91 99
29 92 39
29 93 92
29 94 23
29 95 9
29 96 42
29 97 92
29 98 46
29 99 39
29 100 88
29 101 81
29 102 56
29 103 34
29 104 97
29 105 21
29 106 82
29 107 95
29 108 20
29 109 60
29 110 16
29 111 60
29 112 24
29 113 100
29 114 5
29 115 10
29 116 18
29 117 11
29 118 5
29 119 57
30 31 76
30 32 84
30 33 25
30 34 44
30 35 10
30 36 63
30 37 79
30 38 46
30 39 76
30 40 19
30 41 91
30 42 62
30 43 80
30 44 28
30 45 24
30 46 93
30 47 44
30 48 59
30 49 69
30 50 11
30 51 54
30 52 55
30 53 73
30 54 63
30 55 41
30 56 100
30 57 24
30 58 88
30 59 27
30 60 95
30 61 97
30 62 20
30 63 94
30 64 82
30 65 35
30 66 64
30 67 79
30 68 4
30 69 10
30 70 45
30 71 11
30 72 81
30 73 31
30 74 3
30 75 95
30 76 51
30 77 86
30 78 69
30 79 1
30 80 86
30 81 72
30 82 89
30 83 49
30 84 59
30 85 84
30 86 98
30 87 64
30 88 100
30 89 10
30 90 34
30 91 7
30 92 33
30 93 52
30 94 76
30 95 94
30 96 82
30 97 70
30 98 18
30 99 27
30 100 7
30 101 92
30 102 82
30 103 60
30 104 1
30 105 84
30 106 74
30 107 12
30 108 55
30 109 25
30 110 83
30 111 76
30 112 94
30 113 60
30 114 12
30 115 94
30 116 16
30 117 29
30 118 48
30 119 50
31 32 21
31 33 82
31 34 62
31 35 89
31 36 85
31 37 46
31 38 29
31 39 71
31 40 47
31 41 100
31 42 16
31 43 85
31 44 66
31 45 81
31 46 25
31 47 82
31 48 16
31 49 94
31 50 12
31 51 41
31 52 13
31 53 84
31 54 49
31 55 92
31 56 98
31 57 11
31 58 7
31 59 36
31 60 69
31 61 2
31 62 30
31 63 38
31 64 92
31 65 40
31 66 24
31 67 17
31 68 42
31 69 100
31 70 39
31 71 88
31 72 69
31 73 78
31 74 51
31 75 63
31 76 64
31 77 46
31 78 31
31 79 45
31 80 94
31 81 5
31 82 15
31 83 95
31 84 94
31 85 26
31 86 19
31 87 46
31 88 94
31 89 63
31 90 89
31 91 40
31 92 51
31 93 87
31 94 11
31 95 74
31 96 96
31 97 62
31 98 57
31 99 17
31 100 68
31 101 60
31 102 81
31 103 94
31 104 76
31 105 54
31 106 76
31 107 42
31 108 88
31 109 68
31 110 40
31 111 30
31 112 64
31 113 59
31 114 78
31 115 29
31 116 32
31 117 70
31 118 12
31 119 61
32 33 76
32 34 5
32 35 55
32 36 53
32 37 45
32 38 43
32 39 32
32 40 3
32 41 53
32 42 68
32 43 20
32 44 10
32 45 58
32 46 58
32 47 46
32 48 19
32 49 43
32 50 3
32 51 22
32 52 42
32 53 84
32 54 84
32 55 69
32 56 77
32 57 31
32 58 52
32 59 61
32 60 6
32 61 100
32 62 96
32 63 48
32 64 11
32 65 32
32 66 68
32 67 95
32 68 21
32 69 9
32 70 35
32 71 11
32 72 53
32 73 43
32 74 96
32 75 4
32 76 66
32 77 41
32 78 41
32 79 52
32 80 37
32 81 26
32 82 22
32 83 76
32 84 52
32 85 7
32 86 18
32 87 64
32 88 78
32 89 68
32 90 31
32 91 96
32 92 10
32 93 98
32 94 26
32 95 44
32 96 68
32 97 7
32 98 83
32 99 67
32 100 77
32 101 6
32 102 60
32 103 16
32 104 38
32 105 26
32 106 54
32 107 41
32 108 92
32 109 38
32 110 31
32 111 11
32 112 44
32 113 57
32 114 82
32 115 61
32 116 15
32 117 20
32 118 9
32 119 56
33 34 18
33 35 87
33 36 24
33 37 55
33 38 46
33 39 21
33 40 85
33 41 74
33 42 64
33 43 31
33 44 41
33 45 13
33 46 65
33 47 93
33 48 19
33 49 73
33 50 1
33 51 66
33 52 54
33 53 78
33 54 63
33 55 12
33 56 48
33 57 9
33 58 64
33 59 76
33 60 29
33 61 53
33 62 57
33 63 19
33 64 96
33 65 41
33 66 9
33 67 52
33 68 94
33 69 38
33 70 94
33 71 93
33 72 96
33 73 61
33 74 43
33 75 47
33 76 80
33 77 66
33 78 66
33 79 92
33 80 15
33 81 54
33 82 54
33 83 42
33 84 92
33 85 16
33 86 10
33 87 27
33 88 59
33 89 61
33 90 8
33 91 52
33 92 80
33 93 30
33 94 52
33 95 94
33 96 55
33 97 83
33 98 61
33 99 37
33 100 99
33 101 8
33 102 24
33 103 84
33 104 8
33 105 10
33 106 52
33 107 32
33 108 7
33 109 79
33 110 31
33 111 75
33 112 60
33 113 31
33 114 49
33 115 25
33 116 37
33 117 6
33 118 41
33 119 26
34 35 42
34 36 60
34 37 29
34 38 74
34 39 82
34 40 82
34 41 20
34 42 7
34 43 32
34 44 77
34 45 72
34 46 80
34 47 31
34 48 20
34 49 35
34 50 24
34 51 88
34 52 4
34 53 91
34 54 7
34 55 76
34 56 55
34 57 70
34 58 12
34 59 76
34 60 68
34 61 91
34 62 2
34 63 58
34 64 58
34 65 85
34 66 92
34 67 60
34 68 92
34 69 9
34 70 45
34 71 75
34 72 26
34 73 98
34 74 69
34 75 43
34 76 92
34 77 78
34 78 24
34 79 11
34 80 30
34 81 4
34 82 59
34 83 51
34 84 8
34 85 72
34 86 86
34 87 64
34 88 81
34 89 7
34 90 14
34 91 87
34 92 90
34 93 30
34 94 49
34 95 59
34 96 19
34 97 67
34 98 17
34 99 22
34 100 31
34 101 95
34 102 21
34 103 58
34 104 80
34 105 98
34 106 28
34 107 63
34 108 56
34 109 94
34 110 2
34 111 24
34 112 28
34 113 41
34 114 19
34 115 74
34 116 67
34 117 10
34 118 85
34 119 35
35 36 32
35 37 41
35 38 30
35 39 60
35 40 62
35 41 52
35 42 13
35 43 20
35 44 76
35 45 24
35 46 73
35 47 86
35 48 50
35 49 12
35 50 88
35 51 26
35 52 100
35 53 23
35 54 69
35 55 20
35 56 11
35 57 10
35 58 42
35 59 5
35 60 10
35 61 66
35 62 34
35 63 83
35 64 58
35 65 97
35 66 18
35 67 16
35 68 22
35 69 48
35 70 75
35 71 21
35 72 87
35 73 67
35 74 10
35 75 56
35 76 97
35 77 71
35 78 82
35 79 53
35 80 81
35 81 71
35 82 58
35 83 16
35 84 25
35 85 100
35 86 38
35 87 95
35 88 36
35 89 54
35 90 27
35 91 35
35 92 67
35 93 37
35 94 44
35 95 92
35 96 53
35 97 90
35 98 3
35 99 69
35 100 50
35 101 10
35 102 88
35 103 23
35 104 34
35 105 53
35 106 77
35 107 10
35 108 45
35 109 27
35 110 60
35 111 46
35 112 59
35 113 8
35 114 48
35 115 62
35 116 90
35 117 30
35 118 60
35 119 72
36 37 64
36 38 56
36 39 99
36 40 78
36 41 22
36 42 96
36 43 50
36 44 67
36 45 89
36 46 29
36 47 98
36 48 13
36 49 64
36 50 33
36 51 75
36 52 85
36 53 38
36 54 70
36 55 56
36 56 27
36 57 96
36 58 20
36 59 38
36 60 8
36 61 52
36 62 53
36 63 50
36 64 27
36 65 25
36 66 1
36 67 35
36 68 44
36 69 91
36 70 76
36 71 10
36 72 96
36 73 66
36 74 42
36 75 19
36 76 49
36 77 53
36 78 76
36 79 83
36 80 73
36 81 35
36 82 98
36 83 2
36 84 97
36 85 4
36 86 88
36 87 79
36 88 1
36 89 45
36 90 6
36 91 36
36 92 70
36 93 46
36 94 62
36 95 77
36 96 64
36 97 84
36 98 45
36 99 2
36 100 76
36 101 51
36 102 45
36 103 21
36 104 46
36 105 54
36 106 22
36 107 69
36 108 91
36 109 50
36 110 6
36 111 80
36 112 25
36 113 18
36 114 48
36 115 61
36 116 27
36 117 95
36 118 27
36 119 30
37 38 60
37 39 15
37 40 41
37 41 38
37 42 42
37 43 93
37 44 60
37 45 45
37 46 8
37 47 42
37 48 4
37 49 65
37 50 40
37 51 100
37 52 87
37 53 31
37 54 57
37 55 92
37 56 15
37 57 28
37 58 81
37 59 55
37 60 96
37 61 37
37 62 82
37 63 41
37 64 58
37 65 28
37 66 75
37 67 89
37 68 88
37 69 86
37 70 7
37 71 33
37 72 54
37 73 71
37 74 31
37 75 27
37 76 48
37 77 89
37 78 32
37 79 34
37 80 25
37 81 39
37 82 31
37 83 98
37 84 51
37 85 11
37 86 79
37 87 88
37 88 49
37 89 92
37 90 78
37 91 80
37 92 20
37 93 69
37 94 1
37 95 38
37 96 20
37 97 23
37 98 2
37 99 47
37 100 27
37 101 92
37 102 3
37 103 89
37 104 100
37 105 100
37 106 56
37 107 29
37 108 93
37 109 45
37 110 33
37 111 100
37 112 2
37 113 93
37 114 51
37 115 56
37 116 31
37 117 88
37 118 35
37 119 66
38 39 10
38 40 53
38 41 57
38 42 100
38 43 44
38 44 72
38 45 67
38 46 56
38 47 24
38 48 90
38 49 30
38 50 97
38 51 31
38 52 45
38 53 49
38 54 20
38 55 28
38 56 59
38 57 58
38 58 42
38 59 49
38 60 32
38 61 53
38 62 1
38 63 92
38 64 40
38 65 94
38 66 46
38 67 63
38 68 41
38 69 44
38 70 27
38 71 72
38 72 8
38 73 99
38 74 15
38 75 4
38 76 48
38 77 66
38 78 27
38 79 42
38 80 65
38 81 13
38 82 78
38 83 97
38 84 43
38 85 39
38 86 36
38 87 86
38 88 16
38 89 76
38 90 45
38 91 79
38 92 5
38 93 22
38 94 35
38 95 42
38 96 48
38 97 85
38 98 71
38 99 27
38 100 70
38 101 57
38 102 28
38 103 95
38 104 36
38 105 50
38 106 28
38 107 37
38 108 98
38 109 57
38 110 67
38 111 88
38 112 73
38 113 70
38 114 28
38 115 4
38 116 3
38 117 85
38 118 21
38 119 50
39 40 49
39 41 97
39 42 75
39 43 90
39 44 44
39 45 24
39 46 23
39 47 49
39 48 96
39 49 63
39 50 91
39 51 50
39 52 92
39 53 45
39 54 79
39 55 92
39 56 48
39 57 7
39 58 25
39 59 79
39 60 80
39 61 94
39 62 81
39 63 100
39 64 30
39 65 11
39 66 64
39 67 75
39 68 4
39 69 51
39 70 30
39 71 82
39 72 96
39 73 77
39 74 99
39 75 28
39 76 44
39 77 46
39 78 66
39 79 41
39 80 70
39 81 4
39 82 97
39 83 83
39 84 76
39 85 58
39 86 94
39 87 86
39 88 8
39 89 99
39 90 6
39 91 97
39 92 15
39 93 73
39 94 78
39 95 68
39 96 73
39 97 21
39 98 3
39 99 63
39 100 63
39 101 96
39 102 72
39 103 6
39 104 35
39 105 35
39 106 18
39 107 50
39 108 7
39 109 4
39 110 85
39 111 90
39 112 87
39 113 17
39 114 67
39 115 18
39 116 1
39 117 74
39 118 85
39 119 51
40 41 51
40 42 9
40 43 91
40 44 55
40 45 38
40 46 61
40 47 28
40 48 15
40 49 76
40 50 12
40 51 7
40 52 24
40 53 30
40 54 79
40 55 11
40 56 83
40 57 39
40 58 17
40 59 52
40 60 8
40 61 70
40 62 4
40 63 17
40 64 6
40 65 60
40 66 100
40 67 55
40 68 58
40 69 29
40 70 31
40 71 3
40 72 25
40 73 15
40 74 30
40 75 15
40 76 7
40 77 72
40 78 84
40 79 70
40 80 86
40 81 21
40 82 44
40 83 12
40 84 70
40 85 83
40 86 53
40 87 40
40 88 37
40 89 86
40 90 71
40 91 41
40 92 44
40 93 45
40 94 43
40 95 18
40 96 66
40 97 31
40 98 59
40 99 93
40 100 94
40 101 98
40 102 67
40 103 64
40 104 37
40 105 60
40 106 24
40 107 48
40 108 97
40 109 83
40 110 99
40 111 25
40 112 68
40 113 83
40 114 76
40 115 28
40 116 13
40 117 26
40 118 89
40 119 65
41 42 28
41 43 10
41 44 41
41 45 98
41 46 28
41 47 39
41 48 69
41 49 73
41 50 22
41 51 58
41 52 59
41 53 66
41 54 28
41 55 61
41 56 40
41 57 97
41 58 74
41 59 94
41 60 35
41 61 27
41 62 5
41 63 2
41 64 10
41 65 69
41 66 99
41 67 44
41 68 49
41 69 52
41 70 10
41 71 73
41 72 8
41 73 33
41 74 30
41 75 50
41 76 99
41 77 3
41 78 89
41 79 23
41 80 84
41 81 77
41 82 55
41 83 19
41 84 29
41 85 94
41 86 65
41 87 30
41 88 36
41 89 67
41 90 11
41 91 16
41 92 92
41 93 57
41 94 79
41 95 75
41 96 28
41 97 80
41 98 20
41 99 14
41 100 89
41 101 95
41 102 48
41 103 53
41 104 16
41 105 30
41 106 32
41 107 59
41 108 33
41 109 54
41 110 89
41 111 57
41 112 65
41 113 10
41 114 97
41 115 61
41 116 78
41 117 9
41 118 73
41 119 25
42 43 93
42 44 7
42 45 20
42 46 91
42 47 7
42 48 4
42 49 32
42 50 95
42 51 63
42 52 62
42 53 63
42 54 3
42 55 60
42 56 70
42 57 99
42 58 44
42 59 44
42 60 30
42 61 30
42 62 88
42 63 100
42 64 98
42 65 32
42 66 89
42 67 86
42 68 15
42 69 88
42 70 47
42 71 45
42 72 14
42 73 72
42 74 15
42 75 62
42 76 71
42 77 93
42 78 97
42 79 7
42 80 21
42 81 80
42 82 22
42 83 94
42 84 15
42 85 77
42 86 24
42 87 95
42 88 11
42 89 72
42 90 86
42 91 4
42 92 81
42 93 19
42 94 57
42 95 90
42 96 92
42 97 72
42 98 64
42 99 56
42 100 91
42 101 45
42 102 20
42 103 87
42 104 81
42 105 27
42 106 18
42 107 17
42 108 93
42 109 45
42 110 74
42 111 93
42 112 63
42 113 49
42 114 64
42 115 73
42 116 61
42 117 92
42 118 5
42 119 96
43 44 8
43 45 68
43 46 11
43 47 62
43 48 66
43 49 83
43 50 57
43 51 8
43 52 62
43 53 51
43 54 39
43 55 50
43 56 93
43 57 76
43 58 31
43 59 61
43 60 56
43 61 53
43 62 32
43 63 22
43 64 76
43 65 70
43 66 40
43 67 67
43 68 5
43 69 17
43 70 3
43 71 53
43 72 41
43 73 95
43 74 77
43 75 57
43 76 100
43 77 81
43 78 74
43 79 97
43 80 85
43 81 47
43 82 14
43 83 81
43 84 24
43 85 88
43 86 13
43 87 87
43 88 48
43 89 72
43 90 59
43 91 99
43 92 98
43 93 33
43 94 9
43 95 68
43 96 28
43 97 54
43 98 70
43 99 89
43 100 82
43 101 98
43 102 74
43 103 20
43 104 54
43 105 62
43 106 100
43 107 69
43 108 58
43 109 32
43 110 72
43 111 15
43 112 49
43 113 15
43 114 94
43 115 84
43 116 87
43 117 40
43 118 87
43 119 72
44 45 8
44 46 27
44 47 30
44 48 100
44 49 40
44 50 95
44 51 4
44 52 47
44 53 10
44 54 87
44 55 72
44 56 44
44 57 5
44 58 51
44 59 48
44 60 31
44 61 42
44 62 48
44 63 97
44 64 86
44 65 37
44 66 87
44 67 69
44 68 94
44 69 51
44 70 93
44 71 35
44 72 51
44 73 4
44 74 76
44 75 39
44 76 27
44 77 7
44 78 37
44 79 45
44 80 64
44 81 56
44 82 76
44 83 52
44 84 23
44 85 55
44 86 17
44 87 56
44 88 75
44 89 23
44 90 99
44 91 58
44 92 17
44 93 55
44 94 27
44 95 13
44 96 74
44 97 55
44 98 54
44 99 55
44 100 20
44 101 35
44 102 16
44 103 82
44 104 82
44 105 78
44 106 29
44 107 2
44 108 95
44 109 38
44 110 59
44 111 16
44 112 88
44 113 16
44 114 72
44 115 77
44 116 39
44 117 82
44 118 72
44 119 26
45 46 70
45 47 36
45 48 89
45 49 32
45 50 66
45 51 68
45 52 56
45 53 76
45 54 77
45 55 97
45 56 61
45 57 68
45 58 82
45 59 75
45 60 18
45 61 87
45 62 87
45 63 58
45 64 50
45 65 32
45 66 49
45 67 40
45 68 45
45 69 65
45 70 14
45 71 13
45 72 43
45 73 65
45 74 66
45 75 75
45 76 80
45 77 9
45 78 80
45 79 15
45 80 83
45 81 22
45 82 29
45 83 42
45 84 16
45 85 33
45 86 94
45 87 79
45 88 46
45 89 93
45 90 80
45 91 88
45 92 57
45 93 71
45 94 36
45 95 85
45 96 90
45 97 54
45 98 79
45 99 74
45 100 14
45 101 57
45 102 55
45 103 85
45 104 72
45 105 72
45 106 54
45 107 11
45 108 50
45 109 100
45 110 36
45 111 10
45 112 42
45 113 52
45 114 10
45 115 78
45 116 84
45 117 91
45 118 84
45 119 12
46 47 92
46 48 66
46 49 90
46 50 50
46 51 5
46 52 71
46 53 76
46 54 98
46 55 20
46 56 79
46 57 7
46 58 37
46 59 25
46 60 41
46 61 92
46 62 48
46 63 43
46 64 29
46 65 97
46 66 30
46 67 9
46 68 72
46 69 32
46 70 65
46 71 73
46 72 84
46 73 11
46 74 72
46 75 3
46 76 28
46 77 80
46 78 76
46 79 48
46 80 17
46 81 56
46 82 51
46 83 57
46 84 38
46 85 62
46 86 69
46 87 21
46 88 52
46 89 11
46 90 92
46 91 44
46 92 4
46 93 50
46 94 32
46 95 30
46 96 30
46 97 10
46 98 59
46 99 34
46 100 76
46 101 96
46 102 49
46 103 96
46 104 5
46 105 97
46 106 85
46 107 65
46 108 91
46 109 24
46 110 17
46 111 44
46 112 27
46 113 36
46 114 43
46 115 67
46 116 89
46 117 65
46 118 57
46 119 49
47 48 14
47 49 5
47 50 98
47 51 75
47 52 18
47 53 16
47 54 51
47 55 54
47 56 17
47 57 72
47 58 56
47 59 49
47 60 14
47 61 52
47 62 93
47 63 50
47 64 40
47 65 93
47 66 98
47 67 67
47 68 71
47 69 40
47 70 14
47 71 82
47 72 75
47 73 82
47 74 10
47 75 98
47 76 40
47 77 39
47 78 58
47 79 70
47 80 78
47 81 60
47 82 17
47 83 27
47 84 73
47 85 66
47 86 66
47 87 47
47 88 53
47 89 84
47 90 87
47 91 90
47 92 8
47 93 50
47 94 88
47 95 87
47 96 74
47 97 91
47 98 72
47 99 21
47 100 91
47 101 23
47 102 76
47 103 95
47 104 13
47 105 51
47 106 71
47 107 98
47 108 38
47 109 52
47 110 14
47 111 32
47 112 51
47 113 89
47 114 46
47 115 86
47 116 75
47 117 20
47 118 68
47 119 32
48 49 33
48 50 36
48 51 1
48 52 15
48 53 28
48 54 56
48 55 23
48 56 1
48 57 99
48 58 29
48 59 78
48 60 40
48 61 10
48 62 66
48 63 21
48 64 88
48 65 43
48 66 83
48 67 68
48 68 75
48 69 79
48 70 25
48 71 82
48 72 47
48 73 64
48 74 44
48 75 85
48 76 100
48 77 88
48 78 70
48 79 60
48 80 66
48 81 19
48 82 49
48 83 68
48 84 90
48 85 62
48 86 56
48 87 59
48 88 40
48 89 34
48 90 69
48 91 4
48 92 9
48 93 72
48 94 9
48 95 32
48 96 14
48 97 98
48 98 87
48 99 83
48 100 33
48 101 65
48 102 53
48 103 97
48 104 29
48 105 22
48 106 89
48 107 13
48 108 7
48 109 51
48 110 49
48 111 35
48 112 86
48 113 10
48 114 77
48 115 48
48 116 60
48 117 2
48 118 4
48 119 28
49 50 12
49 51 85
49 52 81
49 53 66
49 54 5
49 55 7
49 56 63
49 57 19
49 58 41
49 59 65
49 60 7
49 61 24
49 62 71
49 63 16
49 64 72
49 65 32
49 66 38
49 67 23
49 68 55
49 69 29
49 70 14
49 71 19
49 72 9
49 73 44
49 74 4
49 75 39
49 76 95
49 77 94
49 78 92
49 79 97
49 80 6
49 81 64
49 82 42
49 83 16
49 84 36
49 85 98
49 86 17
49 87 15
49 88 24
49 89 28
49 90 78
49 91 7
49 92 100
49 93 91
49 94 94
49 95 66
49 96 12
49 97 79
49 98 59
49 99 71
49 100 73
49 101 45
49 102 61
49 103 94
49 104 61
49 105 4
49 106 23
49 107 63
49 108 39
49 109 32
49 110 83
49 111 85
49 112 94
49 113 70
49 114 87
49 115 28
49 116 78
49 117 30
49 118 21
49 119 47
50 51 26
50 52 87
50 53 16
50 54 66
50 55 67
50 56 41
50 57 10
50 58 96
50 59 81
50 60 32
50 61 30
50 62 6
50 63 17
50 64 60
50 65 53
50 66 37
50 67 93
50 68 90
50 69 94
50 70 98
50 71 59
50 72 94
50 73 39
50 74 4
50 75 16
50 76 60
50 77 92
50 78 10
50 79 14
50 80 8
50 81 71
50 82 36
50 83 100
50 84 56
50 85 47
50 86 24
50 87 2
50 88 54
50 89 92
50 90 29
50 91 59
50 92 72
50 93 35
50 94 27
50 95 55
50 96 95
50 97 72
50 98 44
50 99 82
50 100 8
50 101 63
50 102 41
50 103 14
50 104 33
50 105 1
50 106 41
50 107 61
50 108 31
50 109 36
50 110 83
50 111 69
50 112 94
50 113 63
50 114 66
50 115 81
50 116 17
50 117 25
50 118 100
50 119 1
51 52 1
51 53 23
51 54 87
51 55 42
51 56 34
51 57 32
51 58 54
51 59 63
51 60 51
51 61 43
51 62 16
51 63 87
51 64 82
51 65 62
51 66 39
51 67 52
51 68 47
51 69 74
51 70 14
51 71 80
51 72 81
51 73 81
51 74 66
51 75 26
51 76 92
51 77 98
51 78 15
51 79 42
51 80 11
51 81 59
51 82 18
51 83 48
51 84 27
51 85 18
51 86 94
51 87 63
51 88 97
51 89 87
51 90 98
51 91 11
51 92 17
51 93 79
51 94 4
51 95 98
51 96 95
51 97 69
51 98 16
51 99 33
51 100 49
51 101 95
51 102 94
51 103 70
51 104 28
51 105 72
51 106 71
51 107 74
51 108 91
51 109 20
51 110 15
51 111 18
51 112 96
51 113 95
51 114 57
51 115 23
51 116 7
51 117 33
51 118 75
51 119 21
52 53 67
52 54 91
52 55 77
52 56 16
52 57 81
52 58 87
52 59 10
52 60 91
52 61 20
52 62 19
52 63 65
52 64 65
52 65 93
52 66 31
52 67 3
52 68 38
52 69 50
52 70 27
52 71 20
52 72 49
52 73 7
52 74 41
52 75 64
52 76 47
52 77 56
52 78 67
52 79 34
52 80 28
52 81 58
52 82 44
52 83 96
52 84 68
52 85 47
52 86 97
52 87 23
52 88 25
52 89 50
52 90 37
52 91 9
52 92 22
52 93 37
52 94 40
52 95 17
52 96 20
52 97 87
52 98 85
52 99 34
52 100 55
52 101 94
52 102 80
52 103 41
52 104 93
52 105 94
52 106 14
52 107 86
52 108 91
52 109 8
52 110 54
52 111 50
52 112 58
52 113 45
52 114 28
52 115 43
52 116 97
52 117 87
52 118 18
52 119 50
53 54 74
53 55 67
53 56 16
53 57 90
53 58 49
53 59 19
53 60 13
53 61 92
53 62 91
53 63 59
53 64 80
53 65 81
53 66 39
53 67 9
53 68 23
53 69 47
53 70 2
53 71 24
53 72 100
53 73 66
53 74 36
53 75 63
53 76 82
53 77 35
53 78 98
53 79 40
53 80 19
53 81 41
53 82 16
53 83 32
53 84 21
53 85 14
53 86 9
53 87 98
53 88 94
53 89 19
53 90 21
53 91 24
53 92 70
53 93 97
53 94 33
53 95 23
53 96 86
53 97 22
53 98 89
53 99 21
53 100 100
53 101 17
53 102 11
53 103 57
53 104 13
53 105 58
53 106 49
53 107 97
53 108 72
53 109 64
53 110 11
53 111 91
53 112 57
53 113 8
53 114 89
53 115 38
53 116 88
53 117 64
53 118 10
53 119 48
54 55 27
54 56 91
54 57 73
54 58 93
54 59 81
54 60 45
54 61 14
54 62 61
54 63 14
54 64 94
54 65 30
54 66 56
54 67 33
54 68 61
54 69 78
54 70 97
54 71 82
54 72 34
54 73 85
54 74 34
54 75 37
54 76 99
54 77 65
54 78 76
54 79 65
54 80 34
54 81 68
54 82 93
54 83 30
54 84 90
54 85 92
54 86 84
54 87 86
54 88 80
54 89 19
54 90 23
54 91 60
54 92 38
54 93 77
54 94 13
54 95 38
54 96 30
54 97 70
54 98 73
54 99 76
54 100 66
54 101 79
54 102 27
54 103 69
54 104 80
54 105 83
54 106 37
54 107 12
54 108 65
54 109 16
54 110 55
54 111 72
54 112 78
54 113 39
54 114 6
54 115 98
54 116 57
54 117 70
54 118 31
54 119 35
55 56 57
55 57 75
55 58 60
55 59 22
55 60 46
55 61 65
55 62 64
55 63 19
55 64 93
55 65 75
55 66 16
55 67 59
55 68 25
55 69 98
55 70 1
55 71 52
55 72 26
55 73 49
55 74 81
55 75 22
55 76 76
55 77 84
55 78 48
55 79 100
55 80 38
55 81 16
55 82 71
55 83 11
55 84 53
55 85 71
55 86 36
55 87 74
55 88 47
55 89 93
55 90 66
55 91 78
55 92 43
55 93 75
55 94 57
55 95 22
55 96 5
55 97 56
55 98 18
55 99 86
55 100 5
55 101 47
55 102 25
55 103 41
55 104 12
55 105 52
55 106 71
55 107 48
55 108 97
55 109 8
55 110 30
55 111 40
55 112 6
55 113 11
55 114 15
55 115 47
55 116 30
55 117 6
55 118 42
55 119 43
56 57 80
56 58 70
56 59 31
56 60 71
56 61 58
56 62 97
56 63 30
56 64 46
56 65 95
56 66 68
56 67 31
56 68 20
56 69 38
56 70 80
56 71 52
56 72 21
56 73 52
56 74 17
56 75 35
56 76 73
56 77 2
56 78 51
56 79 46
56 80 97
56 81 87
56 82 99
56 83 94
56 84 45
56 85 49
56 86 73
56 87 21
56 88 31
56 89 3
56 90 30
56 91 67
56 92 55
56 93 23
56 94 14
56 95 91
56 96 66
56 97 39
56 98 74
56 99 24
56 100 60
56 101 33
56 102 84
56 103 12
56 104 26
56 105 21
56 106 92
56 107 39
56 108 72
56 109 33
56 110 18
56 111 81
56 112 48
56 113 79
56 114 40
56 115 17
56 116 97
56 117 31
56 118 35
56 119 19
57 58 64
57 59 73
57 60 9
57 61 59
57 62 59
57 63 25
57 64 38
57 65 29
57 66 41
57 67 20
57 68 98
57 69 56
57 70 73
57 71 27
57 72 32
57 73 58
57 74 31
57 75 29
57 76 30
57 77 28
57 78 65
57 79 83
57 80 41
57 81 34
57 82 36
57 83 91
57 84 38
57 85 11
57 86 55
57 87 98
57 88 91
57 89 86
57 90 75
57 91 51
57 92 25
57 93 42
57 94 39
57 95 10
57 96 45
57 97 43
57 98 25
57 99 40
57 100 20
57 101 15
57 102 52
57 103 88
57 104 17
57 105 40
57 106 30
57 107 87
57 108 43
57 109 74
57 110 51
57 111 49
57 112 14
57 113 82
57 114 77
57 115 50
57 116 2
57 117 14
57 118 58
57 119 23
58 59 11
58 60 92
58 61 5
58 62 87
58 63 88
58 64 87
58 65 25
58 66 6
58 67 41
58 68 38
58 69 11
58 70 19
58 71 70
58 72 93
58 73 74
58 74 63
58 75 51
58 76 34
58 77 17
58 78 93
58 79 7
58 80 83
58 81 11
58 82 99
58 83 76
58 84 5
58 85 54
58 86 59
58 87 68
58 88 26
58 89 32
58 90 13
58 91 72
58 92 40
58 93 40
58 94 11
58 95 12
58 96 71
58 97 13
58 98 9
58 99 58
58 100 95
58 101 51
58 102 65
58 103 46
58 104 67
58 105 99
58 106 55
58 107 60
58 108 2
58 109 95
58 110 60
58 111 39
58 112 49
58 113 88
58 114 61
58 115 46
58 116 48
58 117 11
58 118 90
58 119 86
59 60 38
59 61 97
59 62 7
59 63 80
59 64 23
59 65 77
59 66 36
59 67 92
59 68 96
59 69 1
59 70 56
59 71 66
59 72 94
59 73 69
59 74 83
59 75 69
59 76 99
59 77 84
59 78 5
59 79 34
59 80 23
59 81 96
59 82 65
59 83 46
59 84 30
59 85 15
59 86 47
59 87 39
59 88 81
59 89 45
59 90 35
59 91 59
59 92 78
59 93 13
59 94 20
59 95 98
59 96 26
59 97 82
59 98 26
59 99 91
59 100 67
59 101 4
59 102 30
59 103 39
59 104 27
59 105 47
59 106 98
59 107 20
59 108 31
59 109 60
59 110 38
59 111 6
59 112 47
59 113 82
59 114 72
59 115 7
59 116 28
59 117 23
59 118 52
59 119 51
60 61 9
60 62 95
60 63 18
60 64 9
60 65 96
60 66 15
60 67 82
60 68 37
60 69 54
60 70 99
60 71 100
60 72 14
60 73 11
60 74 7
60 75 40
60 76 24
60 77 88
60 78 68
60 79 25
60 80 50
60 81 53
60 82 62
60 83 100
60 84 81
60 85 59
60 86 41
60 87 73
60 88 21
60 89 96
60 90 48
60 91 80
60 92 40
60 93 7
60 94 71
60 95 78
60 96 78
60 97 12
60 98 2
60 99 27
60 100 72
60 101 28
60 102 76
60 103 18
60 104 35
60 105 21
60 106 20
60 107 53
60 108 75
60 109 68
60 110 73
60 111 27
60 112 79
60 113 12
60 114 48
60 115 45
60 116 69
60 117 19
60 118 20
60 119 82
61 62 56
61 63 76
61 64 39
61 65 54
61 66 97
61 67 35
61 68 79
61 69 33
61 70 32
61 71 16
61 72 3
61 73 83
61 74 54
61 75 67
61 76 23
61 77 88
61 78 80
61 79 13
61 80 81
61 81 8
61 82 62
61 83 74
61 84 84
61 85 12
61 86 18
61 87 74
61 88 1
61 89 60
61 90 99
61 91 38
61 92 83
61 93 4
61 94 12
61 95 22
61 96 13
61 97 70
61 98 16
61 99 83
61 100 92
61 101 57
61 102 49
61 103 68
61 104 53
61 105 57
61 106 6
61 107 23
61 108 93
61 109 57
61 110 59
61 111 28
61 112 90
61 113 42
61 114 57
61 115 98
61 116 97
61 117 24
61 118 10
61 119 72
62 63 51
62 64 71
62 65 48
62 66 20
62 67 88
62 68 100
62 69 81
62 70 68
62 71 48
62 72 76
62 73 40
62 74 35
62 75 95
62 76 16
62 77 41
62 78 55
62 79 78
62 80 28
62 81 34
62 82 57
62 83 12
62 84 91
62 85 58
62 86 11
62 87 34
62 88 74
62 89 63
62 90 39
62 91 29
62 92 29
62 93 76
62 94 38
62 95 83
62 96 74
62 97 3
62 98 34
62 99 43
62 100 69
62 101 100
62 102 85
62 103 33
62 104 34
62 105 41
62 106 18
62 107 16
62 108 98
62 109 31
62 110 97
62 111 77
62 112 6
62 113 14
62 114 63
62 115 31
62 116 40
62 117 89
62 118 44
62 119 69
63 64 85
63 65 41
63 66 39
63 67 18
63 68 63
63 69 93
63 70 24
63 71 47
63 72 54
63 73 82
63 74 2
63 75 1
63 76 59
63 77 82
63 78 93
63 79 81
63 80 92
63 81 93
63 82 88
63 83 63
63 84 71
63 85 37
63 86 35
63 87 90
63 88 86
63 89 24
63 90 63
63 91 82
63 92 22
63 93 83
63 94 100
63 95 81
63 96 50
63 97 56
63 98 68
63 99 44
63 100 41
63 101 34
63 102 2
63 103 50
63 104 81
63 105 38
63 106 33
63 107 94
63 108 97
63 109 68
63 110 82
63 111 62
63 112 3
63 113 5
63 114 92
63 115 60
63 116 37
63 117 94
63 118 81
63 119 58
64 65 57
64 66 91
64 67 78
64 68 42
64 69 75
64 70 93
64 71 67
64 72 72
64 73 15
64 74 73
64 75 10
64 76 33
64 77 37
64 78 21
64 79 45
64 80 25
64 81 95
64 82 81
64 83 84
64 84 91
64 85 55
64 86 69
64 87 98
64 88 97
64 89 21
64 90 32
64 91 41
64 92 73
64 93 28
64 94 26
64 95 43
64 96 77
64 97 32
64 98 5
64 99 71
64 100 84
64 101 38
64 102 45
64 103 71
64 104 54
64 105 32
64 106 62
64 107 92
64 108 93
64 109 3
64 110 82
64 111 2
64 112 78
64 113 3
64 114 77
64 115 21
64 116 20
64 117 61
64 118 38
64 119 6
65 66 74
65 67 92
65 68 62
65 69 58
65 70 26
65 71 52
65 72 40
65 73 77
65 74 51
65 75 27
65 76 93
65 77 72
65 78 32
65 79 5
65 80 39
65 81 16
65 82 66
65 83 78
65 84 81
65 85 26
65 86 61
65 87 78
65 88 94
65 89 53
65 90 24
65 91 30
65 92 34
65 93 56
65 94 15
65 95 85
65 96 43
65 97 50
65 98 67
65 99 62
65 100 44
65 101 48
65 102 36
65 103 7
65 104 56
65 105 37
65 106 45
65 107 85
65 108 79
65 109 64
65 110 24
65 111 48
65 112 42
65 113 98
65 114 85
65 115 91
65 116 31
65 117 87
65 118 53
65 119 64
66 67 63
66 68 65
66 69 6
66 70 53
66 71 45
66 72 73
66 73 83
66 74 53
66 75 49
66 76 16
66 77 30
66 78 40
66 79 27
66 80 39
66 81 16
66 82 20
66 83 96
66 84 6
66 85 34
66 86 28
66 87 62
66 88 16
66 89 75
66 90 49
66 91 95
66 92 49
66 93 60
66 94 34
66 95 59
66 96 38
66 97 57
66 98 17
66 99 99
66 100 48
66 101 22
66 102 32
66 103 69
66 104 100
66 105 7
66 106 86
66 107 3
66 108 45
66 109 14
66 110 27
66 111 40
66 112 67
66 113 81
66 114 3
66 115 12
66 116 21
66 117 94
66 118 56
66 119 19
67 68 26
67 69 26
67 70 51
67 71 43
67 72 61
67 73 74
67 74 81
67 75 9
67 76 36
67 77 15
67 78 83
67 79 68
67 80 8
67 81 9
67 82 69
67 83 39
67 84 50
67 85 94
67 86 15
67 87 58
67 88 96
67 89 44
67 90 8
67 91 84
67 92 25
67 93 50
67 94 67
67 95 32
67 96 26
67 97 27
67 98 93
67 99 96
67 100 97
67 101 1
67 102 19
67 103 79
67 104 40
67 105 69
67 106 92
67 107 74
67 108 77
67 109 34
67 110 64
67 111 45
67 112 92
67 113 25
67 114 84
67 115 11
67 116 65
67 117 28
67 118 17
67 119 61
68 69 32
68 70 89
68 71 6
68 72 13
68 73 70
68 74 59
68 75 27
68 76 68
68 77 5
68 78 68
68 79 48
68 80 90
68 81 33
68 82 32
68 83 76
68 84 16
68 85 30
68 86 55
68 87 19
68 88 84
68 89 78
68 90 71
68 91 41
68 92 39
68 93 39
68 94 92
68 95 56
68 96 31
68 97 95
68 98 73
68 99 90
68 100 54
68 101 68
68 102 50
68 103 73
68 104 3
68 105 72
68 106 75
68 107 15
68 108 90
68 109 61
68 110 96
68 111 100
68 112 27
68 113 74
68 114 64
68 115 21
68 116 90
68 117 35
68 118 71
68 119 39
69 70 49
69 71 48
69 72 26
69 73 31
69 74 79
69 75 34
69 76 75
69 77 58
69 78 76
69 79 39
69 80 27
69 81 48
69 82 24
69 83 25
69 84 61
69 85 86
69 86 15
69 87 69
69 88 37
69 89 51
69 90 40
69 91 27
69 92 5
69 93 76
69 94 41
69 95 10
69 96 16
69 97 69
69 98 5
69 99 75
69 100 57
69 101 50
69 102 84
69 103 24
69 104 18
69 105 61
69 106 59
69 107 49
69 108 87
69 109 17
69 110 21
69 111 84
69 112 85
69 113 84
69 114 100
69 115 18
69 116 19
69 117 53
69 118 58
69 119 69
70 71 98
70 72 48
70 73 31
70 74 76
70 75 83
70 76 59
70 77 67
70 78 93
70 79 72
70 80 66
70 81 19
70 82 20
70 83 40
70 84 86
70 85 65
70 86 67
70 87 32
70 88 55
70 89 60
70 90 29
70 91 61
70 92 48
70 93 2
70 94 89
70 95 80
70 96 39
70 97 73
70 98 33
70 99 97
70 100 32
70 101 58
70 102 13
70 103 33
70 104 53
70 105 61
70 106 41
70 107 74
70 108 93
70 109 79
70 110 55
70 111 62
70 112 22
70 113 46
70 114 15
70 115 62
70 116 69
70 117 65
70 118 78
70 119 60
71 72 68
71 73 30
71 74 96
71 75 68
71 76 17
71 77 41
71 78 48
71 79 40
71 80 41
71 81 15
71 82 33
71 83 77
71 84 48
71 85 57
71 86 55
71 87 26
71 88 22
71 89 81
71 90 50
71 91 15
71 92 50
71 93 20
71 94 52
71 95 90
71 96 58
71 97 63
71 98 70
71 99 56
71 100 52
71 101 88
71 102 84
71 103 52
71 104 43
71 105 8
71 106 49
71 107 56
71 108 83
71 109 19
71 110 22
71 111 79
71 112 92
71 113 67
71 114 32
71 115 61
71 116 51
71 117 90
71 118 41
71 119 30
72 73 80
72 74 54
72 75 15
72 76 63
72 77 72
72 78 42
72 79 65
72 80 96
72 81 44
72 82 21
72 83 59
72 84 84
72 85 82
72 86 84
72 87 94
72 88 97
72 89 60
72 90 30
72 91 17
72 92 39
72 93 87
72 94 9
72 95 3
72 96 49
72 97 31
72 98 98
72 99 23
72 100 90
72 101 72
72 102 55
72 103 85
72 104 26
72 105 60
72 106 1
72 107 34
72 108 50
72 109 5
72 110 45
72 111 38
72 112 65
72 113 5
72 114 92
72 115 94
72 116 38
72 117 12
72 118 85
72 119 10
73 74 38
73 75 32
73 76 99
73 77 25
73 78 53
73 79 76
73 80 79
73 81 62
73 82 86
73 83 62
73 84 94
73 85 35
73 86 97
73 87 28
73 88 18
73 89 97
73 90 73
73 91 52
73 92 95
73 93 74
73 94 32
73 95 26
73 96 88
73 97 22
73 98 26
73 99 3
73 100 64
73 101 82
73 102 41
73 103 7
73 104 36
73 105 40
73 106 65
73 107 10
73 108 66
73 109 11
73 110 12
73 111 80
73 112 39
73 113 38
73 114 52
73 115 67
73 116 78
73 117 7
73 118 95
73 119 15
74 75 43
74 76 53
74 77 68
74 78 14
74 79 40
74 80 84
74 81 64
74 82 61
74 83 5
74 84 33
74 85 64
74 86 73
74 87 69
74 88 38
74 89 44
74 90 63
74 91 82
74 92 40
74 93 97
74 94 68
74 95 56
74 96 20
74 97 35
74 98 90
74 99 23
74 100 46
74 101 52
74 102 78
74 103 23
74 104 51
74 105 37
74 106 29
74 107 48
74 108 43
74 109 14
74 110 38
74 111 30
74 112 57
74 113 38
74 114 67
74 115 97
74 116 77
74 117 21
74 118 7
74 119 79
75 76 37
75 77 32
75 78 57
75 79 78
75 80 78
75 81 83
75 82 38
75 83 84
75 84 70
75 85 6
75 86 94
75 87 28
75 88 71
75 89 23
75 90 78
75 91 66
75 92 74
75 93 20
75 94 40
75 95 5
75 96 6
75 97 29
75 98 83
75 99 26
75 100 49
75 101 12
75 102 5
75 103 47
75 104 20
75 105 77
75 106 30
75 107 77
75 108 37
75 109 62
75 110 2
75 111 56
75 112 40
75 113 7
75 114 80
75 115 48
75 116 96
75 117 75
75 118 87
75 119 41
76 77 11
76 78 82
76 79 90
76 80 60
76 81 19
76 82 78
76 83 94
76 84 89
76 85 41
76 86 69
76 87 72
76 88 27
76 89 57
76 90 30
76 91 52
76 92 55
76 93 60
76 94 17
76 95 70
76 96 38
76 97 15
76 98 61
76 99 69
76 100 39
76 101 99
76 102 100
76 103 89
76 104 52
76 105 76
76 106 58
76 107 25
76 108 64
76 109 79
76 110 99
76 111 43
76 112 17
76 113 62
76 114 54
76 115 6
76 116 52
76 117 15
76 118 84
76 119 37
77 78 93
77 79 86
77 80 67
77 81 31
77 82 74
77 83 53
77 84 36
77 85 93
77 86 30
77 87 89
77 88 12
77 89 67
77 90 27
77 91 53
77 92 17
77 93 75
77 94 46
77 95 7
77 96 61
77 97 18
77 98 100
77 99 34
77 100 4
77 101 63
77 102 39
77 103 87
77 104 76
77 105 24
77 106 20
77 107 88
77 108 83
77 109 9
77 110 43
77 111 15
77 112 14
77 113 53
77 114 47
77 115 84
77 116 77
77 117 5
77 118 14
77 119 67
78 79 77
78 80 53
78 81 46
78 82 29
78 83 21
78 84 35
78 85 40
78 86 33
78 87 43
78 88 58
78 89 41
78 90 21
78 91 1
78 92 58
78 93 11
78 94 91
78 95 92
78 96 65
78 97 75
78 98 33
78 99 62
78 100 55
78 101 54
78 102 50
78 103 67
78 104 15
78 105 62
78 106 73
78 107 5
78 108 55
78 109 5
78 110 78
78 111 21
78 112 33
78 113 93
78 114 49
78 115 15
78 116 9
78 117 45
78 118 36
78 119 7
79 80 27
79 81 42
79 82 50
79 83 13
79 84 92
79 85 72
79 86 80
79 87 66
79 88 31
79 89 14
79 90 56
79 91 41
79 92 53
79 93 25
79 94 86
79 95 17
79 96 18
79 97 16
79 98 84
79 99 61
79 100 18
79 101 4
79 102 43
79 103 27
79 104 88
79 105 62
79 106 91
79 107 82
79 108 81
79 109 68
79 110 65
79 111 84
79 112 42
79 113 79
79 114 70
79 115 33
79 116 72
79 117 72
79 118 5
79 119 75
80 81 62
80 82 75
80 83 95
80 84 39
80 85 80
80 86 38
80 87 53
80 88 83
80 89 98
80 90 75
80 91 9
80 92 38
80 93 10
80 94 73
80 95 79
80 96 53
80 97 40
80 98 23
80 99 70
80 100 72
80 101 50
80 102 16
80 103 90
80 104 46
80 105 42
80 106 54
80 107 51
80 108 43
80 109 52
80 110 19
80 111 45
80 112 74
80 113 15
80 114 15
80 115 4
80 116 24
80 117 99
80 118 21
80 119 76
81 82 15
81 83 78
81 84 71
81 85 75
81 86 82
81 87 71
81 88 76
81 89 44
81 90 80
81 91 62
81 92 15
81 93 91
81 94 67
81 95 70
81 96 83
81 97 42
81 98 76
81 99 43
81 100 51
81 101 40
81 102 92
81 103 46
81 104 8
81 105 37
81 106 78
81 107 34
81 108 65
81 109 40
81 110 73
81 111 18
81 112 64
81 113 54
81 114 95
81 115 46
81 116 37
81 117 51
81 118 90
81 119 44
82 83 99
82 84 27
82 85 76
82 86 31
82 87 85
82 88 38
82 89 38
82 90 23
82 91 78
82 92 80
82 93 17
82 94 94
82 95 53
82 96 6
82 97 97
82 98 41
82 99 1
82 100 89
82 101 22
82 102 53
82 103 47
82 104 40
82 105 17
82 106 23
82 107 64
82 108 19
82 109 82
82 110 86
82 111 32
82 112 5
82 113 79
82 114 68
82 115 96
82 116 14
82 117 87
82 118 85
82 119 30
83 84 68
83 85 25
83 86 11
83 87 55
83 88 37
83 89 67
83 90 76
83 91 22
83 92 29
83 93 64
83 94 29
83 95 54
83 96 39
83 97 59
83 98 23
83 99 69
83 100 81
83 101 20
83 102 18
83 103 23
83 104 27
83 105 19
83 106 44
83 107 54
83 108 47
83 109 7
83 110 68
83 111 24
83 112 43
83 113 86
83 114 17
83 115 27
83 116 50
83 117 15
83 118 11
83 119 21
84 85 92
84 86 100
84 87 75
84 88 72
84 89 45
84 90 84
84 91 52
84 92 70
84 93 43
84 94 78
84 95 21
84 96 43
84 97 68
84 98 6
84 99 47
84 100 2
84 101 2
84 102 84
84 103 91
84 104 84
84 105 30
84 106 31
84 107 70
84 108 8
84 109 45
84 110 51
84 111 25
84 112 5
84 113 46
84 114 69
84 115 76
84 116 60
84 117 85
84 118 27
84 119 74
85 86 73
85 87 10
85 88 24
85 89 84
85 90 85
85 91 79
85 92 99
85 93 86
85 94 98
85 95 99
85 96 22
85 97 93
85 98 31
85 99 75
85 100 78
85 101 63
85 102 97
85 103 63
85 104 56
85 105 100
85 106 20
85 107 42
85 108 100
85 109 22
85 110 68
85 111 58
85 112 21
85 113 32
85 114 66
85 115 99
85 116 100
85 117 36
85 118 8
85 119 14
86 87 89
86 88 77
86 89 66
86 90 18
86 91 13
86 92 99
86 93 71
86 94 70
86 95 4
86 96 90
86 97 14
86 98 59
86 99 100
86 100 90
86 101 85
86 102 18
86 103 52
86 104 5
86 105 80
86 106 12
86 107 74
86 108 88
86 109 92
86 110 56
86 111 89
86 112 47
86 113 98
86 114 35
86 115 72
86 116 85
86 117 88
86 118 61
86 119 93
87 88 90
87 89 71
87 90 72
87 91 94
87 92 38
87 93 24
87 94 75
87 95 75
87 96 57
87 97 51
87 98 6
87 99 7
87 100 33
87 101 13
87 102 70
87 103 15
87 104 75
87 105 82
87 106 43
87 107 91
87 108 65
87 109 18
87 110 19
87 111 51
87 112 26
87 113 49
87 114 42
87 115 98
87 116 53
87 117 26
87 118 84
87 119 60
88 89 81
88 90 89
88 91 6
88 92 61
88 93 45
88 94 93
88 95 67
88 96 75
88 97 55
88 98 9
88 99 20
88 100 54
88 101 97
88 102 48
88 103 38
88 104 88
88 105 10
88 106 26
88 107 50
88 108 72
88 109 98
88 110 44
88 111 41
88 112 50
88 113 1
88 114 75
88 115 51
88 116 83
88 117 54
88 118 35
88 119 36
89 90 32
89 91 4
89 92 87
89 93 79
89 94 94
89 95 7
89 96 99
89 97 44
89 98 98
89 99 7
89 100 34
89 101 48
89 102 90
89 103 93
89 104 16
89 105 52
89 106 20
89 107 27
89 108 84
89 109 59
89 110 47
89 111 77
89 112 63
89 113 27
89 114 89
89 115 12
89 116 97
89 117 44
89 118 8
89 119 81
90 91 98
90 92 20
90 93 28
90 94 49
90 95 43
90 96 30
90 97 90
90 98 42
90 99 35
90 100 27
90 101 90
90 102 69
90 103 49
90 104 47
90 105 1
90 106 61
90 107 96
90 108 87
90 109 24
90 110 77
90 111 71
90 112 76
90 113 77
90 114 82
90 115 18
90 116 49
90 117 50
90 118 92
90 119 49
91 92 29
91 93 48
91 94 68
91 95 14
91 96 44
91 97 1
91 98 25
91 99 58
91 100 56
91 101 7
91 102 3
91 103 44
91 104 9
91 105 36
91 106 52
91 107 25
91 108 11
91 109 93
91 110 35
91 111 8
91 112 22
91 113 43
91 114 16
91 115 12
91 116 64
91 117 87
91 118 20
91 119 70
92 93 71
92 94 43
92 95 67
92 96 27
92 97 95
92 98 51
92 99 79
92 100 6
92 101 78
92 102 82
92 103 74
92 104 22
92 105 82
92 106 49
92 107 17
92 108 23
92 109 81
92 110 55
92 111 70
92 112 71
92 113 63
92 114 32
92 115 79
92 116 69
92 117 73
92 118 65
92 119 59
93 94 63
93 95 39
93 96 21
93 97 76
93 98 67
93 99 29
93 100 82
93 101 80
93 102 86
93 103 85
93 104 76
93 105 49
93 106 45
93 107 60
93 108 4
93 109 36
93 110 39
93 111 71
93 112 90
93 113 75
93 114 76
93 115 37
93 116 36
93 117 44
93 118 52
93 119 60
94 95 98
94 96 93
94 97 5
94 98 89
94 99 53
94 100 11
94 101 6
94 102 33
94 103 59
94 104 22
94 105 62
94 106 77
94 107 35
94 108 83
94 109 24
94 110 21
94 111 9
94 112 12
94 113 73
94 114 82
94 115 36
94 116 42
94 117 1
94 118 100
94 119 59
95 96 14
95 97 24
95 98 97
95 99 23
95 100 37
95 101 56
95 102 50
95 103 64
95 104 3
95 105 46
95 106 16
95 107 62
95 108 96
95 109 33
95 110 36
95 111 33
95 112 62
95 113 4
95 114 12
95 115 12
95 116 34
95 117 77
95 118 92
95 119 98
96 97 38
96 98 85
96 99 55
96 100 78
96 101 24
96 102 81
96 103 100
96 104 62
96 105 85
96 106 39
96 107 25
96 108 59
96 109 82
96 110 57
96 111 29
96 112 73
96 113 52
96 114 9
96 115 59
96 116 53
96 117 76
96 118 35
96 119 52
97 98 98
97 99 3
97 100 8
97 101 56
97 102 15
97 103 99
97 104 48
97 105 35
97 106 63
97 107 57
97 108 96
97 109 36
97 110 89
97 111 79
97 112 18
97 113 85
97 114 76
97 115 46
97 116 28
97 117 35
97 118 62
97 119 88
98 99 85
98 100 2
98 101 52
98 102 62
98 103 5
98 104 12
98 105 25
98 106 37
98 107 12
98 108 91
98 109 34
98 110 60
98 111 31
98 112 17
98 113 58
98 114 54
98 115 72
98 116 4
98 117 71
98 118 59
98 119 66
99 100 47
99 101 17
99 102 75
99 103 42
99 104 46
99 105 96
99 106 11
99 107 2
99 108 48
99 109 36
99 110 95
99 111 72
99 112 92
99 113 97
99 114 59
99 115 74
99 116 46
99 117 33
99 118 94
99 119 6
100 101 56
100 102 29
100 103 78
100 104 76
100 105 27
100 106 68
100 107 51
100 108 23
100 109 15
100 110 24
100 111 96
100 112 33
100 113 12
100 114 2
100 115 68
100 116 34
100 117 41
100 118 6
100 119 53
101 102 77
101 103 18
101 104 12
101 105 67
101 106 45
101 107 49
101 108 37
101 109 23
101 110 60
101 111 54
101 112 58
101 113 59
101 114 60
101 115 42
101 116 40
101 117 47
101 118 82
101 119 59
102 103 86
102 104 76
102 105 40
102 106 33
102 107 91
102 108 90
102 109 78
102 110 25
102 111 99
102 112 50
102 113 77
102 114 62
102 115 68
102 116 10
102 117 42
102 118 13
102 119 33
103 104 57
103 105 58
103 106 19
103 107 3
103 108 4
103 109 70
103 110 20
103 111 13
103 112 51
103 113 31
103 114 37
103 115 21
103 116 48
103 117 78
103 118 82
103 119 54
104 105 43
104 106 14
104 107 89
104 108 31
104 109 71
104 110 47
104 111 38
104 112 96
104 113 96
104 114 18
104 115 33
104 116 25
104 117 85
104 118 32
104 119 46
105 106 32
105 107 95
105 108 30
105 109 38
105 110 65
105 111 20
105 112 13
105 113 61
105 114 15
105 115 97
105 116 13
105 117 89
105 118 53
105 119 31
106 107 68
106 108 19
106 109 65
106 110 65
106 111 20
106 112 97
106 113 28
106 114 15
106 115 98
106 116 86
106 117 75
106 118 19
106 119 48
107 108 18
107 109 40
107 110 39
107 111 71
107 112 2
107 113 34
107 114 17
107 115 78
107 116 93
107 117 11
107 118 48
107 119 96
108 109 66
108 110 13
108 111 96
108 112 54
108 113 34
108 114 60
108 115 50
108 116 46
108 117 51
108 118 47
108 119 55
109 110 12
109 111 49
109 112 3
109 113 80
109 114 89
109 115 81
109 116 42
109 117 70
109 118 55
109 119 14
110 111 33
110 112 61
110 113 84
110 114 77
110 115 37
110 116 33
110 117 49
110 118 98
110 119 27
111 112 46
111 113 9
111 114 54
111 115 62
111 116 100
111 117 22
111 118 14
111 119 77
112 113 11
112 114 7
112 115 59
112 116 28
112 117 67
112 118 81
112 119 63
113 114 46
113 115 93
113 116 25
113 117 43
113 118 51
113 119 86
114 115 30
114 116 8
114 117 45
114 118 13
114 119 29
115 116 65
115 117 61
115 118 36
115 119 11
116 117 22
116 118 29
116 119 31
117 118 59
117 119 47
118 119 24
