120 7140
0 1 38
0 2 68
0 3 10
0 4 42
0 5 89
0 6 5
0 7 36
0 8 30
0 9 86
0 10 92
0 11 19
0 12 9
0 13 43
0 14 65
0 15 68
0 16 10
0 17 74
0 18 86
0 19 75
0 20 17
0 21 21
0 22 76
0 23 52
0 24 34
0 25 91
0 26 82
0 27 81
0 28 24
0 29 57
0 30 95
0 31 9
0 32 85
0 33 51
0 34 69
0 35 78
0 36 40
0 37 33
0 38 60
0 39 28
0 40 47
0 41 53
0 42 91
0 43 49
0 44 84
0 45 42
0 46 31
0 47 50
0 48 1
0 49 9
0 50 75
0 51 39
0 52 71
0 53 80
0 54 1
0 55 10
0 56 73
0 57 45
0 58 16
0 59 59
0 60 86
0 61 16
0 62 96
0 63 33
0 64 55
0 65 32
0 66 98
0 67 68
0 68 6
0 69 70
0 70 60
0 71 10
0 72 50
0 73 11
0 74 4
0 75 45
0 76 62
0 77 11
0 78 32
0 79 23
0 80 82
0 81 44
0 82 52
0 83 43
0 84 81
0 85 5
0 86 21
0 87 31
0 88 70
0 89 39
0 90 49
0 91 98
0 92 41
0 93 10
0 94 18
0 95 5
0 96 43
0 97 58
0 98 87
0 99 64
0 100 90
0 101 66
0 102 13
0 103 86
0 104 64
0 105 33
0 106 96
0 107 12
0 108 29
0 109 36
0 110 32
0 111 88
0 112 96
0 113 33
0 114 54
0 115 61
0 116 79
0 117 31
0 118 22
0 119 57
1 2 72
1 3 41
1 4 3
1 5 81
1 6 41
1 7 3
1 8 53
1 9 75
1 10 41
1 11 21
1 12 37
1 13 93
1 14 50
1 15 66
1 16 41
1 17 78
1 18 4
1 19 80
1 20 43
1 21 83
1 22 80
1 23 37
1 24 51
1 25 9
1 26 38
1 27 7
1 28 75
1 29 87
1 30 27
1 31 8
1 32 21
1 33 95
1 34 29
1 35 85
1 36 2
1 37 70
1 38 66
1 39 84
1 40 24
1 41 97
1 42 56
1 43 95
1 44 94
1 45 24
1 46 46
1 47 10
1 48 55
1 49 55
1 50 88
1 51 20
1 52 97
1 53 35
1 54 79
1 55 57
1 56 75
1 57 99
1 58 79
1 59 92
1 60 89
1 61 73
1 62 84
1 63 76
1 64 66
1 65 25
1 66 11
1 67 26
1 68 7
1 69 82
1 70 39
1 71 98
1 72 30
1 73 95
1 74 44
1 75 43
1 76 75
1 77 6
1 78 23
1 79 59
1 80 38
1 81 60
1 82 5
1 83 18
1 84 68
1 85 32
1 86 17
1 87 48
1 88 72
1 89 61
1 90 17
1 91 28
1 92 89
1 93 36
1 94 88
1 95 77
1 96 32
1 97 89
1 98 97
1 99 32
1 100 96
1 101 86
1 102 47
1 103 81
1 104 1
1 105 40
1 106 49
1 107 20
1 108 38
1 109 14
1 110 15
1 111 33
1 112 48
1 113 82
1 114 78
1 115 48
1 116 2
1 117 23
1 118 8
1 119 46
2 3 3
2 4 99
2 5 77
2 6 95
2 7 72
2 8 54
2 9 29
2 10 35
2 11 71
2 12 34
2 13 33
2 14 16
2 15 48
2 16 67
2 17 24
2 18 1
2 19 68
2 20 77
2 21 49
2 22 68
2 23 78
2 24 60
2 25 76
2 26 9
2 27 91
2 28 9
2 29 23
2 30 51
2 31 44
2 32 19
2 33 1
2 34 66
2 35 45
2 36 32
2 37 40
2 38 42
2 39 56
2 40 49
2 41 61
2 42 52
2 43 28
2 44 33
2 45 58
2 46 66
2 47 43
2 48 28
2 49 61
2 50 95
2 51 62
2 52 95
2 53 33
2 54 96
2 55 92
2 56 91
2 57 41
2 58 14
2 59 100
2 60 25
2 61 80
2 62 24
2 63 21
2 64 82
2 65 18
2 66 42
2 67 93
2 68 30
2 69 79
2 70 73
2 71 64
2 72 82
2 73 16
2 74 4
2 75 32
2 76 26
2 77 56
2 78 46
2 79 41
2 80 92
2 81 72
2 82 79
2 83 52
2 84 65
2 85 42
2 86 43
2 87 31
2 88 2
2 89 87
2 90 37
2 91 88
2 92 79
2 93 94
2 94 18
2 95 42
2 96 12
2 97 99
2 98 46
2 99 76
2 100 75
2 101 44
2 102 15
2 103 82
2 104 76
2 105 29
2 106 88
2 107 11
2 108 72
2 109 47
2 110 13
2 111 28
2 112 68
2 113 62
2 114 100
2 115 80
2 116 98
2 117 25
2 118 30
2 119 29
3 4 22
3 5 13
3 6 15
3 7 3
3 8 36
3 9 23
3 10 74
3 11 31
3 12 64
3 13 60
3 14 6
3 15 98
3 16 45
3 17 3
3 18 89
3 19 71
3 20 70
3 21 16
3 22 73
3 23 76
3 24 24
3 25 53
3 26 54
3 27 74
3 28 31
3 29 91
3 30 26
3 31 11
3 32 76
3 33 43
3 34 25
3 35 51
3 36 30
3 37 57
3 38 20
3 39 98
3 40 7
3 41 23
3 42 34
3 43 9
3 44 52
3 45 32
3 46 21
3 47 23
3 48 37
3 49 7
3 50 43
3 51 19
3 52 95
3 53 87
3 54 3
3 55 58
3 56 24
3 57 90
3 58 83
3 59 72
3 60 37
3 61 46
3 62 69
3 63 80
3 64 20
3 65 48
3 66 14
3 67 49
3 68 61
3 69 38
3 70 88
3 71 81
3 72 11
3 73 63
3 74 48
3 75 58
3 76 14
3 77 68
3 78 54
3 79 81
3 80 10
3 81 63
3 82 26
3 83 64
3 84 92
3 85 24
3 86 79
3 87 66
3 88 37
3 89 86
3 90 43
3 91 14
3 92 73
3 93 68
3 94 83
3 95 97
3 96 36
3 97 1
3 98 72
3 99 14
3 100 93
3 101 22
3 102 6
3 103 42
3 104 54
3 105 18
3 106 49
3 107 72
3 108 36
3 109 95
3 110 88
3 111 40
3 112 16
3 113 96
3 114 22
3 115 7
3 116 32
3 117 38
3 118 51
3 119 9
4 5 4
4 6 63
4 7 29
4 8 59
4 9 50
4 10 36
4 11 24
4 12 30
4 13 25
4 14 37
4 15 1
4 16 83
4 17 39
4 18 39
4 19 92
4 20 33
4 21 50
4 22 53
4 23 70
4 24 17
4 25 66
4 26 61
4 27 96
4 28 87
4 29 87
4 30 86
4 31 27
4 32 53
4 33 39
4 34 59
4 35 59
4 36 57
4 37 6
4 38 96
4 39 80
4 40 99
4 41 85
4 42 82
4 43 63
4 44 35
4 45 67
4 46 24
4 47 33
4 48 68
4 49 11
4 50 39
4 51 63
4 52 30
4 53 73
4 54 63
4 55 66
4 56 85
4 57 97
4 58 56
4 59 14
4 60 2
4 61 72
4 62 16
4 63 13
4 64 72
4 65 15
4 66 76
4 67 58
4 68 99
4 69 90
4 70 54
4 71 93
4 72 16
4 73 96
4 74 88
4 75 60
4 76 74
4 77 75
4 78 39
4 79 19
4 80 42
4 81 60
4 82 34
4 83 7
4 84 84
4 85 82
4 86 83
4 87 9
4 88 86
4 89 26
4 90 74
4 91 23
4 92 28
4 93 43
4 94 51
4 95 78
4 96 72
4 97 98
4 98 60
4 99 24
4 100 37
4 101 6
4 102 72
4 103 10
4 104 83
4 105 37
4 106 26
4 107 82
4 108 28
4 109 34
4 110 34
4 111 48
4 112 10
4 113 85
4 114 43
4 115 47
4 116 73
4 117 29
4 118 46
4 119 62
5 6 41
5 7 44
5 8 65
5 9 6
5 10 87
5 11 90
5 12 16
5 13 77
5 14 54
5 15 85
5 16 56
5 17 16
5 18 60
5 19 32
5 20 4
5 21 66
5 22 29
5 23 10
5 24 66
5 25 49
5 26 5
5 27 72
5 28 28
5 29 63
5 30 61
5 31 76
5 32 26
5 33 17
5 34 61
5 35 22
5 36 10
5 37 95
5 38 17
5 39 16
5 40 78
5 41 80
5 42 47
5 43 93
5 44 28
5 45 75
5 46 25
5 47 43
5 48 44
5 49 61
5 50 71
5 51 25
5 52 66
5 53 4
5 54 83
5 55 55
5 56 77
5 57 32
5 58 94
5 59 66
5 60 38
5 61 85
5 62 18
5 63 93
5 64 80
5 65 44
5 66 73
5 67 71
5 68 76
5 69 6
5 70 3
5 71 29
5 72 16
5 73 78
5 74 85
5 75 31
5 76 25
5 77 70
5 78 21
5 79 6
5 80 87
5 81 56
5 82 77
5 83 4
5 84 29
5 85 86
5 86 69
5 87 40
5 88 39
5 89 80
5 90 18
5 91 76
5 92 45
5 93 98
5 94 6
5 95 17
5 96 87
5 97 56
5 98 69
5 99 27
5 100 46
5 101 71
5 102 27
5 103 32
5 104 53
5 105 93
5 106 6
5 107 61
5 108 53
5 109 99
5 110 82
5 111 66
5 112 31
5 113 87
5 114 33
5 115 68
5 116 66
5 117 34
5 118 1
5 119 63
6 7 5
6 8 92
6 9 80
6 10 86
6 11 40
6 12 3
6 13 77
6 14 55
6 15 18
6 16 93
6 17 31
6 18 16
6 19 37
6 20 33
6 21 44
6 22 73
6 23 28
6 24 87
6 25 69
6 26 56
6 27 55
6 28 34
6 29 81
6 30 7
6 31 28
6 32 29
6 33 28
6 34 57
6 35 5
6 36 6
6 37 81
6 38 43
6 39 38
6 40 59
6 41 17
6 42 73
6 43 21
6 44 30
6 45 94
6 46 77
6 47 2
6 48 92
6 49 55
6 50 92
6 51 79
6 52 74
6 53 5
6 54 95
6 55 21
6 56 60
6 57 38
6 58 2
6 59 89
6 60 49
6 61 85
6 62 26
6 63 32
6 64 52
6 65 3
6 66 81
6 67 88
6 68 32
6 69 58
6 70 6
6 71 53
6 72 96
6 73 36
6 74 36
6 75 58
6 76 75
6 77 66
6 78 32
6 79 8
6 80 49
6 81 7
6 82 26
6 83 45
6 84 17
6 85 85
6 86 33
6 87 13
6 88 46
6 89 68
6 90 34
6 91 10
6 92 14
6 93 75
6 94 25
6 95 30
6 96 7
6 97 47
6 98 95
6 99 94
6 100 86
6 101 27
6 102 100
6 103 49
6 104 7
6 105 91
6 106 4
6 107 18
6 108 51
6 109 50
6 110 63
6 111 13
6 112 43
6 113 33
6 114 15
6 115 84
6 116 15
6 117 15
6 118 26
6 119 17
7 8 76
7 9 92
7 10 31
7 11 77
7 12 6
7 13 40
7 14 95
7 15 64
7 16 86
7 17 39
7 18 9
7 19 36
7 20 10
7 21 52
7 22 42
7 23 26
7 24 15
7 25 33
7 26 35
7 27 53
7 28 78
7 29 49
7 30 94
7 31 17
7 32 33
7 33 90
7 34 60
7 35 28
7 36 57
7 37 46
7 38 82
7 39 59
7 40 64
7 41 97
7 42 38
7 43 49
7 44 66
7 45 11
7 46 74
7 47 40
7 48 69
7 49 42
7 50 92
7 51 47
7 52 1
7 53 20
7 54 32
7 55 23
7 56 52
7 57 94
7 58 33
7 59 32
7 60 56
7 61 34
7 62 15
7 63 16
7 64 59
7 65 40
7 66 51
7 67 74
7 68 28
7 69 98
7 70 9
7 71 49
7 72 56
7 73 22
7 74 76
7 75 17
7 76 7
7 77 78
7 78 7
7 79 10
7 80 8
7 81 81
7 82 77
7 83 66
7 84 58
7 85 76
7 86 79
7 87 91
7 88 71
7 89 62
7 90 16
7 91 44
7 92 95
7 93 21
7 94 1
7 95 26
7 96 69
7 97 96
7 98 77
7 99 2
7 100 85
7 101 8
7 102 27
7 103 84
7 104 42
7 105 24
7 106 13
7 107 39
7 108 66
7 109 99
7 110 70
7 111 79
7 112 39
7 113 35
7 114 34
7 115 4
7 116 15
7 117 72
7 118 92
7 119 7
8 9 5
8 10 72
8 11 65
8 12 58
8 13 62
8 14 68
8 15 46
8 16 27
8 17 45
8 18 61
8 19 9
8 20 69
8 21 51
8 22 51
8 23 57
8 24 28
8 25 74
8 26 24
8 27 32
8 28 74
8 29 99
8 30 88
8 31 70
8 32 62
8 33 93
8 34 28
8 35 97
8 36 6
8 37 70
8 38 15
8 39 29
8 40 55
8 41 36
8 42 38
8 43 32
8 44 64
8 45 84
8 46 26
8 47 100
8 48 36
8 49 10
8 50 84
8 51 49
8 52 77
8 53 90
8 54 77
8 55 2
8 56 60
8 57 9
8 58 69
8 59 62
8 60 59
8 61 38
8 62 20
8 63 1
8 64 45
8 65 18
8 66 4
8 67 46
8 68 76
8 69 4
8 70 16
8 71 47
8 72 84
8 73 26
8 74 6
8 75 23
8 76 44
8 77 82
8 78 92
8 79 77
8 80 99
8 81 17
8 82 36
8 83 30
8 84 59
8 85 76
8 86 51
8 87 15
8 88 1
8 89 78
8 90 68
8 91 40
8 92 70
8 93 47
8 94 98
8 95 82
8 96 97
8 97 64
8 98 71
8 99 89
8 100 3
8 101 12
8 102 40
8 103 7
8 104 53
8 105 67
8 106 37
8 107 52
8 108 71
8 109 1
8 110 52
8 111 74
8 112 14
8 113 6
8 114 7
8 115 42
8 116 13
8 117 92
8 118 31
8 119 18
9 10 54
9 11 31
9 12 16
9 13 65
9 14 11
9 15 21
9 16 51
9 17 66
9 18 91
9 19 7
9 20 58
9 21 89
9 22 80
9 23 6
9 24 8
9 25 88
9 26 35
9 27 33
9 28 33
9 29 63
9 30 94
9 31 94
9 32 87
9 33 21
9 34 96
9 35 74
9 36 21
9 37 71
9 38 73
9 39 4
9 40 1
9 41 21
9 42 39
9 43 9
9 44 69
9 45 72
9 46 64
9 47 18
9 48 70
9 49 58
9 50 19
9 51 87
9 52 37
9 53 42
9 54 18
9 55 76
9 56 100
9 57 26
9 58 52
9 59 22
9 60 24
9 61 46
9 62 54
9 63 95
9 64 36
9 65 74
9 66 56
9 67 72
9 68 49
9 69 67
9 70 8
9 71 95
9 72 46
9 73 36
9 74 16
9 75 8
9 76 92
9 77 41
9 78 76
9 79 68
9 80 26
9 81 52
9 82 63
9 83 70
9 84 26
9 85 9
9 86 36
9 87 49
9 88 60
9 89 58
9 90 78
9 91 75
9 92 88
9 93 96
9 94 2
9 95 8
9 96 89
9 97 14
9 98 16
9 99 38
9 100 14
9 101 21
9 102 95
9 103 53
9 104 52
9 105 70
9 106 21
9 107 58
9 108 82
9 109 61
9 110 84
9 111 50
9 112 11
9 113 83
9 114 39
9 115 12
9 116 29
9 117 36
9 118 22
9 119 13
10 11 65
10 12 64
10 13 5
10 14 70
10 15 22
10 16 63
10 17 22
10 18 74
10 19 84
10 20 28
10 21 52
10 22 81
10 23 32
10 24 59
10 25 71
10 26 88
10 27 88
10 28 40
10 29 65
10 30 21
10 31 50
10 32 61
10 33 26
10 34 56
10 35 27
10 36 88
10 37 72
10 38 86
10 39 23
10 40 40
10 41 22
10 42 57
10 43 87
10 44 30
10 45 70
10 46 26
10 47 90
10 48 85
10 49 68
10 50 34
10 51 62
10 52 1
10 53 45
10 54 98
10 55 29
10 56 51
10 57 70
10 58 47
10 59 74
10 60 51
10 61 2
10 62 54
10 63 8
10 64 23
10 65 66
10 66 14
10 67 8
10 68 37
10 69 55
10 70 53
10 71 85
10 72 42
10 73 7
10 74 25
10 75 55
10 76 77
10 77 91
10 78 76
10 79 37
10 80 22
10 81 15
10 82 32
10 83 99
10 84 50
10 85 6
10 86 36
10 87 90
10 88 25
10 89 8
10 90 4
10 91 29
10 92 99
10 93 37
10 94 64
10 95 62
10 96 29
10 97 11
10 98 28
10 99 97
10 100 46
10 101 57
10 102 52
10 103 41
10 104 41
10 105 75
10 106 96
10 107 96
10 108 49
10 109 30
10 110 67
10 111 44
10 112 19
10 113 45
10 114 2
10 115 96
10 116 35
10 117 97
10 118 88
10 119 12
11 12 27
11 13 16
11 14 33
11 15 30
11 16 45
11 17 49
11 18 66
11 19 41
11 20 44
11 21 51
11 22 85
11 23 14
11 24 72
11 25 97
11 26 23
11 27 33
11 28 83
11 29 66
11 30 5
11 31 30
11 32 32
11 33 56
11 34 55
11 35 14
11 36 66
11 37 50
11 38 16
11 39 57
11 40 67
11 41 42
11 42 42
11 43 25
11 44 54
11 45 16
11 46 55
11 47 39
11 48 50
11 49 7
11 50 50
11 51 28
11 52 54
11 53 40
11 54 4
11 55 12
11 56 27
11 57 75
11 58 87
11 59 37
11 60 32
11 61 64
11 62 78
11 63 29
11 64 85
11 65 18
11 66 34
11 67 66
11 68 92
11 69 39
11 70 19
11 71 7
11 72 41
11 73 42
11 74 79
11 75 53
11 76 96
11 77 11
11 78 70
11 79 63
11 80 47
11 81 71
11 82 87
11 83 96
11 84 29
11 85 50
11 86 20
11 87 54
11 88 55
11 89 46
11 90 63
11 91 78
11 92 47
11 93 31
11 94 39
11 95 48
11 96 11
11 97 73
11 98 100
11 99 38
11 100 48
11 101 31
11 102 70
11 103 22
11 104 92
11 105 19
11 106 90
11 107 24
11 108 40
11 109 74
11 110 59
11 111 10
11 112 11
11 113 37
11 114 53
11 115 1
11 116 56
11 117 16
11 118 77
11 119 9
12 13 15
12 14 50
12 15 63
12 16 87
12 17 85
12 18 11
12 19 29
12 20 7
12 21 98
12 22 63
12 23 10
12 24 41
12 25 83
12 26 15
12 27 16
12 28 59
12 29 65
12 30 53
12 31 73
12 32 37
12 33 3
12 34 64
12 35 8
12 36 94
12 37 35
12 38 72
12 39 51
12 40 32
12 41 57
12 42 37
12 43 52
12 44 31
12 45 3
12 46 73
12 47 46
12 48 52
12 49 87
12 50 19
12 51 98
12 52 69
12 53 82
12 54 11
12 55 45
12 56 95
12 57 27
12 58 57
12 59 84
12 60 20
12 61 4
12 62 45
12 63 72
12 64 19
12 65 64
12 66 49
12 67 97
12 68 6
12 69 93
12 70 55
12 71 21
12 72 33
12 73 93
12 74 24
12 75 81
12 76 33
12 77 92
12 78 33
12 79 44
12 80 3
12 81 26
12 82 16
12 83 84
12 84 69
12 85 8
12 86 97
12 87 66
12 88 49
12 89 37
12 90 80
12 91 19
12 92 80
12 93 76
12 94 10
12 95 73
12 96 97
12 97 75
12 98 62
12 99 90
12 100 66
12 101 92
12 102 92
12 103 39
12 104 3
12 105 48
12 106 74
12 107 16
12 108 48
12 109 48
12 110 22
12 111 85
12 112 82
12 113 17
12 114 54
12 115 59
12 116 77
12 117 26
12 118 3
12 119 77
13 14 81
13 15 11
13 16 1
13 17 76
13 18 19
13 19 25
13 20 4
13 21 88
13 22 85
13 23 55
13 24 30
13 25 85
13 26 35
13 27 71
13 28 22
13 29 84
13 30 29
13 31 11
13 32 70
13 33 64
13 34 56
13 35 37
13 36 51
13 37 53
13 38 84
13 39 91
13 40 94
13 41 56
13 42 20
13 43 95
13 44 73
13 45 75
13 46 15
13 47 31
13 48 29
13 49 24
13 50 47
13 51 26
13 52 75
13 53 94
13 54 70
13 55 75
13 56 55
13 57 80
13 58 88
13 59 49
13 60 94
13 61 43
13 62 63
13 63 70
13 64 66
13 65 14
13 66 97
13 67 84
13 68 87
13 69 5
13 70 95
13 71 93
13 72 37
13 73 16
13 74 29
13 75 50
13 76 60
13 77 16
13 78 27
13 79 25
13 80 76
13 81 92
13 82 70
13 83 51
13 84 81
13 85 42
13 86 81
13 87 44
13 88 34
13 89 3
13 90 63
13 91 99
13 92 89
13 93 46
13 94 71
13 95 28
13 96 18
13 97 52
13 98 52
13 99 48
13 100 15
13 101 56
13 102 36
13 103 68
13 104 82
13 105 90
13 106 90
13 107 67
13 108 12
13 109 23
13 110 1
13 111 100
13 112 24
13 113 58
13 114 22
13 115 23
13 116 79
13 117 53
13 118 48
13 119 34
14 15 21
14 16 18
14 17 92
14 18 39
14 19 42
14 20 100
14 21 75
14 22 94
14 23 12
14 24 28
14 25 24
14 26 46
14 27 12
14 28 61
14 29 35
14 30 49
14 31 74
14 32 46
14 33 57
14 34 1
14 35 96
14 36 82
14 37 9
14 38 77
14 39 51
14 40 13
14 41 12
14 42 12
14 43 78
14 44 63
14 45 19
14 46 44
14 47 72
14 48 75
14 49 59
14 50 94
14 51 55
14 52 1
14 53 55
14 54 18
14 55 95
14 56 21
14 57 36
14 58 28
14 59 100
14 60 19
14 61 12
14 62 23
14 63 40
14 64 33
14 65 37
14 66 39
14 67 56
14 68 69
14 69 39
14 70 97
14 71 40
14 72 51
14 73 56
14 74 1
14 75 92
14 76 20
14 77 16
14 78 88
14 79 17
14 80 90
14 81 27
14 82 8
14 83 75
14 84 5
14 85 28
14 86 64
14 87 96
14 88 92
14 89 46
14 90 100
14 91 62
14 92 42
14 93 57
14 94 41
14 95 13
14 96 34
14 97 59
14 98 72
14 99 41
14 100 70
14 101 4
14 102 2
14 103 27
14 104 62
14 105 32
14 106 17
14 107 53
14 108 45
14 109 75
14 110 84
14 111 17
14 112 14
14 113 31
14 114 100
14 115 83
14 116 25
14 117 48
14 118 22
14 119 99
15 16 26
15 17 85
15 18 49
15 19 25
15 20 63
15 21 18
15 22 74
15 23 99
15 24 58
15 25 14
15 26 47
15 27 67
15 28 13
15 29 77
15 30 72
15 31 67
15 32 4
15 33 11
15 34 62
15 35 70
15 36 69
15 37 56
15 38 38
15 39 46
15 40 2
15 41 82
15 42 91
15 43 2
15 44 55
15 45 99
15 46 91
15 47 21
15 48 51
15 49 98
15 50 21
15 51 98
15 52 33
15 53 12
15 54 13
15 55 22
15 56 37
15 57 17
15 58 1
15 59 54
15 60 58
15 61 80
15 62 12
15 63 43
15 64 76
15 65 83
15 66 67
15 67 69
15 68 85
15 69 55
15 70 33
15 71 59
15 72 36
15 73 36
15 74 89
15 75 1
15 76 52
15 77 39
15 78 84
15 79 87
15 80 85
15 81 74
15 82 29
15 83 66
15 84 65
15 85 42
15 86 82
15 87 31
15 88 59
15 89 82
15 90 37
15 91 47
15 92 13
15 93 65
15 94 14
15 95 57
15 96 5
15 97 84
15 98 45
15 99 66
15 100 85
15 101 81
15 102 35
15 103 95
15 104 27
15 105 19
15 106 94
15 107 98
15 108 95
15 109 99
15 110 99
15 111 95
15 112 82
15 113 40
15 114 40
15 115 61
15 116 70
15 117 72
15 118 21
15 119 72
16 17 86
16 18 74
16 19 31
16 20 92
16 21 47
16 22 88
16 23 37
16 24 90
16 25 55
16 26 66
16 27 36
16 28 67
16 29 80
16 30 50
16 31 78
16 32 27
16 33 80
16 34 61
16 35 45
16 36 87
16 37 3
16 38 87
16 39 88
16 40 86
16 41 49
16 42 90
16 43 25
16 44 6
16 45 35
16 46 55
16 47 51
16 48 95
16 49 21
16 50 87
16 51 8
16 52 36
16 53 100
16 54 88
16 55 35
16 56 44
16 57 25
16 58 7
16 59 47
16 60 87
16 61 96
16 62 71
16 63 64
16 64 42
16 65 67
16 66 13
16 67 42
16 68 76
16 69 16
16 70 20
16 71 57
16 72 45
16 73 42
16 74 68
16 75 64
16 76 42
16 77 5
16 78 26
16 79 85
16 80 43
16 81 29
16 82 16
16 83 31
16 84 69
16 85 53
16 86 100
16 87 28
16 88 97
16 89 27
16 90 7
16 91 8
16 92 42
16 93 50
16 94 49
16 95 94
16 96 26
16 97 46
16 98 46
16 99 64
16 100 84
16 101 75
16 102 74
16 103 84
16 104 69
16 105 22
16 106 55
16 107 63
16 108 78
16 109 37
16 110 78
16 111 22
16 112 89
16 113 81
16 114 58
16 115 59
16 116 84
16 117 47
16 118 43
16 119 4
17 18 91
17 19 98
17 20 77
17 21 21
17 22 51
17 23 90
17 24 75
17 25 72
17 26 16
17 27 72
17 28 17
17 29 3
17 30 60
17 31 52
17 32 83
17 33 33
17 34 66
17 35 33
17 36 25
17 37 27
17 38 17
17 39 99
17 40 64
17 41 32
17 42 55
17 43 2
17 44 83
17 45 50
17 46 65
17 47 65
17 48 13
17 49 39
17 50 44
17 51 29
17 52 93
17 53 83
17 54 34
17 55 11
17 56 61
17 57 91
17 58 74
17 59 67
17 60 66
17 61 58
17 62 16
17 63 10
17 64 100
17 65 6
17 66 32
17 67 28
17 68 80
17 69 73
17 70 27
17 71 16
17 72 15
17 73 20
17 74 28
17 75 35
17 76 8
17 77 91
17 78 13
17 79 60
17 80 69
17 81 80
17 82 60
17 83 93
17 84 50
17 85 15
17 86 62
17 87 77
17 88 71
17 89 55
17 90 51
17 91 63
17 92 55
17 93 59
17 94 77
17 95 29
17 96 100
17 97 25
17 98 1
17 99 57
17 100 84
17 101 17
17 102 58
17 103 58
17 104 38
17 105 42
17 106 56
17 107 41
17 108 29
17 109 46
17 110 47
17 111 8
17 112 22
17 113 61
17 114 88
17 115 21
17 116 40
17 117 38
17 118 8
17 119 66
18 19 96
18 20 41
18 21 75
18 22 10
18 23 58
18 24 82
18 25 52
18 26 9
18 27 40
18 28 58
18 29 55
18 30 77
18 31 62
18 32 65
18 33 35
18 34 47
18 35 5
18 36 45
18 37 54
18 38 66
18 39 33
18 40 10
18 41 53
18 42 6
18 43 36
18 44 92
18 45 48
18 46 6
18 47 27
18 48 43
18 49 11
18 50 19
18 51 59
18 52 63
18 53 39
18 54 78
18 55 30
18 56 23
18 57 60
18 58 22
18 59 26
18 60 13
18 61 27
18 62 95
18 63 55
18 64 56
18 65 90
18 66 25
18 67 4
18 68 2
18 69 51
18 70 45
18 71 45
18 72 85
18 73 52
18 74 51
18 75 19
18 76 61
18 77 82
18 78 90
18 79 81
18 80 80
18 81 45
18 82 90
18 83 27
18 84 86
18 85 36
18 86 16
18 87 6
18 88 74
18 89 13
18 90 75
18 91 42
18 92 24
18 93 8
18 94 72
18 95 74
18 96 67
18 97 48
18 98 86
18 99 23
18 100 66
18 101 42
18 102 59
18 103 78
18 104 23
18 105 36
18 106 41
18 107 87
18 108 92
18 109 4
18 110 9
18 111 9
18 112 7
18 113 2
18 114 79
18 115 25
18 116 12
18 117 64
18 118 89
18 119 35
19 20 39
19 21 52
19 22 5
19 23 53
19 24 23
19 25 44
19 26 81
19 27 32
19 28 89
19 29 12
19 30 76
19 31 53
19 32 54
19 33 68
19 34 39
19 35 12
19 36 42
19 37 28
19 38 46
19 39 22
19 40 68
19 41 95
19 42 32
19 43 60
19 44 59
19 45 16
19 46 89
19 47 96
19 48 80
19 49 51
19 50 26
19 51 28
19 52 76
19 53 60
19 54 86
19 55 97
19 56 97
19 57 97
19 58 24
19 59 34
19 60 40
19 61 53
19 62 78
19 63 84
19 64 100
19 65 91
19 66 38
19 67 8
19 68 27
19 69 55
19 70 16
19 71 14
19 72 45
19 73 26
19 74 56
19 75 30
19 76 45
19 77 2
19 78 19
19 79 44
19 80 69
19 81 70
19 82 92
19 83 44
19 84 56
19 85 65
19 86 65
19 87 98
19 88 61
19 89 40
19 90 87
19 91 31
19 92 12
19 93 35
19 94 13
19 95 32
19 96 45
19 97 82
19 98 51
19 99 9
19 100 5
19 101 77
19 102 81
19 103 91
19 104 92
19 105 61
19 106 20
19 107 2
19 108 93
19 109 34
19 110 13
19 111 52
19 112 11
19 113 6
19 114 28
19 115 25
19 116 94
19 117 1
19 118 26
19 119 23
20 21 98
20 22 36
20 23 40
20 24 41
20 25 1
20 26 27
20 27 92
20 28 1
20 29 72
20 30 35
20 31 93
20 32 32
20 33 89
20 34 77
20 35 65
20 36 53
20 37 9
20 38 50
20 39 60
20 40 92
20 41 90
20 42 5
20 43 72
20 44 59
20 45 44
20 46 24
20 47 67
20 48 93
20 49 74
20 50 87
20 51 40
20 52 81
20 53 74
20 54 35
20 55 66
20 56 93
20 57 39
20 58 47
20 59 63
20 60 39
20 61 71
20 62 34
20 63 98
20 64 71
20 65 12
20 66 77
20 67 99
20 68 78
20 69 37
20 70 92
20 71 26
20 72 97
20 73 94
20 74 56
20 75 96
20 76 82
20 77 72
20 78 68
20 79 89
20 80 22
20 81 27
20 82 72
20 83 29
20 84 96
20 85 13
20 86 57
20 87 2
20 88 72
20 89 7
20 90 69
20 91 83
20 92 93
20 93 75
20 94 31
20 95 47
20 96 47
20 97 51
20 98 24
20 99 36
20 100 66
20 101 24
20 102 35
20 103 66
20 104 86
20 105 5
20 106 43
20 107 6
20 108 46
20 109 67
20 110 99
20 111 19
20 112 42
20 113 64
20 114 24
20 115 5
20 116 58
20 117 71
20 118 15
20 119 29
21 22 38
21 23 41
21 24 94
21 25 72
21 26 48
21 27 81
21 28 96
21 29 51
21 30 74
21 31 97
21 32 71
21 33 14
21 34 48
21 35 87
21 36 9
21 37 34
21 38 92
21 39 38
21 40 32
21 41 90
21 42 29
21 43 48
21 44 86
21 45 21
21 46 44
21 47 4
21 48 47
21 49 55
21 50 62
21 51 77
21 52 53
21 53 59
21 54 7
21 55 2
21 56 78
21 57 1
21 58 82
21 59 45
21 60 92
21 61 27
21 62 90
21 63 48
21 64 89
21 65 9
21 66 42
21 67 84
21 68 33
21 69 51
21 70 92
21 71 24
21 72 93
21 73 45
21 74 9
21 75 84
21 76 37
21 77 69
21 78 52
21 79 6
21 80 23
21 81 85
21 82 52
21 83 38
21 84 63
21 85 48
21 86 2
21 87 56
21 88 32
21 89 90
21 90 92
21 91 63
21 92 9
21 93 85
21 94 86
21 95 61
21 96 44
21 97 50
21 98 17
21 99 61
21 100 98
21 101 23
21 102 25
21 103 99
21 104 49
21 105 79
21 106 74
21 107 86
21 108 59
21 109 98
21 110 4
21 111 3
21 112 23
21 113 30
21 114 25
21 115 61
21 116 60
21 117 55
21 118 59
21 119 92
22 23 56
22 24 22
22 25 73
22 26 91
22 27 8
22 28 69
22 29 8
22 30 85
22 31 9
22 32 9
22 33 53
22 34 56
22 35 52
22 36 44
22 37 33
22 38 80
22 39 39
22 40 81
22 41 87
22 42 80
22 43 36
22 44 20
22 45 42
22 46 85
22 47 93
22 48 29
22 49 56
22 50 27
22 51 67
22 52 60
22 53 94
22 54 2
22 55 42
22 56 38
22 57 28
22 58 42
22 59 87
22 60 88
22 61 79
22 62 70
22 63 42
22 64 37
22 65 80
22 66 49
22 67 75
22 68 44
22 69 83
22 70 37
22 71 5
22 72 23
22 73 99
22 74 66
22 75 97
22 76 18
22 77 21
22 78 92
22 79 76
22 80 95
22 81 25
22 82 76
22 83 19
22 84 87
22 85 49
22 86 7
22 87 73
22 88 21
22 89 22
22 90 8
22 91 36
22 92 4
22 93 58
22 94 52
22 95 3
22 96 31
22 97 11
22 98 59
22 99 41
22 100 10
22 101 10
22 102 27
22 103 36
22 104 99
22 105 9
22 106 85
22 107 93
22 108 93
22 109 22
22 110 29
22 111 33
22 112 6
22 113 47
22 114 36
22 115 71
22 116 18
22 117 43
22 118 57
22 119 83
23 24 39
23 25 5
23 26 69
23 27 59
23 28 50
23 29 11
23 30 66
23 31 58
23 32 63
23 33 38
23 34 39
23 35 11
23 36 72
23 37 32
23 38 2
23 39 5
23 40 97
23 41 90
23 42 84
23 43 8
23 44 13
23 45 79
23 46 70
23 47 85
23 48 87
23 49 75
23 50 23
23 51 94
23 52 99
23 53 79
23 54 46
23 55 76
23 56 22
23 57 99
23 58 95
23 59 14
23 60 26
23 61 98
23 62 29
23 63 4
23 64 25
23 65 44
23 66 93
23 67 10
23 68 22
23 69 11
23 70 15
23 71 52
23 72 49
23 73 18
23 74 65
23 75 2
23 76 7
23 77 86
23 78 22
23 79 24
23 80 23
23 81 9
23 82 67
23 83 84
23 84 89
23 85 14
23 86 80
23 87 82
23 88 84
23 89 13
23 90 50
23 91 85
23 92 94
23 93 78
23 94 18
23 95 47
23 96 83
23 97 86
23 98 25
23 99 78
23 100 30
23 101 61
23 102 9
23 103 84
23 104 51
23 105 57
23 106 39
23 107 96
23 108 31
23 109 37
23 110 54
23 111 4
23 112 72
23 113 76
23 114 99
23 115 22
23 116 76
23 117 40
23 118 99
23 119 85
24 25 16
24 26 64
24 27 97
24 28 17
24 29 41
24 30 56
24 31 77
24 32 27
24 33 75
24 34 20
24 35 1
24 36 98
24 37 50
24 38 47
24 39 9
24 40 44
24 41 35
24 42 98
24 43 29
24 44 45
24 45 2
24 46 91
24 47 82
24 48 81
24 49 1
24 50 61
24 51 59
24 52 19
24 53 82
24 54 73
24 55 67
24 56 66
24 57 20
24 58 13
24 59 82
24 60 20
24 61 99
24 62 25
24 63 78
24 64 71
24 65 85
24 66 65
24 67 94
24 68 81
24 69 25
24 70 41
24 71 48
24 72 21
24 73 69
24 74 1
24 75 78
24 76 86
24 77 96
24 78 19
24 79 65
24 80 5
24 81 35
24 82 96
24 83 51
24 84 91
24 85 17
24 86 90
24 87 56
24 88 34
24 89 92
24 90 87
24 91 94
24 92 22
24 93 20
24 94 20
24 95 51
24 96 82
24 97 45
24 98 83
24 99 100
24 100 12
24 101 17
24 102 79
24 103 49
24 104 9
24 105 56
24 106 9
24 107 18
24 108 31
24 109 36
24 110 25
24 111 7
24 112 28
24 113 11
24 114 77
24 115 37
24 116 13
24 117 59
24 118 59
24 119 2
25 26 93
25 27 48
25 28 22
25 29 29
25 30 50
25 31 4
25 32 27
25 33 62
25 34 10
25 35 43
25 36 47
25 37 52
25 38 58
25 39 79
25 40 13
25 41 38
25 42 99
25 43 21
25 44 8
25 45 62
25 46 25
25 47 91
25 48 96
25 49 59
25 50 57
25 51 67
25 52 15
25 53 9
25 54 37
25 55 50
25 56 43
25 57 6
25 58 88
25 59 42
25 60 2
25 61 22
25 62 55
25 63 49
25 64 11
25 65 38
25 66 59
25 67 82
25 68 54
25 69 37
25 70 74
25 71 95
25 72 67
25 73 14
25 74 19
25 75 62
25 76 5
25 77 24
25 78 95
25 79 77
25 80 79
25 81 2
25 82 51
25 83 47
25 84 20
25 85 39
25 86 77
25 87 74
25 88 80
25 89 10
25 90 73
25 91 37
25 92 86
25 93 48
25 94 35
25 95 74
25 96 66
25 97 1
25 98 73
25 99 35
25 100 31
25 101 51
25 102 44
25 103 4
25 104 78
25 105 50
25 106 66
25 107 74
25 108 35
25 109 50
25 110 100
25 111 33
25 112 32
25 113 75
25 114 19
25 115 36
25 116 23
25 117 70
25 118 38
25 119 25
26 27 67
26 28 55
26 29 67
26 30 56
26 31 27
26 32 41
26 33 25
26 34 84
26 35 41
26 36 53
26 37 83
26 38 74
26 39 99
26 40 71
26 41 28
26 42 57
26 43 77
26 44 88
26 45 54
26 46 41
26 47 51
26 48 54
26 49 15
26 50 12
26 51 8
26 52 34
26 53 90
26 54 67
26 55 73
26 56 83
26 57 66
26 58 99
26 59 18
26 60 22
26 61 89
26 62 10
26 63 70
26 64 18
26 65 78
26 66 16
26 67 50
26 68 2
26 69 68
26 70 70
26 71 75
26 72 10
26 73 77
26 74 46
26 75 64
26 76 78
26 77 30
26 78 99
26 79 81
26 80 2
26 81 39
26 82 75
26 83 68
26 84 55
26 85 65
26 86 96
26 87 48
26 88 23
26 89 26
26 90 38
26 91 34
26 92 64
26 93 82
26 94 92
26 95 48
26 96 100
26 97 12
26 98 59
26 99 86
26 100 53
26 101 78
26 102 40
26 103 49
26 104 49
26 105 76
26 106 79
26 107 23
26 108 53
26 109 44
26 110 68
26 111 95
26 112 41
26 113 48
26 114 42
26 115 93
26 116 99
26 117 38
26 118 29
26 119 28
27 28 61
27 29 52
27 30 37
27 31 96
27 32 99
27 33 48
27 34 74
27 35 81
27 36 59
27 37 8
27 38 88
27 39 91
27 40 71
27 41 10
27 42 38
27 43 14
27 44 28
27 45 16
27 46 82
27 47 23
27 48 97
27 49 61
27 50 69
27 51 20
27 52 84
27 53 16
27 54 25
27 55 86
27 56 82
27 57 92
27 58 42
27 59 39
27 60 22
27 61 80
27 62 74
27 63 3
27 64 28
27 65 29
27 66 81
27 67 93
27 68 38
27 69 75
27 70 24
27 71 57
27 72 4
27 73 96
27 74 83
27 75 22
27 76 21
27 77 68
27 78 57
27 79 59
27 80 78
27 81 20
27 82 14
27 83 51
27 84 49
27 85 97
27 86 56
27 87 11
27 88 87
27 89 84
27 90 65
27 91 7
27 92 89
27 93 43
27 94 71
27 95 55
27 96 80
27 97 75
27 98 37
27 99 72
27 100 26
27 101 48
27 102 85
27 103 21
27 104 40
27 105 36
27 106 65
27 107 63
27 108 91
27 109 5
27 110 51
27 111 87
27 112 10
27 113 90
27 114 40
27 115 100
27 116 64
27 117 35
27 118 80
27 119 81
28 29 87
28 30 29
28 31 3
28 32 97
28 33 63
28 34 80
28 35 59
28 36 84
28 37 59
28 38 60
28 39 36
28 40 54
28 41 84
28 42 64
28 43 56
28 44 34
28 45 74
28 46 1
28 47 6
28 48 42
28 49 32
28 50 85
28 51 58
28 52 22
28 53 65
28 54 33
28 55 16
28 56 36
28 57 26
28 58 69
28 59 84
28 60 49
28 61 79
28 62 99
28 63 2
28 64 82
28 65 39
28 66 24
28 67 77
28 68 45
28 69 54
28 70 38
28 71 91
28 72 74
28 73 48
28 74 25
28 75 46
28 76 98
28 77 72
28 78 86
28 79 100
28 80 88
28 81 91
28 82 60
28 83 15
28 84 35
28 85 78
28 86 8
28 87 86
28 88 72
28 89 33
28 90 56
28 91 61
28 92 39
28 93 76
28 94 27
28 95 11
28 96 39
28 97 56
28 98 12
28 99 23
28 100 39
28 101 25
28 102 34
28 103 7
28 104 60
28 105 90
28 106 2
28 107 33
28 108 82
28 109 84
28 110 64
28 111 87
28 112 92
28 113 90
28 114 92
28 115 7
28 116 100
28 117 56
28 118 67
28 119 21
29 30 6
29 31 50
29 32 82
29 33 21
29 34 75
29 35 62
29 36 99
29 37 13
29 38 63
29 39 77
29 40 98
29 41 9
29 42 98
29 43 44
29 44 2
29 45 71
29 46 47
29 47 91
29 48 85
29 49 71
29 50 93
29 51 19
29 52 92
29 53 74
29 54 3
29 55 61
29 56 80
29 57 45
29 58 68
29 59 61
29 60 79
29 61 95
29 62 80
29 63 54
29 64 81
29 65 29
29 66 54
29 67 29
29 68 7
29 69 52
29 70 32
29 71 53
29 72 39
29 73 48
29 74 27
29 75 49
29 76 3
29 77 66
29 78 36
29 79 18
29 80 76
29 81 42
29 82 95
29 83 7
29 84 94
29 85 83
29 86 83
29 87 31
29 88 94
29 89 37
29 90 32
29 91 100
29 92 72
29 93 65
29 94 97
29 95 72
29 96 77
29 97 28
29 98 55
29 99 82
29 100 89
29 101 93
29 102 26
29 103 66
29 104 93
29 105 66
29 106 17
29 107 27
29 108 72
29 109 96
29 110 21
29 111 98
29 112 18
29 113 55
29 114 18
29 115 79
29 116 6
29 117 85
29 118 21
29 119 57
30 31 54
30 32 77
30 33 66
30 34 83
30 35 82
30 36 9
30 37 68
30 38 91
30 39 1
30 40 14
30 41 90
30 42 80
30 43 69
30 44 89
30 45 26
30 46 40
30 47 77
30 48 21
30 49 30
30 50 28
30 51 68
30 52 31
30 53 63
30 54 25
30 55 66
30 56 55
30 57 51
30 58 95
30 59 93
30 60 83
30 61 96
30 62 81
30 63 63
30 64 56
30 65 44
30 66 97
30 67 60
30 68 24
30 69 57
30 70 13
30 71 67
30 72 28
30 73 77
30 74 53
30 75 36
30 76 51
30 77 40
30 78 68
30 79 69
30 80 18
30 81 30
30 82 30
30 83 43
30 84 78
30 85 38
30 86 53
30 87 19
30 88 82
30 89 87
30 90 96
30 91 25
30 92 37
30 93 31
30 94 8
30 95 86
30 96 13
30 97 45
30 98 27
30 99 61
30 100 44
30 101 77
30 102 82
30 103 50
30 104 34
30 105 36
30 106 66
30 107 45
30 108 14
30 109 61
30 110 14
30 111 12
30 112 94
30 113 85
30 114 43
30 115 96
30 116 79
30 117 82
30 118 73
30 119 85
31 32 9
31 33 37
31 34 45
31 35 90
31 36 54
31 37 56
31 38 76
31 39 95
31 40 41
31 41 100
31 42 29
31 43 39
31 44 17
31 45 32
31 46 20
31 47 81
31 48 29
31 49 61
31 50 66
31 51 69
31 52 3
31 53 45
31 54 29
31 55 24
31 56 53
31 57 64
31 58 58
31 59 80
31 60 11
31 61 100
31 62 24
31 63 78
31 64 87
31 65 56
31 66 39
31 67 18
31 68 32
31 69 14
31 70 57
31 71 57
31 72 38
31 73 35
31 74 19
31 75 56
31 76 90
31 77 7
31 78 4
31 79 12
31 80 8
31 81 18
31 82 11
31 83 4
31 84 87
31 85 33
31 86 78
31 87 2
31 88 34
31 89 21
31 90 93
31 91 71
31 92 30
31 93 62
31 94 26
31 95 63
31 96 19
31 97 89
31 98 14
31 99 62
31 100 64
31 101 15
31 102 86
31 103 46
31 104 4
31 105 98
31 106 86
31 107 51
31 108 89
31 109 2
31 110 9
31 111 18
31 112 93
31 113 92
31 114 29
31 115 25
31 116 42
31 117 30
31 118 58
31 119 77
32 33 20
32 34 35
32 35 1
32 36 88
32 37 7
32 38 70
32 39 41
32 40 2
32 41 10
32 42 99
32 43 96
32 44 71
32 45 91
32 46 73
32 47 22
32 48 97
32 49 19
32 50 47
32 51 98
32 52 100
32 53 84
32 54 74
32 55 38
32 56 48
32 57 41
32 58 75
32 59 16
32 60 99
32 61 22
32 62 67
32 63 64
32 64 85
32 65 36
32 66 5
32 67 39
32 68 88
32 69 18
32 70 34
32 71 57
32 72 74
32 73 17
32 74 52
32 75 36
32 76 78
32 77 60
32 78 36
32 79 23
32 80 7
32 81 92
32 82 62
32 83 98
32 84 2
32 85 100
32 86 69
32 87 5
32 88 81
32 89 75
32 90 3
32 91 35
32 92 95
32 93 18
32 94 23
32 95 46
32 96 39
32 97 85
32 98 99
32 99 52
32 100 27
32 101 52
32 102 65
32 103 70
32 104 92
32 105 5
32 106 43
32 107 8
32 108 48
32 109 56
32 110 37
32 111 94
32 112 10
32 113 39
32 114 30
32 115 76
32 116 1
32 117 60
32 118 97
32 119 16
33 34 20
33 35 45
33 36 63
33 37 47
33 38 35
33 39 13
33 40 32
33 41 42
33 42 97
33 43 1
33 44 71
33 45 56
33 46 73
33 47 98
33 48 54
33 49 89
33 50 32
33 51 81
33 52 61
33 53 41
33 54 11
33 55 62
33 56 13
33 57 19
33 58 46
33 59 36
33 60 34
33 61 77
33 62 97
33 63 76
33 64 77
33 65 10
33 66 30
33 67 49
33 68 89
33 69 87
33 70 13
33 71 87
33 72 37
33 73 3
33 74 35
33 75 56
33 76 70
33 77 70
33 78 67
33 79 59
33 80 82
33 81 57
33 82 10
33 83 2
33 84 85
33 85 99
33 86 90
33 87 78
33 88 49
33 89 51
33 90 61
33 91 43
33 92 6
33 93 77
33 94 12
33 95 62
33 96 89
33 97 68
33 98 22
33 99 12
33 100 30
33 101 15
33 102 2
33 103 57
33 104 10
33 105 58
33 106 74
33 107 69
33 108 6
33 109 81
33 110 39
33 111 87
33 112 6
33 113 79
33 114 60
33 115 59
33 116 10
33 117 48
33 118 68
33 119 43
34 35 73
34 36 45
34 37 22
34 38 91
34 39 86
34 40 48
34 41 15
34 42 13
34 43 90
34 44 25
34 45 84
34 46 62
34 47 99
34 48 67
34 49 54
34 50 90
34 51 35
34 52 25
34 53 45
34 54 59
34 55 48
34 56 82
34 57 40
34 58 78
34 59 18
34 60 64
34 61 6
34 62 86
34 63 33
34 64 84
34 65 21
34 66 63
34 67 33
34 68 96
34 69 77
34 70 84
34 71 39
34 72 74
34 73 73
34 74 27
34 75 94
34 76 30
34 77 93
34 78 72
34 79 66
34 80 20
34 81 35
34 82 58
34 83 70
34 84 75
34 85 39
34 86 76
34 87 34
34 88 29
34 89 69
34 90 46
34 91 77
34 92 50
34 93 91
34 94 61
34 95 64
34 96 17
34 97 74
34 98 54
34 99 86
34 100 6
34 101 83
34 102 49
34 103 12
34 104 2
34 105 64
34 106 15
34 107 11
34 108 74
34 109 61
34 110 8
34 111 81
34 112 43
34 113 15
34 114 91
34 115 37
34 116 33
34 117 31
34 118 15
34 119 97
35 36 14
35 37 41
35 38 50
35 39 31
35 40 98
35 41 33
35 42 20
35 43 40
35 44 23
35 45 18
35 46 53
35 47 18
35 48 98
35 49 4
35 50 6
35 51 98
35 52 64
35 53 70
35 54 64
35 55 60
35 56 95
35 57 29
35 58 39
35 59 20
35 60 31
35 61 10
35 62 79
35 63 52
35 64 88
35 65 1
35 66 80
35 67 10
35 68 34
35 69 87
35 70 30
35 71 87
35 72 26
35 73 43
35 74 91
35 75 71
35 76 45
35 77 6
35 78 17
35 79 38
35 80 73
35 81 84
35 82 88
35 83 49
35 84 11
35 85 24
35 86 38
35 87 10
35 88 38
35 89 95
35 90 7
35 91 22
35 92 4
35 93 50
35 94 80
35 95 65
35 96 91
35 97 27
35 98 39
35 99 12
35 100 98
35 101 50
35 102 51
35 103 9
35 104 93
35 105 1
35 106 24
35 107 26
35 108 36
35 109 56
35 110 67
35 111 6
35 112 61
35 113 55
35 114 92
35 115 66
35 116 57
35 117 4
35 118 15
35 119 94
36 37 21
36 38 30
36 39 18
36 40 73
36 41 3
36 42 61
36 43 77
36 44 79
36 45 74
36 46 57
36 47 11
36 48 95
36 49 17
36 50 65
36 51 74
36 52 47
36 53 26
36 54 44
36 55 16
36 56 34
36 57 87
36 58 27
36 59 15
36 60 75
36 61 99
36 62 9
36 63 59
36 64 54
36 65 68
36 66 100
36 67 26
36 68 25
36 69 3
36 70 23
36 71 35
36 72 21
36 73 83
36 74 28
36 75 11
36 76 88
36 77 9
36 78 47
36 79 20
36 80 34
36 81 32
36 82 72
36 83 57
36 84 45
36 85 33
36 86 23
36 87 51
36 88 72
36 89 93
36 90 87
36 91 69
36 92 27
36 93 70
36 94 97
36 95 5
36 96 39
36 97 88
36 98 55
36 99 76
36 100 87
36 101 85
36 102 52
36 103 30
36 104 89
36 105 25
36 106 67
36 107 90
36 108 33
36 109 97
36 110 5
36 111 10
36 112 12
36 113 44
36 114 69
36 115 18
36 116 75
36 117 86
36 118 91
36 119 30
37 38 93
37 39 50
37 40 79
37 41 73
37 42 99
37 43 55
37 44 90
37 45 68
37 46 71
37 47 67
37 48 72
37 49 57
37 50 79
37 51 81
37 52 59
37 53 95
37 54 90
37 55 47
37 56 92
37 57 64
37 58 79
37 59 89
37 60 33
37 61 14
37 62 19
37 63 63
37 64 18
37 65 68
37 66 46
37 67 91
37 68 71
37 69 85
37 70 1
37 71 68
37 72 52
37 73 95
37 74 31
37 75 81
37 76 32
37 77 19
37 78 88
37 79 56
37 80 31
37 81 67
37 82 33
37 83 24
37 84 55
37 85 3
37 86 27
37 87 58
37 88 35
37 89 13
37 90 47
37 91 2
37 92 56
37 93 41
37 94 17
37 95 14
37 96 73
37 97 43
37 98 85
37 99 14
37 100 69
37 101 88
37 102 55
37 103 18
37 104 30
37 105 78
37 106 16
37 107 6
37 108 3
37 109 84
37 110 67
37 111 88
37 112 98
37 113 17
37 114 94
37 115 45
37 116 82
37 117 46
37 118 63
37 119 68
38 39 88
38 40 55
38 41 2
38 42 56
38 43 8
38 44 13
38 45 63
38 46 79
38 47 20
38 48 72
38 49 22
38 50 39
38 51 97
38 52 84
38 53 59
38 54 12
38 55 92
38 56 19
38 57 87
38 58 15
38 59 21
38 60 6
38 61 76
38 62 58
38 63 31
38 64 73
38 65 50
38 66 60
38 67 66
38 68 98
38 69 40
38 70 91
38 71 17
38 72 46
38 73 16
38 74 76
38 75 77
38 76 83
38 77 10
38 78 35
38 79 62
38 80 48
38 81 10
38 82 55
38 83 40
38 84 27
38 85 89
38 86 14
38 87 53
38 88 78
38 89 51
38 90 70
38 91 90
38 92 50
38 93 96
38 94 22
38 95 97
38 96 5
38 97 65
38 98 9
38 99 91
38 100 64
38 101 22
38 102 85
38 103 76
38 104 33
38 105 69
38 106 100
38 107 2
38 108 21
38 109 50
38 110 36
38 111 27
38 112 59
38 113 38
38 114 29
38 115 66
38 116 88
38 117 73
38 118 13
38 119 1
39 40 24
39 41 72
39 42 70
39 43 88
39 44 10
39 45 83
39 46 70
39 47 67
39 48 25
39 49 69
39 50 85
39 51 98
39 52 82
39 53 41
39 54 76
39 55 100
39 56 34
39 57 62
39 58 22
39 59 87
39 60 28
39 61 81
39 62 80
39 63 30
39 64 5
39 65 13
39 66 91
39 67 90
39 68 49
39 69 84
39 70 15
39 71 3
39 72 1
39 73 62
39 74 99
39 75 33
39 76 26
39 77 28
39 78 75
39 79 84
39 80 91
39 81 17
39 82 17
39 83 43
39 84 69
39 85 65
39 86 35
39 87 71
39 88 75
39 89 56
39 90 91
39 91 6
39 92 61
39 93 24
39 94 23
39 95 6
39 96 95
39 97 78
39 98 19
39 99 96
39 100 49
39 101 72
39 102 77
39 103 75
39 104 16
39 105 8
39 106 55
39 107 37
39 108 72
39 109 85
39 110 13
39 111 3
39 112 84
39 113 69
39 114 44
39 115 91
39 116 45
39 117 47
39 118 12
39 119 36
40 41 34
40 42 21
40 43 47
40 44 52
40 45 92
40 46 16
40 47 39
40 48 72
40 49 28
40 50 78
40 51 20
40 52 73
40 53 51
40 54 40
40 55 76
40 56 8
40 57 36
40 58 28
40 59 19
40 60 61
40 61 22
40 62 14
40 63 93
40 64 18
40 65 80
40 66 84
40 67 3
40 68 73
40 69 82
40 70 17
40 71 95
40 72 65
40 73 72
40 74 99
40 75 88
40 76 38
40 77 74
40 78 82
40 79 44
40 80 21
40 81 71
40 82 30
40 83 10
40 84 40
40 85 36
40 86 42
40 87 51
40 88 57
40 89 80
40 90 52
40 91 69
40 92 91
40 93 4
40 94 15
40 95 89
40 96 38
40 97 100
40 98 36
40 99 39
40 100 56
40 101 60
40 102 9
40 103 34
40 104 35
40 105 22
40 106 82
40 107 84
40 108 65
40 109 22
40 110 46
40 111 7
40 112 40
40 113 51
40 114 15
40 115 8
40 116 39
40 117 79
40 118 52
40 119 31
41 42 20
41 43 26
41 44 26
41 45 41
41 46 8
41 47 43
41 48 98
41 49 63
41 50 8
41 51 79
41 52 80
41 53 55
41 54 38
41 55 86
41 56 8
41 57 88
41 58 39
41 59 18
41 60 63
41 61 70
41 62 77
41 63 96
41 64 78
41 65 29
41 66 84
41 67 77
41 68 69
41 69 27
41 70 86
41 71 81
41 72 25
41 73 58
41 74 51
41 75 18
41 76 8
41 77 99
41 78 64
41 79 20
41 80 2
41 81 93
41 82 10
41 83 59
41 84 42
41 85 100
41 86 1
41 87 83
41 88 37
41 89 67
41 90 89
41 91 27
41 92 33
41 93 92
41 94 5
41 95 14
41 96 20
41 97 71
41 98 15
41 99 40
41 100 74
41 101 65
41 102 83
41 103 77
41 104 55
41 105 30
41 106 41
41 107 43
41 108 72
41 109 55
41 110 48
41 111 13
41 112 52
41 113 81
41 114 21
41 115 8
41 116 83
41 117 17
41 118 20
41 119 69
42 43 48
42 44 36
42 45 59
42 46 6
42 47 44
42 48 22
42 49 84
42 50 25
42 51 29
42 52 97
42 53 86
42 54 17
42 55 46
42 56 38
42 57 34
42 58 42
42 59 78
42 60 57
42 61 63
42 62 73
42 63 20
42 64 49
42 65 24
42 66 100
42 67 77
42 68 87
42 69 79
42 70 3
42 71 64
42 72 86
42 73 24
42 74 20
42 75 34
42 76 93
42 77 77
42 78 96
42 79 64
42 80 75
42 81 27
42 82 22
42 83 49
42 84 64
42 85 79
42 86 87
42 87 89
42 88 21
42 89 85
42 90 36
42 91 83
42 92 44
42 93 19
42 94 94
42 95 26
42 96 88
42 97 81
42 98 74
42 99 12
42 100 15
42 101 97
42 102 7
42 103 71
42 104 49
42 105 29
42 106 69
42 107 33
42 108 10
42 109 91
42 110 13
42 111 31
42 112 96
42 113 71
42 114 25
42 115 79
42 116 95
42 117 40
42 118 30
42 119 1
43 44 23
43 45 35
43 46 74
43 47 45
43 48 39
43 49 22
43 50 52
43 51 95
43 52 19
43 53 72
43 54 90
43 55 2
43 56 65
43 57 44
43 58 49
43 59 60
43 60 23
43 61 46
43 62 12
43 63 3
43 64 89
43 65 100
43 66 99
43 67 72
43 68 23
43 69 52
43 70 77
43 71 73
43 72 59
43 73 6
43 74 47
43 75 40
43 76 96
43 77 75
43 78 22
43 79 83
43 80 50
43 81 60
43 82 22
43 83 58
43 84 98
43 85 22
43 86 49
43 87 31
43 88 24
43 89 71
43 90 62
43 91 95
43 92 41
43 93 68
43 94 28
43 95 34
43 96 27
43 97 81
43 98 33
43 99 91
43 100 50
43 101 11
43 102 4
43 103 6
43 104 51
43 105 2
43 106 95
43 107 31
43 108 65
43 109 2
43 110 100
43 111 52
43 112 24
43 113 94
43 114 78
43 115 33
43 116 45
43 117 21
43 118 97
43 119 3
44 45 71
44 46 25
44 47 79
44 48 47
44 49 34
44 50 89
44 51 85
44 52 25
44 53 75
44 54 61
44 55 40
44 56 20
44 57 83
44 58 58
44 59 18
44 60 53
44 61 31
44 62 87
44 63 17
44 64 6
44 65 73
44 66 45
44 67 13
44 68 70
44 69 91
44 70 19
44 71 17
44 72 16
44 73 65
44 74 66
44 75 90
44 76 2
44 77 43
44 78 83
44 79 85
44 80 56
44 81 5
44 82 6
44 83 83
44 84 54
44 85 83
44 86 9
44 87 49
44 88 18
44 89 11
44 90 19
44 91 14
44 92 86
44 93 68
44 94 34
44 95 89
44 96 71
44 97 90
44 98 83
44 99 76
44 100 55
44 101 86
44 102 40
44 103 29
44 104 49
44 105 12
44 106 95
44 107 30
44 108 41
44 109 11
44 110 21
44 111 57
44 112 38
44 113 33
44 114 16
44 115 37
44 116 17
44 117 46
44 118 33
44 119 97
45 46 52
45 47 10
45 48 36
45 49 51
45 50 76
45 51 39
45 52 89
45 53 35
45 54 63
45 55 44
45 56 71
45 57 22
45 58 74
45 59 44
45 60 88
45 61 3
45 62 10
45 63 68
45 64 67
45 65 3
45 66 16
45 67 14
45 68 59
45 69 23
45 70 12
45 71 48
45 72 34
45 73 50
45 74 4
45 75 65
45 76 66
45 77 67
45 78 76
45 79 46
45 80 5
45 81 53
45 82 39
45 83 21
45 84 27
45 85 36
45 86 56
45 87 99
45 88 99
45 89 12
45 90 64
45 91 41
45 92 68
45 93 97
45 94 56
45 95 99
45 96 29
45 97 42
45 98 83
45 99 11
45 100 79
45 101 67
45 102 15
45 103 95
45 104 91
45 105 86
45 106 13
45 107 37
45 108 23
45 109 78
45 110 91
45 111 29
45 112 48
45 113 88
45 114 67
45 115 56
45 116 14
45 117 10
45 118 28
45 119 88
46 47 68
46 48 66
46 49 44
46 50 20
46 51 26
46 52 63
46 53 76
46 54 65
46 55 27
46 56 100
46 57 79
46 58 71
46 59 16
46 60 10
46 61 37
46 62 95
46 63 63
46 64 61
46 65 28
46 66 95
46 67 83
46 68 32
46 69 7
46 70 3
46 71 99
46 72 79
46 73 48
46 74 4
46 75 27
46 76 77
46 77 9
46 78 88
46 79 26
46 80 55
46 81 26
46 82 52
46 83 95
46 84 8
46 85 43
46 86 9
46 87 34
46 88 39
46 89 86
46 90 51
46 91 61
46 92 100
46 93 52
46 94 68
46 95 22
46 96 83
46 97 30
46 98 89
46 99 44
46 100 67
46 101 36
46 102 90
46 103 38
46 104 19
46 105 75
46 106 23
46 107 14
46 108 97
46 109 41
46 110 22
46 111 92
46 112 96
46 113 69
46 114 25
46 115 56
46 116 41
46 117 16
46 118 67
46 119 8
47 48 58
47 49 65
47 50 29
47 51 17
47 52 69
47 53 68
47 54 72
47 55 16
47 56 82
47 57 62
47 58 2
47 59 64
47 60 36
47 61 15
47 62 3
47 63 89
47 64 92
47 65 92
47 66 66
47 67 4
47 68 5
47 69 53
47 70 92
47 71 87
47 72 27
47 73 19
47 74 12
47 75 48
47 76 69
47 77 16
47 78 21
47 79 100
47 80 12
47 81 49
47 82 34
47 83 99
47 84 89
47 85 95
47 86 52
47 87 97
47 88 97
47 89 85
47 90 34
47 91 55
47 92 90
47 93 59
47 94 68
47 95 8
47 96 55
47 97 19
47 98 40
47 99 34
47 100 59
47 101 31
47 102 80
47 103 61
47 104 14
47 105 53
47 106 51
47 107 86
47 108 44
47 109 20
47 110 37
47 111 29
47 112 61
47 113 74
47 114 84
47 115 30
47 116 65
47 117 60
47 118 26
47 119 42
48 49 94
48 50 21
48 51 17
48 52 3
48 53 3
48 54 63
48 55 23
48 56 76
48 57 2
48 58 92
48 59 75
48 60 53
48 61 13
48 62 79
48 63 45
48 64 100
48 65 20
48 66 79
48 67 8
48 68 1
48 69 39
48 70 55
48 71 5
48 72 79
48 73 96
48 74 81
48 75 62
48 76 71
48 77 3
48 78 32
48 79 20
48 80 84
48 81 80
48 82 12
48 83 76
48 84 71
48 85 14
48 86 57
48 87 3
48 88 46
48 89 93
48 90 62
48 91 67
48 92 91
48 93 24
48 94 84
48 95 31
48 96 98
48 97 64
48 98 20
48 99 82
48 100 13
48 101 26
48 102 68
48 103 58
48 104 77
48 105 54
48 106 79
48 107 61
48 108 53
48 109 32
48 110 19
48 111 75
48 112 87
48 113 5
48 114 44
48 115 73
48 116 97
48 117 49
48 118 67
48 119 43
49 50 72
49 51 33
49 52 28
49 53 9
49 54 58
49 55 39
49 56 1
49 57 19
49 58 68
49 59 33
49 60 94
49 61 80
49 62 66
49 63 9
49 64 2
49 65 37
49 66 12
49 67 88
49 68 89
49 69 28
49 70 15
49 71 95
49 72 98
49 73 37
49 74 67
49 75 45
49 76 62
49 77 31
49 78 24
49 79 6
49 80 50
49 81 55
49 82 11
49 83 99
49 84 82
49 85 28
49 86 74
49 87 33
49 88 82
49 89 20
49 90 89
49 91 49
49 92 15
49 93 41
49 94 56
49 95 71
49 96 69
49 97 98
49 98 98
49 99 94
49 100 98
49 101 46
49 102 95
49 103 68
49 104 15
49 105 19
49 106 7
49 107 63
49 108 34
49 109 82
49 110 48
49 111 89
49 112 86
49 113 84
49 114 3
49 115 15
49 116 85
49 117 20
49 118 22
49 119 91
50 51 40
50 52 25
50 53 10
50 54 15
50 55 63
50 56 55
50 57 45
50 58 2
50 59 28
50 60 17
50 61 26
50 62 53
50 63 43
50 64 99
50 65 18
50 66 76
50 67 4
50 68 42
50 69 75
50 70 94
50 71 25
50 72 83
50 73 33
50 74 63
50 75 28
50 76 17
50 77 90
50 78 29
50 79 1
50 80 24
50 81 95
50 82 2
50 83 61
50 84 77
50 85 14
50 86 27
50 87 87
50 88 26
50 89 75
50 90 42
50 91 58
50 92 1
50 93 52
50 94 41
50 95 92
50 96 10
50 97 79
50 98 1
50 99 63
50 100 84
50 101 62
50 102 36
50 103 50
50 104 84
50 105 53
50 106 55
50 107 57
50 108 1
50 109 50
50 110 2
50 111 30
50 112 88
50 113 52
50 114 48
50 115 13
50 116 48
50 117 10
50 118 87
50 119 4
51 52 94
51 53 52
51 54 39
51 55 3
51 56 64
51 57 97
51 58 61
51 59 54
51 60 78
51 61 75
51 62 43
51 63 50
51 64 49
51 65 44
51 66 6
51 67 49
51 68 27
51 69 82
51 70 88
51 71 5
51 72 9
51 73 12
51 74 30
51 75 29
51 76 42
51 77 43
51 78 83
51 79 38
51 80 22
51 81 11
51 82 41
51 83 37
51 84 81
51 85 42
51 86 75
51 87 71
51 88 9
51 89 33
51 90 83
51 91 92
51 92 11
51 93 55
51 94 96
51 95 60
51 96 56
51 97 87
51 98 31
51 99 49
51 100 43
51 101 100
51 102 7
51 103 63
51 104 11
51 105 80
51 106 2
51 107 78
51 108 48
51 109 8
51 110 43
51 111 47
51 112 18
51 113 36
51 114 60
51 115 23
51 116 23
51 117 37
51 118 60
51 119 1
52 53 60
52 54 90
52 55 58
52 56 8
52 57 44
52 58 85
52 59 28
52 60 27
52 61 58
52 62 56
52 63 96
52 64 41
52 65 76
52 66 94
52 67 35
52 68 97
52 69 72
52 70 21
52 71 48
52 72 43
52 73 62
52 74 61
52 75 48
52 76 2
52 77 17
52 78 72
52 79 93
52 80 38
52 81 3
52 82 9
52 83 21
52 84 42
52 85 96
52 86 75
52 87 31
52 88 1
52 89 46
52 90 71
52 91 46
52 92 88
52 93 70
52 94 51
52 95 63
52 96 7
52 97 79
52 98 21
52 99 64
52 100 97
52 101 85
52 102 57
52 103 75
52 104 16
52 105 82
52 106 28
52 107 36
52 108 72
52 109 2
52 110 37
52 111 100
52 112 22
52 113 43
52 114 8
52 115 4
52 116 44
52 117 40
52 118 49
52 119 81
53 54 61
53 55 42
53 56 71
53 57 1
53 58 20
53 59 83
53 60 60
53 61 26
53 62 76
53 63 19
53 64 47
53 65 10
53 66 95
53 67 57
53 68 10
53 69 66
53 70 74
53 71 66
53 72 21
53 73 70
53 74 11
53 75 89
53 76 13
53 77 50
53 78 31
53 79 38
53 80 51
53 81 65
53 82 44
53 83 67
53 84 25
53 85 15
53 86 56
53 87 52
53 88 5
53 89 15
53 90 80
53 91 94
53 92 5
53 93 57
53 94 100
53 95 60
53 96 38
53 97 37
53 98 40
53 99 21
53 100 17
53 101 81
53 102 16
53 103 92
53 104 22
53 105 89
53 106 28
53 107 38
53 108 99
53 109 45
53 110 28
53 111 56
53 112 83
53 113 51
53 114 9
53 115 6
53 116 54
53 117 36
53 118 15
53 119 97
54 55 54
54 56 63
54 57 10
54 58 47
54 59 26
54 60 16
54 61 48
54 62 71
54 63 33
54 64 80
54 65 1
54 66 3
54 67 55
54 68 46
54 69 45
54 70 76
54 71 47
54 72 46
54 73 2
54 74 30
54 75 94
54 76 87
54 77 53
54 78 3
54 79 58
54 80 60
54 81 93
54 82 46
54 83 56
54 84 73
54 85 70
54 86 39
54 87 56
54 88 28
54 89 29
54 90 35
54 91 63
54 92 90
54 93 87
54 94 99
54 95 29
54 96 36
54 97 38
54 98 51
54 99 73
54 100 1
54 101 16
54 102 87
54 103 44
54 104 29
54 105 40
54 106 85
54 107 20
54 108 4
54 109 38
54 110 81
54 111 6
54 112 66
54 113 86
54 114 14
54 115 24
54 116 49
54 117 17
54 118 65
54 119 20
55 56 40
55 57 47
55 58 24
55 59 13
55 60 76
55 61 75
55 62 26
55 63 8
55 64 65
55 65 92
55 66 1
55 67 7
55 68 5
55 69 64
55 70 83
55 71 26
55 72 91
55 73 43
55 74 26
55 75 42
55 76 49
55 77 11
55 78 45
55 79 42
55 80 68
55 81 77
55 82 71
55 83 76
55 84 74
55 85 42
55 86 66
55 87 8
55 88 88
55 89 7
55 90 40
55 91 76
55 92 11
55 93 49
55 94 11
55 95 44
55 96 67
55 97 66
55 98 45
55 99 38
55 100 87
55 101 12
55 102 66
55 103 92
55 104 99
55 105 2
55 106 64
55 107 79
55 108 35
55 109 27
55 110 53
55 111 21
55 112 42
55 113 28
55 114 32
55 115 86
55 116 84
55 117 98
55 118 64
55 119 3
56 57 83
56 58 12
56 59 44
56 60 81
56 61 64
56 62 34
56 63 53
56 64 60
56 65 21
56 66 97
56 67 9
56 68 87
56 69 49
56 70 76
56 71 28
56 72 19
56 73 10
56 74 77
56 75 43
56 76 94
56 77 54
56 78 98
56 79 16
56 80 76
56 81 71
56 82 64
56 83 64
56 84 99
56 85 47
56 86 69
56 87 80
56 88 13
56 89 38
56 90 35
56 91 74
56 92 92
56 93 87
56 94 16
56 95 94
56 96 37
56 97 23
56 98 52
56 99 28
56 100 24
56 101 51
56 102 40
56 103 50
56 104 98
56 105 26
56 106 77
56 107 89
56 108 72
56 109 15
56 110 37
56 111 63
56 112 94
56 113 27
56 114 69
56 115 44
56 116 45
56 117 87
56 118 96
56 119 2
57 58 94
57 59 59
57 60 99
57 61 23
57 62 64
57 63 83
57 64 73
57 65 37
57 66 91
57 67 2
57 68 1
57 69 9
57 70 33
57 71 62
57 72 34
57 73 11
57 74 27
57 75 59
57 76 59
57 77 57
57 78 32
57 79 36
57 80 29
57 81 36
57 82 50
57 83 29
57 84 43
57 85 55
57 86 31
57 87 34
57 88 59
57 89 94
57 90 85
57 91 7
57 92 65
57 93 48
57 94 39
57 95 33
57 96 66
57 97 55
57 98 96
57 99 84
57 100 15
57 101 94
57 102 45
57 103 23
57 104 23
57 105 60
57 106 20
57 107 34
57 108 17
57 109 62
57 110 4
57 111 33
57 112 51
57 113 22
57 114 100
57 115 1
57 116 62
57 117 69
57 118 15
57 119 52
58 59 86
58 60 66
58 61 7
58 62 35
58 63 60
58 64 56
58 65 9
58 66 13
58 67 26
58 68 87
58 69 19
58 70 75
58 71 87
58 72 97
58 73 4
58 74 34
58 75 78
58 76 12
58 77 60
58 78 83
58 79 50
58 80 51
58 81 53
58 82 16
58 83 70
58 84 60
58 85 15
58 86 51
58 87 18
58 88 54
58 89 30
58 90 18
58 91 17
58 92 31
58 93 15
58 94 64
58 95 23
58 96 40
58 97 14
58 98 47
58 99 57
58 100 71
58 101 46
58 102 38
58 103 11
58 104 4
58 105 24
58 106 81
58 107 45
58 108 61
58 109 89
58 110 87
58 111 68
58 112 98
58 113 98
58 114 22
58 115 93
58 116 54
58 117 65
58 118 89
58 119 62
59 60 58
59 61 79
59 62 31
59 63 75
59 64 28
59 65 98
59 66 49
59 67 26
59 68 21
59 69 47
59 70 57
59 71 5
59 72 56
59 73 85
59 74 40
59 75 5
59 76 25
59 77 65
59 78 49
59 79 90
59 80 46
59 81 60
59 82 76
59 83 95
59 84 38
59 85 49
59 86 60
59 87 35
59 88 93
59 89 76
59 90 47
59 91 95
59 92 80
59 93 13
59 94 64
59 95 3
59 96 47
59 97 56
59 98 56
59 99 75
59 100 19
59 101 52
59 102 23
59 103 19
59 104 60
59 105 74
59 106 41
59 107 32
59 108 26
59 109 1
59 110 61
59 111 65
59 112 83
59 113 43
59 114 15
59 115 56
59 116 83
59 117 38
59 118 65
59 119 89
60 61 93
60 62 77
60 63 72
60 64 64
60 65 13
60 66 44
60 67 15
60 68 59
60 69 28
60 70 47
60 71 80
60 72 96
60 73 28
60 74 23
60 75 19
60 76 12
60 77 64
60 78 13
60 79 48
60 80 49
60 81 83
60 82 19
60 83 6
60 84 2
60 85 82
60 86 75
60 87 44
60 88 90
60 89 55
60 90 98
60 91 83
60 92 92
60 93 4
60 94 22
60 95 76
60 96 1
60 97 10
60 98 74
60 99 41
60 100 9
60 101 95
60 102 85
60 103 68
60 104 74
60 105 100
60 106 93
60 107 74
60 108 2
60 109 80
60 110 54
60 111 43
60 112 74
60 113 10
60 114 21
60 115 55
60 116 17
60 117 32
60 118 45
60 119 82
61 62 93
61 63 22
61 64 39
61 65 91
61 66 100
61 67 65
61 68 73
61 69 61
61 70 96
61 71 22
61 72 32
61 73 91
61 74 74
61 75 67
61 76 67
61 77 59
61 78 27
61 79 6
61 80 93
61 81 71
61 82 32
61 83 71
61 84 13
61 85 59
61 86 48
61 87 21
61 88 48
61 89 80
61 90 66
61 91 51
61 92 30
61 93 11
61 94 33
61 95 36
61 96 20
61 97 54
61 98 70
61 99 67
61 100 98
61 101 4
61 102 91
61 103 11
61 104 4
61 105 75
61 106 35
61 107 43
61 108 39
61 109 33
61 110 74
61 111 29
61 112 82
61 113 75
61 114 61
61 115 26
61 116 33
61 117 46
61 118 68
61 119 75
62 63 71
62 64 61
62 65 32
62 66 58
62 67 29
62 68 6
62 69 11
62 70 69
62 71 94
62 72 30
62 73 74
62 74 26
62 75 43
62 76 96
62 77 35
62 78 94
62 79 25
62 80 92
62 81 84
62 82 79
62 83 38
62 84 60
62 85 25
62 86 67
62 87 92
62 88 55
62 89 6
62 90 82
62 91 66
62 92 4
62 93 42
62 94 99
62 95 40
62 96 47
62 97 53
62 98 17
62 99 4
62 100 71
62 101 82
62 102 34
62 103 13
62 104 19
62 105 58
62 106 97
62 107 71
62 108 20
62 109 60
62 110 56
62 111 10
62 112 91
62 113 74
62 114 51
62 115 37
62 116 23
62 117 12
62 118 99
62 119 23
63 64 82
63 65 75
63 66 2
63 67 5
63 68 89
63 69 2
63 70 32
63 71 11
63 72 7
63 73 88
63 74 45
63 75 12
63 76 84
63 77 45
63 78 13
63 79 53
63 80 76
63 81 86
63 82 46
63 83 12
63 84 78
63 85 87
63 86 38
63 87 13
63 88 21
63 89 52
63 90 73
63 91 72
63 92 77
63 93 17
63 94 78
63 95 85
63 96 47
63 97 58
63 98 45
63 99 99
63 100 90
63 101 50
63 102 70
63 103 15
63 104 15
63 105 94
63 106 35
63 107 4
63 108 59
63 109 78
63 110 12
63 111 30
63 112 70
63 113 21
63 114 13
63 115 94
63 116 44
63 117 63
63 118 85
63 119 90
64 65 42
64 66 41
64 67 54
64 68 30
64 69 20
64 70 73
64 71 33
64 72 49
64 73 74
64 74 35
64 75 73
64 76 93
64 77 4
64 78 21
64 79 3
64 80 84
64 81 72
64 82 54
64 83 10
64 84 61
64 85 13
64 86 90
64 87 26
64 88 87
64 89 25
64 90 74
64 91 52
64 92 28
64 93 87
64 94 97
64 95 55
64 96 63
64 97 21
64 98 81
64 99 84
64 100 98
64 101 62
64 102 27
64 103 29
64 104 34
64 105 75
64 106 49
64 107 46
64 108 7
64 109 80
64 110 30
64 111 2
64 112 96
64 113 4
64 114 23
64 115 83
64 116 27
64 117 94
64 118 15
64 119 40
65 66 48
65 67 33
65 68 17
65 69 25
65 70 94
65 71 40
65 72 66
65 73 29
65 74 68
65 75 16
65 76 39
65 77 92
65 78 37
65 79 33
65 80 78
65 81 48
65 82 12
65 83 58
65 84 50
65 85 41
65 86 25
65 87 77
65 88 37
65 89 20
65 90 34
65 91 31
65 92 45
65 93 65
65 94 37
65 95 73
65 96 18
65 97 60
65 98 68
65 99 64
65 100 18
65 101 15
65 102 29
65 103 40
65 104 64
65 105 39
65 106 75
65 107 24
65 108 96
65 109 18
65 110 33
65 111 27
65 112 46
65 113 33
65 114 89
65 115 2
65 116 61
65 117 74
65 118 23
65 119 61
66 67 31
66 68 14
66 69 32
66 70 1
66 71 24
66 72 72
66 73 45
66 74 35
66 75 22
66 76 8
66 77 68
66 78 84
66 79 99
66 80 13
66 81 10
66 82 15
66 83 15
66 84 65
66 85 25
66 86 63
66 87 56
66 88 87
66 89 18
66 90 81
66 91 43
66 92 4
66 93 33
66 94 71
66 95 21
66 96 35
66 97 19
66 98 67
66 99 35
66 100 44
66 101 56
66 102 4
66 103 76
66 104 62
66 105 88
66 106 83
66 107 54
66 108 88
66 109 65
66 110 32
66 111 50
66 112 51
66 113 14
66 114 18
66 115 41
66 116 44
66 117 41
66 118 51
66 119 84
67 68 17
67 69 79
67 70 32
67 71 56
67 72 59
67 73 85
67 74 18
67 75 26
67 76 52
67 77 14
67 78 93
67 79 59
67 80 88
67 81 32
67 82 3
67 83 3
67 84 83
67 85 66
67 86 96
67 87 12
67 88 87
67 89 42
67 90 27
67 91 28
67 92 98
67 93 61
67 94 98
67 95 12
67 96 54
67 97 52
67 98 70
67 99 57
67 100 55
67 101 52
67 102 53
67 103 29
67 104 88
67 105 45
67 106 96
67 107 19
67 108 5
67 109 36
67 110 86
67 111 92
67 112 20
67 113 67
67 114 80
67 115 60
67 116 32
67 117 3
67 118 34
67 119 92
68 69 7
68 70 75
68 71 72
68 72 59
68 73 24
68 74 82
68 75 71
68 76 87
68 77 28
68 78 21
68 79 69
68 80 25
68 81 31
68 82 42
68 83 77
68 84 96
68 85 20
68 86 27
68 87 51
68 88 60
68 89 14
68 90 34
68 91 46
68 92 83
68 93 76
68 94 98
68 95 93
68 96 30
68 97 61
68 98 98
68 99 73
68 100 29
68 101 24
68 102 34
68 103 72
68 104 75
68 105 36
68 106 41
68 107 53
68 108 25
68 109 78
68 110 50
68 111 13
68 112 92
68 113 37
68 114 19
68 115 45
68 116 26
68 117 35
68 118 36
68 119 57
69 70 4
69 71 86
69 72 64
69 73 61
69 74 62
69 75 74
69 76 64
69 77 36
69 78 13
69 79 1
69 80 13
69 81 9
69 82 41
69 83 63
69 84 86
69 85 40
69 86 56
69 87 65
69 88 9
69 89 88
69 90 94
69 91 59
69 92 22
69 93 10
69 94 32
69 95 25
69 96 36
69 97 21
69 98 48
69 99 62
69 100 53
69 101 4
69 102 36
69 103 82
69 104 77
69 105 86
69 106 66
69 107 42
69 108 62
69 109 54
69 110 10
69 111 34
69 112 79
69 113 53
69 114 17
69 115 98
69 116 75
69 117 33
69 118 74
69 119 16
70 71 60
70 72 62
70 73 11
70 74 63
70 75 37
70 76 92
70 77 24
70 78 27
70 79 20
70 80 51
70 81 77
70 82 75
70 83 96
70 84 21
70 85 47
70 86 93
70 87 39
70 88 94
70 89 87
70 90 86
70 91 91
70 92 27
70 93 8
70 94 7
70 95 46
70 96 36
70 97 1
70 98 86
70 99 71
70 100 16
70 101 31
70 102 94
70 103 68
70 104 12
70 105 79
70 106 60
70 107 21
70 108 23
70 109 94
70 110 58
70 111 91
70 112 1
70 113 90
70 114 79
70 115 12
70 116 79
70 117 2
70 118 15
70 119 67
71 72 16
71 73 14
71 74 96
71 75 28
71 76 97
71 77 14
71 78 99
71 79 83
71 80 40
71 81 8
71 82 51
71 83 87
71 84 40
71 85 58
71 86 48
71 87 37
71 88 80
71 89 32
71 90 85
71 91 76
71 92 43
71 93 79
71 94 100
71 95 47
71 96 34
71 97 13
71 98 27
71 99 31
71 100 19
71 101 97
71 102 90
71 103 89
71 104 56
71 105 79
71 106 10
71 107 28
71 108 69
71 109 66
71 110 16
71 111 65
71 112 23
71 113 30
71 114 12
71 115 69
71 116 64
71 117 88
71 118 73
71 119 62
72 73 95
72 74 68
72 75 97
72 76 94
72 77 32
72 78 73
72 79 85
72 80 48
72 81 13
72 82 9
72 83 10
72 84 63
72 85 86
72 86 89
72 87 12
72 88 86
72 89 25
72 90 42
72 91 44
72 92 10
72 93 92
72 94 40
72 95 5
72 96 43
72 97 71
72 98 49
72 99 7
72 100 23
72 101 79
72 102 75
72 103 1
72 104 68
72 105 11
72 106 29
72 107 43
72 108 43
72 109 72
72 110 10
72 111 54
72 112 92
72 113 61
72 114 93
72 115 82
72 116 56
72 117 78
72 118 76
72 119 37
73 74 73
73 75 39
73 76 71
73 77 23
73 78 47
73 79 31
73 80 40
73 81 67
73 82 65
73 83 14
73 84 22
73 85 39
73 86 6
73 87 14
73 88 29
73 89 6
73 90 85
73 91 26
73 92 29
73 93 85
73 94 99
73 95 49
73 96 89
73 97 7
73 98 72
73 99 38
73 100 60
73 101 81
73 102 92
73 103 72
73 104 87
73 105 19
73 106 51
73 107 70
73 108 68
73 109 28
73 110 35
73 111 68
73 112 46
73 113 13
73 114 9
73 115 37
73 116 100
73 117 51
73 118 34
73 119 62
74 75 15
74 76 23
74 77 29
74 78 13
74 79 73
74 80 51
74 81 58
74 82 65
74 83 13
74 84 25
74 85 61
74 86 95
74 87 40
74 88 66
74 89 67
74 90 13
74 91 33
74 92 45
74 93 44
74 94 84
74 95 5
74 96 54
74 97 32
74 98 38
74 99 65
74 100 53
74 101 7
74 102 52
74 103 51
74 104 2
74 105 37
74 106 18
74 107 92
74 108 68
74 109 71
74 110 92
74 111 22
74 112 15
74 113 25
74 114 100
74 115 14
74 116 41
74 117 67
74 118 72
74 119 99
75 76 54
75 77 92
75 78 1
75 79 48
75 80 15
75 81 68
75 82 65
75 83 30
75 84 34
75 85 89
75 86 49
75 87 92
75 88 1
75 89 96
75 90 42
75 91 72
75 92 21
75 93 43
75 94 39
75 95 83
75 96 98
75 97 28
75 98 53
75 99 28
75 100 76
75 101 28
75 102 30
75 103 65
75 104 80
75 105 59
75 106 16
75 107 92
75 108 17
75 109 3
75 110 45
75 111 75
75 112 43
75 113 11
75 114 34
75 115 44
75 116 78
75 117 15
75 118 61
75 119 33
76 77 29
76 78 90
76 79 95
76 80 100
76 81 2
76 82 80
76 83 52
76 84 87
76 85 78
76 86 52
76 87 40
76 88 88
76 89 33
76 90 31
76 91 42
76 92 13
76 93 99
76 94 78
76 95 10
76 96 62
76 97 47
76 98 67
76 99 67
76 100 68
76 101 61
76 102 68
76 103 85
76 104 55
76 105 40
76 106 99
76 107 53
76 108 28
76 109 67
76 110 78
76 111 82
76 112 28
76 113 46
76 114 22
76 115 17
76 116 98
76 117 42
76 118 34
76 119 41
77 78 24
77 79 11
77 80 32
77 81 6
77 82 41
77 83 100
77 84 37
77 85 1
77 86 42
77 87 24
77 88 87
77 89 26
77 90 82
77 91 69
77 92 18
77 93 2
77 94 72
77 95 27
77 96 83
77 97 12
77 98 77
77 99 62
77 100 27
77 101 54
77 102 96
77 103 74
77 104 40
77 105 52
77 106 1
77 107 31
77 108 48
77 109 96
77 110 55
77 111 22
77 112 10
77 113 66
77 114 3
77 115 61
77 116 13
77 117 7
77 118 25
77 119 91
78 79 21
78 80 81
78 81 74
78 82 71
78 83 66
78 84 36
78 85 57
78 86 2
78 87 11
78 88 15
78 89 44
78 90 70
78 91 59
78 92 37
78 93 84
78 94 88
78 95 43
78 96 47
78 97 80
78 98 64
78 99 38
78 100 83
78 101 90
78 102 97
78 103 67
78 104 33
78 105 89
78 106 61
78 107 79
78 108 57
78 109 42
78 110 40
78 111 49
78 112 92
78 113 18
78 114 1
78 115 52
78 116 25
78 117 39
78 118 27
78 119 33
79 80 10
79 81 63
79 82 75
79 83 6
79 84 31
79 85 48
79 86 73
79 87 3
79 88 81
79 89 65
79 90 16
79 91 26
79 92 52
79 93 76
79 94 86
79 95 51
79 96 46
79 97 13
79 98 89
79 99 10
79 100 88
79 101 36
79 102 2
79 103 14
79 104 69
79 105 25
79 106 97
79 107 25
79 108 17
79 109 22
79 110 74
79 111 88
79 112 77
79 113 27
79 114 67
79 115 50
79 116 72
79 117 11
79 118 65
79 119 35
80 81 80
80 82 80
80 83 9
80 84 4
80 85 78
80 86 47
80 87 74
80 88 39
80 89 38
80 90 85
80 91 79
80 92 70
80 93 26
80 94 18
80 95 30
80 96 60
80 97 89
80 98 74
80 99 59
80 100 60
80 101 40
80 102 41
80 103 57
80 104 6
80 105 62
80 106 28
80 107 87
80 108 66
80 109 28
80 110 14
80 111 38
80 112 88
80 113 62
80 114 52
80 115 82
80 116 52
80 117 66
80 118 72
80 119 7
81 82 1
81 83 48
81 84 34
81 85 21
81 86 22
81 87 68
81 88 85
81 89 41
81 90 24
81 91 61
81 92 35
81 93 83
81 94 86
81 95 38
81 96 15
81 97 9
81 98 50
81 99 74
81 100 57
81 101 84
81 102 40
81 103 64
81 104 3
81 105 11
81 106 91
81 107 54
81 108 10
81 109 37
81 110 43
81 111 34
81 112 94
81 113 70
81 114 11
81 115 46
81 116 4
81 117 86
81 118 85
81 119 89
82 83 39
82 84 85
82 85 62
82 86 42
82 87 77
82 88 14
82 89 28
82 90 54
82 91 64
82 92 84
82 93 83
82 94 56
82 95 29
82 96 76
82 97 34
82 98 88
82 99 34
82 100 99
82 101 79
82 102 13
82 103 31
82 104 59
82 105 16
82 106 81
82 107 74
82 108 28
82 109 41
82 110 24
82 111 27
82 112 16
82 113 16
82 114 10
82 115 44
82 116 83
82 117 51
82 118 65
82 119 40
83 84 27
83 85 76
83 86 42
83 87 57
83 88 97
83 89 1
83 90 22
83 91 71
83 92 99
83 93 56
83 94 90
83 95 10
83 96 3
83 97 19
83 98 65
83 99 9
83 100 73
83 101 76
83 102 9
83 103 61
83 104 40
83 105 70
83 106 96
83 107 65
83 108 29
83 109 81
83 110 89
83 111 63
83 112 47
83 113 27
83 114 54
83 115 57
83 116 75
83 117 30
83 118 77
83 119 80
84 85 94
84 86 39
84 87 87
84 88 90
84 89 61
84 90 91
84 91 51
84 92 85
84 93 69
84 94 85
84 95 15
84 96 30
84 97 49
84 98 13
84 99 15
84 100 43
84 101 79
84 102 45
84 103 99
84 104 3
84 105 93
84 106 22
84 107 74
84 108 24
84 109 41
84 110 72
84 111 63
84 112 26
84 113 40
84 114 38
84 115 20
84 116 96
84 117 87
84 118 41
84 119 72
85 86 100
85 87 91
85 88 45
85 89 93
85 90 43
85 91 80
85 92 88
85 93 4
85 94 87
85 95 26
85 96 84
85 97 62
85 98 73
85 99 38
85 100 5
85 101 57
85 102 20
85 103 9
85 104 13
85 105 5
85 106 67
85 107 35
85 108 86
85 109 35
85 110 100
85 111 45
85 112 59
85 113 29
85 114 87
85 115 94
85 116 53
85 117 91
85 118 63
85 119 1
86 87 68
86 88 54
86 89 34
86 90 87
86 91 88
86 92 60
86 93 35
86 94 21
86 95 23
86 96 55
86 97 42
86 98 67
86 99 87
86 100 40
86 101 78
86 102 48
86 103 17
86 104 71
86 105 12
86 106 90
86 107 77
86 108 49
86 109 100
86 110 75
86 111 8
86 112 98
86 113 84
86 114 93
86 115 37
86 116 63
86 117 93
86 118 19
86 119 60
87 88 66
87 89 29
87 90 59
87 91 1
87 92 88
87 93 51
87 94 36
87 95 98
87 96 92
87 97 76
87 98 53
87 99 46
87 100 27
87 101 68
87 102 74
87 103 35
87 104 83
87 105 75
87 106 24
87 107 72
87 108 90
87 109 1
87 110 32
87 111 82
87 112 47
87 113 39
87 114 56
87 115 35
87 116 96
87 117 62
87 118 99
87 119 1
88 89 11
88 90 19
88 91 66
88 92 27
88 93 16
88 94 7
88 95 17
88 96 52
88 97 87
88 98 98
88 99 8
88 100 41
88 101 27
88 102 52
88 103 28
88 104 58
88 105 17
88 106 33
88 107 45
88 108 36
88 109 25
88 110 58
88 111 58
88 112 16
88 113 9
88 114 30
88 115 35
88 116 56
88 117 67
88 118 40
88 119 2
89 90 90
89 91 68
89 92 12
89 93 16
89 94 45
89 95 27
89 96 1
89 97 35
89 98 43
89 99 11
89 100 44
89 101 90
89 102 9
89 103 59
89 104 16
89 105 46
89 106 22
89 107 60
89 108 44
89 109 57
89 110 50
89 111 50
89 112 87
89 113 73
89 114 77
89 115 83
89 116 2
89 117 42
89 118 18
89 119 63
90 91 66
90 92 63
90 93 95
90 94 84
90 95 72
90 96 72
90 97 45
90 98 43
90 99 60
90 100 41
90 101 69
90 102 72
90 103 3
90 104 85
90 105 63
90 106 26
90 107 3
90 108 98
90 109 61
90 110 4
90 111 61
90 112 57
90 113 96
90 114 79
90 115 9
90 116 71
90 117 75
90 118 78
90 119 20
91 92 10
91 93 1
91 94 73
91 95 13
91 96 52
91 97 88
91 98 50
91 99 89
91 100 19
91 101 43
91 102 83
91 103 73
91 104 79
91 105 90
91 106 55
91 107 92
91 108 71
91 109 83
91 110 67
91 111 45
91 112 88
91 113 35
91 114 58
91 115 71
91 116 30
91 117 31
91 118 42
91 119 87
92 93 85
92 94 5
92 95 13
92 96 85
92 97 30
92 98 22
92 99 20
92 100 34
92 101 7
92 102 93
92 103 71
92 104 72
92 105 55
92 106 51
92 107 26
92 108 21
92 109 43
92 110 97
92 111 69
92 112 79
92 113 57
92 114 50
92 115 84
92 116 20
92 117 25
92 118 2
92 119 9
93 94 3
93 95 78
93 96 44
93 97 2
93 98 17
93 99 32
93 100 2
93 101 93
93 102 63
93 103 4
93 104 29
93 105 44
93 106 13
93 107 58
93 108 49
93 109 92
93 110 52
93 111 90
93 112 65
93 113 81
93 114 88
93 115 81
93 116 27
93 117 40
93 118 69
93 119 12
94 95 72
94 96 48
94 97 29
94 98 60
94 99 95
94 100 9
94 101 76
94 102 13
94 103 67
94 104 96
94 105 23
94 106 70
94 107 33
94 108 54
94 109 68
94 110 45
94 111 61
94 112 4
94 113 81
94 114 13
94 115 29
94 116 34
94 117 49
94 118 59
94 119 98
95 96 22
95 97 5
95 98 98
95 99 82
95 100 41
95 101 14
95 102 4
95 103 38
95 104 89
95 105 14
95 106 92
95 107 34
95 108 42
95 109 87
95 110 48
95 111 74
95 112 100
95 113 72
95 114 30
95 115 25
95 116 74
95 117 25
95 118 77
95 119 59
96 97 2
96 98 99
96 99 9
96 100 74
96 101 42
96 102 61
96 103 69
96 104 99
96 105 1
96 106 35
96 107 19
96 108 65
96 109 32
96 110 91
96 111 58
96 112 55
96 113 77
96 114 13
96 115 31
96 116 92
96 117 69
96 118 54
96 119 81
97 98 51
97 99 67
97 100 69
97 101 97
97 102 96
97 103 33
97 104 77
97 105 53
97 106 25
97 107 46
97 108 46
97 109 98
97 110 11
97 111 6
97 112 43
97 113 47
97 114 62
97 115 26
97 116 68
97 117 2
97 118 72
97 119 7
98 99 11
98 100 82
98 101 64
98 102 82
98 103 42
98 104 10
98 105 49
98 106 66
98 107 9
98 108 45
98 109 56
98 110 19
98 111 51
98 112 36
98 113 82
98 114 54
98 115 92
98 116 22
98 117 44
98 118 57
98 119 22
99 100 80
99 101 43
99 102 76
99 103 11
99 104 82
99 105 69
99 106 8
99 107 71
99 108 2
99 109 46
99 110 40
99 111 100
99 112 100
99 113 52
99 114 42
99 115 20
99 116 51
99 117 90
99 118 67
99 119 85
100 101 93
100 102 7
100 103 43
100 104 88
100 105 42
100 106 5
100 107 1
100 108 44
100 109 14
100 110 9
100 111 63
100 112 23
100 113 42
100 114 95
100 115 58
100 116 18
100 117 58
100 118 65
100 119 29
101 102 67
101 103 82
101 104 94
101 105 30
101 106 29
101 107 15
101 108 94
101 109 34
101 110 93
101 111 87
101 112 64
101 113 74
101 114 29
101 115 45
101 116 79
101 117 86
101 118 52
101 119 58
102 103 52
102 104 84
102 105 63
102 106 17
102 107 47
102 108 24
102 109 21
102 110 31
102 111 32
102 112 10
102 113 41
102 114 91
102 115 96
102 116 92
102 117 77
102 118 74
102 119 33
103 104 81
103 105 41
103 106 14
103 107 10
103 108 15
103 109 58
103 110 68
103 111 19
103 112 54
103 113 35
103 114 18
103 115 28
103 116 93
103 117 48
103 118 1
103 119 15
104 105 66
104 106 38
104 107 96
104 108 60
104 109 88
104 110 2
104 111 86
104 112 93
104 113 70
104 114 51
104 115 48
104 116 9
104 117 39
104 118 81
104 119 56
105 106 82
105 107 33
105 108 17
105 109 58
105 110 70
105 111 91
105 112 17
105 113 65
105 114 46
105 115 14
105 116 55
105 117 18
105 118 84
105 119 4
106 107 45
106 108 18
106 109 72
106 110 72
106 111 49
106 112 2
106 113 19
106 114 30
106 115 72
106 116 98
106 117 54
106 118 32
106 119 91
107 108 20
107 109 22
107 110 20
107 111 12
107 112 11
107 113 9
107 114 96
107 115 90
107 116 47
107 117 31
107 118 67
107 119 82
108 109 87
108 110 97
108 111 8
108 112 89
108 113 30
108 114 64
108 115 26
108 116 85
108 117 14
108 118 91
108 119 20
109 110 77
109 111 76
109 112 42
109 113 40
109 114 37
109 115 41
109 116 46
109 117 14
109 118 66
109 119 4
110 111 14
110 112 26
110 113 64
110 114 50
110 115 92
110 116 29
110 117 84
110 118 17
110 119 29
111 112 50
111 113 4
111 114 70
111 115 85
111 116 44
111 117 57
111 118 45
111 119 21
112 113 81
112 114 74
112 115 86
112 116 13
112 117 46
112 118 99
112 119 17
113 114 75
113 115 6
113 116 22
113 117 69
113 118 7
113 119 74
114 115 35
114 116 9
114 117 5
114 118 36
114 119 27
115 116 73
115 117 70
115 118 27
115 119 20
116 117 13
116 118 33
116 119 46
117 118 77
117 119 46
118 119 62
