120 7140
0 1 75
0 2 4
0 3 53
0 4 50
0 5 87
0 6 71
0 7 29
0 8 25
0 9 93
0 10 18
0 11 7
0 12 48
0 13 34
0 14 97
0 15 36
0 16 23
0 17 45
0 18 56
0 19 38
0 20 45
0 21 45
0 22 91
0 23 7
0 24 8
0 25 35
0 26 74
0 27 22
0 28 10
0 29 73
0 30 91
0 31 22
0 32 47
0 33 4
0 34 19
0 35 71
0 36 2
0 37 73
0 38 34
0 39 68
0 40 40
0 41 96
0 42 75
0 43 57
0 44 95
0 45 43
0 46 27
0 47 18
0 48 1
0 49 46
0 50 58
0 51 62
0 52 5
0 53 13
0 54 58
0 55 63
0 56 6
0 57 35
0 58 81
0 59 79
0 60 99
0 61 85
0 62 4
0 63 86
0 64 61
0 65 43
0 66 23
0 67 19
0 68 30
0 69 54
0 70 20
0 71 83
0 72 93
0 73 26
0 74 96
0 75 3
0 76 70
0 77 100
0 78 45
0 79 6
0 80 14
0 81 91
0 82 100
0 83 94
0 84 10
0 85 46
0 86 90
0 87 40
0 88 66
0 89 8
0 90 19
0 91 89
0 92 46
0 93 6
0 94 29
0 95 6
0 96 40
0 97 72
0 98 88
0 99 86
0 100 2
0 101 94
0 102 96
0 103 7
0 104 28
0 105 90
0 106 70
0 107 99
0 108 5
0 109 64
0 110 62
0 111 52
0 112 24
0 113 17
0 114 80
0 115 23
0 116 49
0 117 69
0 118 77
0 119 90
1 2 81
1 3 17
1 4 38
1 5 96
1 6 4
1 7 10
1 8 92
1 9 84
1 10 76
1 11 27
1 12 5
1 13 67
1 14 25
1 15 78
1 16 64
1 17 28
1 18 5
1 19 4
1 20 63
1 21 56
1 22 36
1 23 95
1 24 83
1 25 16
1 26 78
1 27 83
1 28 45
1 29 6
1 30 77
1 31 33
1 32 44
1 33 80
1 34 41
1 35 71
1 36 40
1 37 88
1 38 97
1 39 3
1 40 75
1 41 91
1 42 29
1 43 87
1 44 9
1 45 18
1 46 87
1 47 75
1 48 56
1 49 24
1 50 47
1 51 26
1 52 49
1 53 92
1 54 94
1 55 11
1 56 31
1 57 39
1 58 8
1 59 28
1 60 54
1 61 40
1 62 97
1 63 82
1 64 23
1 65 85
1 66 26
1 67 29
1 68 72
1 69 91
1 70 66
1 71 64
1 72 74
1 73 81
1 74 82
1 75 65
1 76 81
1 77 99
1 78 69
1 79 38
1 80 2
1 81 21
1 82 31
1 83 28
1 84 37
1 85 42
1 86 17
1 87 44
1 88 69
1 89 25
1 90 55
1 91 95
1 92 74
1 93 5
1 94 71
1 95 3
1 96 45
1 97 75
1 98 39
1 99 97
1 100 64
1 101 63
1 102 99
1 103 14
1 104 53
1 105 11
1 106 67
1 107 34
1 108 29
1 109 17
1 110 8
1 111 76
1 112 15
1 113 12
1 114 11
1 115 69
1 116 53
1 117 79
1 118 77
1 119 41
2 3 12
2 4 32
2 5 87
2 6 74
2 7 90
2 8 85
2 9 26
2 10 70
2 11 37
2 12 96
2 13 87
2 14 65
2 15 56
2 16 61
2 17 64
2 18 49
2 19 22
2 20 11
2 21 85
2 22 9
2 23 8
2 24 38
2 25 24
2 26 63
2 27 23
2 28 66
2 29 67
2 30 71
2 31 34
2 32 71
2 33 84
2 34 8
2 35 9
2 36 67
2 37 20
2 38 82
2 39 23
2 40 76
2 41 34
2 42 93
2 43 30
2 44 14
2 45 16
2 46 62
2 47 64
2 48 43
2 49 80
2 50 6
2 51 65
2 52 74
2 53 28
2 54 87
2 55 16
2 56 65
2 57 13
2 58 31
2 59 58
2 60 29
2 61 23
2 62 45
2 63 76
2 64 90
2 65 24
2 66 40
2 67 95
2 68 88
2 69 46
2 70 30
2 71 68
2 72 4
2 73 54
2 74 72
2 75 80
2 76 8
2 77 61
2 78 46
2 79 71
2 80 65
2 81 51
2 82 67
2 83 66
2 84 33
2 85 82
2 86 15
2 87 74
2 88 45
2 89 17
2 90 29
2 91 56
2 92 91
2 93 67
2 94 39
2 95 99
2 96 8
2 97 61
2 98 69
2 99 86
2 100 62
2 101 35
2 102 22
2 103 18
2 104 52
2 105 27
2 106 7
2 107 35
2 108 55
2 109 27
2 110 53
2 111 35
2 112 12
2 113 37
2 114 18
2 115 96
2 116 22
2 117 56
2 118 17
2 119 71
3 4 10
3 5 12
3 6 96
3 7 41
3 8 13
3 9 21
3 10 19
3 11 87
3 12 4
3 13 35
3 14 24
3 15 62
3 16 92
3 17 35
3 18 77
3 19 65
3 20 68
3 21 51
3 22 22
3 23 17
3 24 25
3 25 28
3 26 66
3 27 33
3 28 8
3 29 17
3 30 28
3 31 53
3 32 8
3 33 85
3 34 66
3 35 10
3 36 97
3 37 60
3 38 32
3 39 65
3 40 53
3 41 90
3 42 79
3 43 35
3 44 18
3 45 99
3 46 19
3 47 52
3 48 90
3 49 62
3 50 22
3 51 36
3 52 96
3 53 39
3 54 51
3 55 3
3 56 20
3 57 18
3 58 30
3 59 34
3 60 70
3 61 33
3 62 19
3 63 18
3 64 43
3 65 16
3 66 57
3 67 9
3 68 56
3 69 92
3 70 78
3 71 21
3 72 68
3 73 5
3 74 53
3 75 82
3 76 92
3 77 37
3 78 68
3 79 46
3 80 85
3 81 28
3 82 85
3 83 88
3 84 49
3 85 33
3 86 59
3 87 3
3 88 91
3 89 89
3 90 30
3 91 64
3 92 92
3 93 57
3 94 86
3 95 85
3 96 62
3 97 20
3 98 75
3 99 76
3 100 82
3 101 57
3 102 82
3 103 36
3 104 35
3 105 50
3 106 26
3 107 55
3 108 54
3 109 4
3 110 78
3 111 73
3 112 37
3 113 88
3 114 35
3 115 34
3 116 92
3 117 56
3 118 33
3 119 22
4 5 39
4 6 54
4 7 9
4 8 96
4 9 58
4 10 1
4 11 16
4 12 52
4 13 23
4 14 9
4 15 75
4 16 30
4 17 55
4 18 16
4 19 92
4 20 77
4 21 54
4 22 75
4 23 53
4 24 80
4 25 96
4 26 38
4 27 92
4 28 11
4 29 8
4 30 33
4 31 42
4 32 10
4 33 8
4 34 53
4 35 33
4 36 54
4 37 62
4 38 54
4 39 8
4 40 91
4 41 55
4 42 54
4 43 17
4 44 15
4 45 68
4 46 7
4 47 48
4 48 4
4 49 31
4 50 87
4 51 83
4 52 72
4 53 28
4 54 67
4 55 8
4 56 92
4 57 52
4 58 17
4 59 59
4 60 43
4 61 19
4 62 82
4 63 22
4 64 66
4 65 51
4 66 96
4 67 25
4 68 86
4 69 76
4 70 87
4 71 94
4 72 30
4 73 68
4 74 46
4 75 35
4 76 15
4 77 68
4 78 16
4 79 93
4 80 51
4 81 1
4 82 76
4 83 94
4 84 100
4 85 76
4 86 40
4 87 11
4 88 77
4 89 53
4 90 56
4 91 48
4 92 2
4 93 11
4 94 23
4 95 38
4 96 13
4 97 77
4 98 16
4 99 59
4 100 94
4 101 75
4 102 49
4 103 6
4 104 68
4 105 40
4 106 2
4 107 87
4 108 8
4 109 19
4 110 87
4 111 74
4 112 74
4 113 38
4 114 14
4 115 1
4 116 91
4 117 74
4 118 95
4 119 81
5 6 45
5 7 41
5 8 55
5 9 86
5 10 100
5 11 76
5 12 39
5 13 49
5 14 100
5 15 21
5 16 6
5 17 71
5 18 47
5 19 31
5 20 55
5 21 55
5 22 80
5 23 16
5 24 10
5 25 61
5 26 88
5 27 4
5 28 97
5 29 59
5 30 21
5 31 15
5 32 9
5 33 85
5 34 64
5 35 88
5 36 4
5 37 43
5 38 37
5 39 49
5 40 75
5 41 72
5 42 99
5 43 55
5 44 17
5 45 6
5 46 69
5 47 61
5 48 68
5 49 55
5 50 29
5 51 2
5 52 94
5 53 18
5 54 100
5 55 34
5 56 75
5 57 34
5 58 12
5 59 56
5 60 8
5 61 93
5 62 21
5 63 50
5 64 73
5 65 23
5 66 32
5 67 44
5 68 36
5 69 31
5 70 88
5 71 57
5 72 90
5 73 21
5 74 32
5 75 89
5 76 47
5 77 84
5 78 32
5 79 58
5 80 78
5 81 94
5 82 95
5 83 53
5 84 69
5 85 80
5 86 69
5 87 56
5 88 6
5 89 29
5 90 14
5 91 73
5 92 41
5 93 9
5 94 97
5 95 12
5 96 59
5 97 13
5 98 1
5 99 37
5 100 87
5 101 24
5 102 22
5 103 82
5 104 23
5 105 5
5 106 53
5 107 17
5 108 76
5 109 10
5 110 35
5 111 88
5 112 42
5 113 94
5 114 50
5 115 66
5 116 70
5 117 19
5 118 40
5 119 40
6 7 12
6 8 77
6 9 76
6 10 98
6 11 97
6 12 17
6 13 77
6 14 8
6 15 41
6 16 14
6 17 35
6 18 21
6 19 92
6 20 84
6 21 72
6 22 52
6 23 12
6 24 27
6 25 83
6 26 2
6 27 49
6 28 76
6 29 37
6 30 94
6 31 28
6 32 99
6 33 80
6 34 56
6 35 87
6 36 8
6 37 41
6 38 41
6 39 41
6 40 55
6 41 20
6 42 60
6 43 23
6 44 71
6 45 49
6 46 10
6 47 51
6 48 64
6 49 10
6 50 40
6 51 37
6 52 37
6 53 56
6 54 100
6 55 37
6 56 9
6 57 64
6 58 73
6 59 20
6 60 50
6 61 65
6 62 29
6 63 74
6 64 67
6 65 3
6 66 71
6 67 41
6 68 98
6 69 65
6 70 43
6 71 7
6 72 12
6 73 67
6 74 29
6 75 30
6 76 37
6 77 23
6 78 32
6 79 32
6 80 56
6 81 29
6 82 98
6 83 12
6 84 12
6 85 87
6 86 90
6 87 72
6 88 4
6 89 46
6 90 12
6 91 86
6 92 97
6 93 18
6 94 36
6 95 93
6 96 33
6 97 59
6 98 16
6 99 29
6 100 94
6 101 41
6 102 94
6 103 76
6 104 21
6 105 22
6 106 16
6 107 75
6 108 68
6 109 68
6 110 9
6 111 55
6 112 93
6 113 46
6 114 45
6 115 52
6 116 9
6 117 77
6 118 11
6 119 99
7 8 65
7 9 48
7 10 34
7 11 83
7 12 36
7 13 32
7 14 68
7 15 58
7 16 15
7 17 72
7 18 15
7 19 36
7 20 1
7 21 94
7 22 81
7 23 41
7 24 64
7 25 67
7 26 72
7 27 17
7 28 2
7 29 35
7 30 8
7 31 1
7 32 18
7 33 92
7 34 89
7 35 11
7 36 33
7 37 86
7 38 24
7 39 44
7 40 46
7 41 38
7 42 40
7 43 71
7 44 8
7 45 87
7 46 45
7 47 58
7 48 48
7 49 65
7 50 41
7 51 97
7 52 28
7 53 81
7 54 93
7 55 48
7 56 60
7 57 98
7 58 92
7 59 76
7 60 9
7 61 28
7 62 1
7 63 87
7 64 95
7 65 29
7 66 17
7 67 73
7 68 22
7 69 35
7 70 4
7 71 49
7 72 94
7 73 25
7 74 33
7 75 92
7 76 21
7 77 58
7 78 74
7 79 57
7 80 28
7 81 50
7 82 83
7 83 50
7 84 57
7 85 72
7 86 18
7 87 47
7 88 10
7 89 44
7 90 100
7 91 24
7 92 79
7 93 25
7 94 91
7 95 61
7 96 91
7 97 70
7 98 14
7 99 75
7 100 66
7 101 82
7 102 38
7 103 2
7 104 55
7 105 71
7 106 31
7 107 32
7 108 37
7 109 6
7 110 30
7 111 71
7 112 43
7 113 11
7 114 18
7 115 85
7 116 30
7 117 73
7 118 72
7 119 89
8 9 82
8 10 57
8 11 71
8 12 64
8 13 35
8 14 12
8 15 1
8 16 62
8 17 82
8 18 85
8 19 74
8 20 42
8 21 20
8 22 20
8 23 50
8 24 84
8 25 82
8 26 11
8 27 59
8 28 28
8 29 42
8 30 61
8 31 5
8 32 16
8 33 63
8 34 43
8 35 100
8 36 13
8 37 6
8 38 75
8 39 31
8 40 1
8 41 44
8 42 69
8 43 76
8 44 87
8 45 71
8 46 28
8 47 75
8 48 22
8 49 28
8 50 67
8 51 43
8 52 95
8 53 99
8 54 41
8 55 42
8 56 79
8 57 15
8 58 37
8 59 50
8 60 22
8 61 35
8 62 61
8 63 33
8 64 17
8 65 94
8 66 78
8 67 19
8 68 81
8 69 24
8 70 57
8 71 58
8 72 17
8 73 13
8 74 56
8 75 47
8 76 39
8 77 83
8 78 54
8 79 79
8 80 6
8 81 52
8 82 56
8 83 99
8 84 43
8 85 50
8 86 49
8 87 99
8 88 58
8 89 14
8 90 7
8 91 55
8 92 42
8 93 47
8 94 100
8 95 41
8 96 56
8 97 5
8 98 13
8 99 71
8 100 99
8 101 89
8 102 66
8 103 2
8 104 57
8 105 17
8 106 71
8 107 94
8 108 76
8 109 6
8 110 95
8 111 68
8 112 30
8 113 20
8 114 49
8 115 17
8 116 45
8 117 55
8 118 83
8 119 33
9 10 1
9 11 52
9 12 23
9 13 31
9 14 42
9 15 27
9 16 25
9 17 30
9 18 27
9 19 81
9 20 83
9 21 29
9 22 66
9 23 86
9 24 6
9 25 23
9 26 58
9 27 39
9 28 67
9 29 60
9 30 80
9 31 10
9 32 53
9 33 3
9 34 66
9 35 48
9 36 6
9 37 29
9 38 9
9 39 16
9 40 61
9 41 21
9 42 39
9 43 39
9 44 74
9 45 66
9 46 97
9 47 9
9 48 86
9 49 17
9 50 69
9 51 23
9 52 77
9 53 25
9 54 72
9 55 31
9 56 85
9 57 27
9 58 54
9 59 71
9 60 37
9 61 28
9 62 83
9 63 91
9 64 48
9 65 7
9 66 35
9 67 14
9 68 40
9 69 63
9 70 20
9 71 80
9 72 17
9 73 51
9 74 86
9 75 29
9 76 90
9 77 5
9 78 65
9 79 87
9 80 92
9 81 24
9 82 86
9 83 65
9 84 21
9 85 41
9 86 10
9 87 87
9 88 53
9 89 21
9 90 74
9 91 17
9 92 72
9 93 6
9 94 36
9 95 89
9 96 3
9 97 77
9 98 17
9 99 61
9 100 31
9 101 57
9 102 39
9 103 5
9 104 53
9 105 75
9 106 21
9 107 57
9 108 63
9 109 72
9 110 70
9 111 35
9 112 44
9 113 84
9 114 49
9 115 18
9 116 74
9 117 100
9 118 46
9 119 100
10 11 93
10 12 62
10 13 27
10 14 25
10 15 57
10 16 75
10 17 54
10 18 75
10 19 80
10 20 78
10 21 33
10 22 19
10 23 20
10 24 83
10 25 81
10 26 92
10 27 53
10 28 59
10 29 51
10 30 39
10 31 67
10 32 87
10 33 16
10 34 1
10 35 58
10 36 13
10 37 98
10 38 18
10 39 40
10 40 56
10 41 95
10 42 79
10 43 49
10 44 25
10 45 70
10 46 16
10 47 64
10 48 100
10 49 24
10 50 41
10 51 51
10 52 41
10 53 66
10 54 20
10 55 99
10 56 47
10 57 41
10 58 22
10 59 9
10 60 20
10 61 62
10 62 40
10 63 7
10 64 42
10 65 31
10 66 94
10 67 42
10 68 42
10 69 49
10 70 54
10 71 25
10 72 60
10 73 22
10 74 34
10 75 6
10 76 90
10 77 15
10 78 60
10 79 81
10 80 35
10 81 67
10 82 35
10 83 57
10 84 20
10 85 83
10 86 23
10 87 1
10 88 51
10 89 2
10 90 76
10 91 42
10 92 66
10 93 55
10 94 61
10 95 10
10 96 12
10 97 6
10 98 70
10 99 33
10 100 38
10 101 91
10 102 61
10 103 58
10 104 96
10 105 76
10 106 67
10 107 9
10 108 20
10 109 86
10 110 3
10 111 21
10 112 70
10 113 29
10 114 49
10 115 70
10 116 30
10 117 90
10 118 8
10 119 96
11 12 51
11 13 25
11 14 34
11 15 39
11 16 29
11 17 15
11 18 98
11 19 12
11 20 54
11 21 65
11 22 53
11 23 67
11 24 56
11 25 30
11 26 89
11 27 52
11 28 86
11 29 44
11 30 25
11 31 66
11 32 97
11 33 45
11 34 24
11 35 5
11 36 32
11 37 95
11 38 87
11 39 6
11 40 54
11 41 84
11 42 17
11 43 67
11 44 90
11 45 28
11 46 9
11 47 75
11 48 44
11 49 77
11 50 35
11 51 92
11 52 23
11 53 59
11 54 2
11 55 82
11 56 24
11 57 16
11 58 51
11 59 19
11 60 37
11 61 18
11 62 34
11 63 50
11 64 66
11 65 84
11 66 96
11 67 19
11 68 65
11 69 9
11 70 46
11 71 41
11 72 96
11 73 100
11 74 85
11 75 60
11 76 49
11 77 42
11 78 85
11 79 6
11 80 8
11 81 42
11 82 68
11 83 22
11 84 92
11 85 11
11 86 54
11 87 38
11 88 31
11 89 79
11 90 25
11 91 89
11 92 63
11 93 79
11 94 85
11 95 51
11 96 28
11 97 8
11 98 65
11 99 88
11 100 58
11 101 27
11 102 92
11 103 96
11 104 41
11 105 100
11 106 46
11 107 49
11 108 31
11 109 75
11 110 46
11 111 81
11 112 3
11 113 52
11 114 26
11 115 1
11 116 92
11 117 58
11 118 16
11 119 76
12 13 49
12 14 41
12 15 67
12 16 52
12 17 92
12 18 20
12 19 92
12 20 78
12 21 1
12 22 5
12 23 64
12 24 70
12 25 57
12 26 76
12 27 61
12 28 80
12 29 7
12 30 54
12 31 95
12 32 58
12 33 93
12 34 5
12 35 72
12 36 73
12 37 81
12 38 22
12 39 94
12 40 9
12 41 59
12 42 80
12 43 64
12 44 35
12 45 37
12 46 20
12 47 64
12 48 4
12 49 24
12 50 60
12 51 20
12 52 30
12 53 51
12 54 7
12 55 55
12 56 66
12 57 64
12 58 1
12 59 82
12 60 23
12 61 82
12 62 45
12 63 36
12 64 79
12 65 58
12 66 7
12 67 62
12 68 53
12 69 11
12 70 64
12 71 66
12 72 59
12 73 61
12 74 6
12 75 10
12 76 41
12 77 99
12 78 81
12 79 65
12 80 92
12 81 89
12 82 39
12 83 17
12 84 17
12 85 82
12 86 99
12 87 42
12 88 50
12 89 75
12 90 23
12 91 40
12 92 50
12 93 65
12 94 13
12 95 80
12 96 91
12 97 31
12 98 53
12 99 98
12 100 72
12 101 24
12 102 91
12 103 14
12 104 96
12 105 63
12 106 78
12 107 23
12 108 74
12 109 37
12 110 28
12 111 13
12 112 15
12 113 97
12 114 73
12 115 92
12 116 43
12 117 76
12 118 43
12 119 74
13 14 66
13 15 62
13 16 67
13 17 8
13 18 77
13 19 62
13 20 36
13 21 14
13 22 38
13 23 88
13 24 7
13 25 71
13 26 54
13 27 81
13 28 8
13 29 73
13 30 87
13 31 14
13 32 94
13 33 60
13 34 86
13 35 59
13 36 91
13 37 88
13 38 62
13 39 98
13 40 63
13 41 47
13 42 3
13 43 97
13 44 33
13 45 90
13 46 71
13 47 28
13 48 40
13 49 56
13 50 92
13 51 55
13 52 90
13 53 2
13 54 44
13 55 59
13 56 2
13 57 55
13 58 64
13 59 71
13 60 88
13 61 20
13 62 71
13 63 49
13 64 74
13 65 23
13 66 9
13 67 65
13 68 37
13 69 38
13 70 25
13 71 68
13 72 33
13 73 43
13 74 58
13 75 64
13 76 78
13 77 77
13 78 46
13 79 40
13 80 78
13 81 91
13 82 83
13 83 57
13 84 69
13 85 6
13 86 12
13 87 58
13 88 35
13 89 12
13 90 31
13 91 92
13 92 64
13 93 88
13 94 74
13 95 80
13 96 79
13 97 40
13 98 50
13 99 37
13 100 92
13 101 1
13 102 73
13 103 75
13 104 10
13 105 22
13 106 70
13 107 93
13 108 25
13 109 9
13 110 36
13 111 6
13 112 69
13 113 58
13 114 68
13 115 33
13 116 49
13 117 74
13 118 90
13 119 99
14 15 31
14 16 83
14 17 85
14 18 55
14 19 87
14 20 20
14 21 88
14 22 54
14 23 67
14 24 86
14 25 80
14 26 96
14 27 37
14 28 87
14 29 22
14 30 31
14 31 55
14 32 25
14 33 16
14 34 91
14 35 46
14 36 96
14 37 94
14 38 43
14 39 40
14 40 52
14 41 64
14 42 29
14 43 97
14 44 40
14 45 73
14 46 28
14 47 83
14 48 47
14 49 99
14 50 79
14 51 98
14 52 73
14 53 74
14 54 84
14 55 98
14 56 26
14 57 4
14 58 87
14 59 99
14 60 48
14 61 88
14 62 49
14 63 16
14 64 58
14 65 30
14 66 13
14 67 60
14 68 63
14 69 82
14 70 35
14 71 82
14 72 87
14 73 64
14 74 40
14 75 17
14 76 44
14 77 100
14 78 85
14 79 49
14 80 57
14 81 56
14 82 73
14 83 87
14 84 74
14 85 100
14 86 96
14 87 39
14 88 95
14 89 15
14 90 64
14 91 8
14 92 74
14 93 22
14 94 22
14 95 32
14 96 4
14 97 78
14 98 27
14 99 99
14 100 41
14 101 87
14 102 75
14 103 76
14 104 81
14 105 41
14 106 29
14 107 8
14 108 75
14 109 89
14 110 23
14 111 12
14 112 7
14 113 62
14 114 6
14 115 47
14 116 65
14 117 95
14 118 91
14 119 88
15 16 70
15 17 99
15 18 25
15 19 99
15 20 19
15 21 24
15 22 28
15 23 52
15 24 80
15 25 43
15 26 13
15 27 55
15 28 84
15 29 14
15 30 52
15 31 30
15 32 93
15 33 48
15 34 45
15 35 72
15 36 98
15 37 19
15 38 11
15 39 53
15 40 58
15 41 60
15 42 33
15 43 43
15 44 58
15 45 34
15 46 53
15 47 19
15 48 9
15 49 28
15 50 100
15 51 17
15 52 90
15 53 82
15 54 60
15 55 89
15 56 18
15 57 75
15 58 91
15 59 11
15 60 12
15 61 1
15 62 20
15 63 29
15 64 20
15 65 100
15 66 90
15 67 100
15 68 85
15 69 20
15 70 48
15 71 86
15 72 60
15 73 44
15 74 7
15 75 2
15 76 27
15 77 22
15 78 95
15 79 66
15 80 29
15 81 66
15 82 47
15 83 16
15 84 22
15 85 26
15 86 64
15 87 70
15 88 74
15 89 19
15 90 20
15 91 42
15 92 30
15 93 84
15 94 99
15 95 6
15 96 100
15 97 60
15 98 58
15 99 17
15 100 8
15 101 9
15 102 19
15 103 33
15 104 63
15 105 90
15 106 16
15 107 84
15 108 44
15 109 9
15 110 22
15 111 71
15 112 39
15 113 10
15 114 9
15 115 66
15 116 71
15 117 77
15 118 65
15 119 64
16 17 39
16 18 19
16 19 86
16 20 73
16 21 56
16 22 5
16 23 62
16 24 17
16 25 31
16 26 93
16 27 24
16 28 9
16 29 20
16 30 31
16 31 19
16 32 65
16 33 84
16 34 6
16 35 69
16 36 18
16 37 20
16 38 48
16 39 27
16 40 54
16 41 81
16 42 90
16 43 54
16 44 8
16 45 57
16 46 54
16 47 37
16 48 24
16 49 33
16 50 78
16 51 99
16 52 86
16 53 9
16 54 45
16 55 3
16 56 63
16 57 58
16 58 87
16 59 12
16 60 38
16 61 76
16 62 84
16 63 65
16 64 42
16 65 55
16 66 4
16 67 88
16 68 86
16 69 3
16 70 99
16 71 97
16 72 4
16 73 75
16 74 48
16 75 84
16 76 49
16 77 44
16 78 33
16 79 64
16 80 59
16 81 54
16 82 15
16 83 50
16 84 13
16 85 59
16 86 13
16 87 39
16 88 37
16 89 68
16 90 71
16 91 74
16 92 98
16 93 25
16 94 8
16 95 32
16 96 65
16 97 96
16 98 13
16 99 64
16 100 35
16 101 40
16 102 69
16 103 62
16 104 29
16 105 22
16 106 9
16 107 53
16 108 49
16 109 2
16 110 6
16 111 87
16 112 10
16 113 43
16 114 67
16 115 55
16 116 42
16 117 24
16 118 83
16 119 63
17 18 72
17 19 100
17 20 93
17 21 10
17 22 94
17 23 95
17 24 91
17 25 19
17 26 22
17 27 85
17 28 65
17 29 58
17 30 89
17 31 94
17 32 34
17 33 53
17 34 6
17 35 61
17 36 39
17 37 84
17 38 64
17 39 47
17 40 93
17 41 46
17 42 63
17 43 23
17 44 85
17 45 29
17 46 70
17 47 22
17 48 56
17 49 74
17 50 52
17 51 21
17 52 39
17 53 44
17 54 29
17 55 2
17 56 80
17 57 65
17 58 91
17 59 55
17 60 67
17 61 33
17 62 77
17 63 86
17 64 59
17 65 43
17 66 73
17 67 87
17 68 18
17 69 59
17 70 87
17 71 89
17 72 77
17 73 32
17 74 71
17 75 83
17 76 48
17 77 37
17 78 37
17 79 75
17 80 44
17 81 39
17 82 20
17 83 10
17 84 12
17 85 29
17 86 92
17 87 82
17 88 6
17 89 42
17 90 53
17 91 17
17 92 71
17 93 96
17 94 62
17 95 38
17 96 64
17 97 13
17 98 26
17 99 53
17 100 73
17 101 76
17 102 70
17 103 11
17 104 86
17 105 85
17 106 59
17 107 46
17 108 31
17 109 42
17 110 47
17 111 30
17 112 93
17 113 96
17 114 1
17 115 11
17 116 14
17 117 12
17 118 98
17 119 32
18 19 22
18 20 54
18 21 81
18 22 31
18 23 79
18 24 89
18 25 61
18 26 59
18 27 57
18 28 4
18 29 62
18 30 39
18 31 28
18 32 72
18 33 80
18 34 20
18 35 81
18 36 52
18 37 47
18 38 7
18 39 29
18 40 46
18 41 46
18 42 38
18 43 67
18 44 88
18 45 69
18 46 37
18 47 36
18 48 91
18 49 11
18 50 13
18 51 52
18 52 72
18 53 3
18 54 70
18 55 23
18 56 76
18 57 100
18 58 1
18 59 6
18 60 53
18 61 87
18 62 71
18 63 4
18 64 8
18 65 74
18 66 86
18 67 58
18 68 61
18 69 90
18 70 88
18 71 24
18 72 43
18 73 49
18 74 49
18 75 16
18 76 45
18 77 52
18 78 48
18 79 79
18 80 36
18 81 97
18 82 89
18 83 51
18 84 27
18 85 42
18 86 44
18 87 76
18 88 44
18 89 51
18 90 24
18 91 97
18 92 32
18 93 98
18 94 59
18 95 21
18 96 96
18 97 50
18 98 80
18 99 77
18 100 83
18 101 56
18 102 42
18 103 5
18 104 25
18 105 24
18 106 92
18 107 9
18 108 75
18 109 43
18 110 42
18 111 44
18 112 46
18 113 53
18 114 80
18 115 44
18 116 76
18 117 20
18 118 91
18 119 6
19 20 44
19 21 65
19 22 37
19 23 35
19 24 18
19 25 49
19 26 12
19 27 66
19 28 14
19 29 1
19 30 23
19 31 49
19 32 2
19 33 16
19 34 72
19 35 14
19 36 9
19 37 27
19 38 43
19 39 79
19 40 19
19 41 66
19 42 69
19 43 1
19 44 16
19 45 31
19 46 73
19 47 5
19 48 35
19 49 53
19 50 8
19 51 86
19 52 88
19 53 45
19 54 45
19 55 69
19 56 73
19 57 19
19 58 77
19 59 59
19 60 11
19 61 71
19 62 27
19 63 99
19 64 79
19 65 91
19 66 22
19 67 76
19 68 35
19 69 8
19 70 23
19 71 37
19 72 26
19 73 47
19 74 86
19 75 94
19 76 43
19 77 49
19 78 37
19 79 80
19 80 32
19 81 59
19 82 39
19 83 27
19 84 91
19 85 52
19 86 21
19 87 57
19 88 74
19 89 35
19 90 13
19 91 14
19 92 64
19 93 84
19 94 40
19 95 20
19 96 54
19 97 27
19 98 69
19 99 58
19 100 14
19 101 46
19 102 17
19 103 2
19 104 41
19 105 96
19 106 44
19 107 77
19 108 51
19 109 11
19 110 74
19 111 45
19 112 73
19 113 74
19 114 90
19 115 78
19 116 11
19 117 28
19 118 1
19 119 36
20 21 1
20 22 28
20 23 56
20 24 63
20 25 73
20 26 5
20 27 78
20 28 36
20 29 56
20 30 84
20 31 78
20 32 52
20 33 65
20 34 87
20 35 94
20 36 92
20 37 45
20 38 17
20 39 53
20 40 38
20 41 49
20 42 88
20 43 93
20 44 46
20 45 34
20 46 97
20 47 44
20 48 5
20 49 17
20 50 56
20 51 60
20 52 30
20 53 42
20 54 97
20 55 42
20 56 38
20 57 29
20 58 100
20 59 69
20 60 18
20 61 5
20 62 12
20 63 79
20 64 92
20 65 93
20 66 77
20 67 64
20 68 83
20 69 84
20 70 39
20 71 57
20 72 67
20 73 100
20 74 43
20 75 99
20 76 37
20 77 2
20 78 3
20 79 37
20 80 10
20 81 72
20 82 44
20 83 65
20 84 29
20 85 52
20 86 69
20 87 23
20 88 85
20 89 17
20 90 13
20 91 70
20 92 46
20 93 99
20 94 25
20 95 70
20 96 64
20 97 39
20 98 65
20 99 9
20 100 4
20 101 51
20 102 55
20 103 22
20 104 83
20 105 15
20 106 88
20 107 75
20 108 33
20 109 76
20 110 66
20 111 48
20 112 70
20 113 84
20 114 92
20 115 79
20 116 13
20 117 100
20 118 14
20 119 69
21 22 73
21 23 64
21 24 69
21 25 2
21 26 13
21 27 39
21 28 72
21 29 38
21 30 70
21 31 33
21 32 55
21 33 93
21 34 93
21 35 16
21 36 60
21 37 18
21 38 87
21 39 76
21 40 54
21 41 95
21 42 75
21 43 27
21 44 40
21 45 58
21 46 55
21 47 56
21 48 44
21 49 10
21 50 93
21 51 19
21 52 44
21 53 72
21 54 33
21 55 47
21 56 83
21 57 18
21 58 98
21 59 50
21 60 2
21 61 55
21 62 45
21 63 1
21 64 97
21 65 13
21 66 67
21 67 27
21 68 82
21 69 86
21 70 21
21 71 87
21 72 84
21 73 95
21 74 54
21 75 98
21 76 76
21 77 10
21 78 33
21 79 84
21 80 89
21 81 12
21 82 54
21 83 43
21 84 95
21 85 27
21 86 86
21 87 29
21 88 3
21 89 3
21 90 79
21 91 61
21 92 82
21 93 65
21 94 61
21 95 37
21 96 54
21 97 4
21 98 73
21 99 4
21 100 50
21 101 21
21 102 13
21 103 69
21 104 7
21 105 41
21 106 44
21 107 55
21 108 76
21 109 87
21 110 95
21 111 24
21 112 74
21 113 18
21 114 37
21 115 62
21 116 71
21 117 78
21 118 96
21 119 13
22 23 30
22 24 26
22 25 95
22 26 61
22 27 82
22 28 85
22 29 14
22 30 31
22 31 57
22 32 12
22 33 49
22 34 70
22 35 26
22 36 21
22 37 60
22 38 64
22 39 21
22 40 14
22 41 48
22 42 35
22 43 50
22 44 40
22 45 73
22 46 73
22 47 100
22 48 6
22 49 13
22 50 88
22 51 1
22 52 68
22 53 22
22 54 23
22 55 32
22 56 40
22 57 43
22 58 59
22 59 51
22 60 62
22 61 62
22 62 78
22 63 4
22 64 52
22 65 38
22 66 35
22 67 52
22 68 54
22 69 61
22 70 91
22 71 47
22 72 76
22 73 61
22 74 51
22 75 96
22 76 41
22 77 30
22 78 43
22 79 11
22 80 97
22 81 93
22 82 39
22 83 59
22 84 85
22 85 75
22 86 45
22 87 32
22 88 60
22 89 97
22 90 85
22 91 93
22 92 4
22 93 2
22 94 45
22 95 78
22 96 47
22 97 24
22 98 14
22 99 92
22 100 26
22 101 66
22 102 36
22 103 25
22 104 39
22 105 91
22 106 46
22 107 67
22 108 53
22 109 31
22 110 51
22 111 2
22 112 72
22 113 81
22 114 79
22 115 56
22 116 87
22 117 60
22 118 19
22 119 83
23 24 84
23 25 69
23 26 20
23 27 55
23 28 19
23 29 8
23 30 23
23 31 87
23 32 100
23 33 74
23 34 14
23 35 90
23 36 42
23 37 59
23 38 2
23 39 17
23 40 100
23 41 81
23 42 86
23 43 84
23 44 47
23 45 57
23 46 33
23 47 60
23 48 28
23 49 30
23 50 94
23 51 82
23 52 65
23 53 59
23 54 23
23 55 71
23 56 71
23 57 79
23 58 81
23 59 31
23 60 81
23 61 23
23 62 24
23 63 90
23 64 93
23 65 96
23 66 41
23 67 86
23 68 43
23 69 30
23 70 45
23 71 85
23 72 62
23 73 61
23 74 97
23 75 11
23 76 51
23 77 24
23 78 14
23 79 3
23 80 48
23 81 69
23 82 3
23 83 100
23 84 70
23 85 76
23 86 55
23 87 64
23 88 77
23 89 42
23 90 8
23 91 33
23 92 29
23 93 92
23 94 29
23 95 34
23 96 35
23 97 45
23 98 86
23 99 37
23 100 92
23 101 95
23 102 21
23 103 43
23 104 30
23 105 35
23 106 16
23 107 68
23 108 76
23 109 70
23 110 90
23 111 15
23 112 63
23 113 97
23 114 13
23 115 47
23 116 42
23 117 77
23 118 99
23 119 33
24 25 62
24 26 22
24 27 60
24 28 25
24 29 7
24 30 26
24 31 86
24 32 27
24 33 18
24 34 7
24 35 33
24 36 21
24 37 39
24 38 5
24 39 94
24 40 70
24 41 29
24 42 96
24 43 20
24 44 92
24 45 45
24 46 96
24 47 9
24 48 14
24 49 19
24 50 33
24 51 2
24 52 69
24 53 24
24 54 29
24 55 92
24 56 84
24 57 25
24 58 36
24 59 21
24 60 1
24 61 63
24 62 40
24 63 100
24 64 55
24 65 52
24 66 73
24 67 98
24 68 12
24 69 17
24 70 23
24 71 91
24 72 87
24 73 17
24 74 54
24 75 41
24 76 43
24 77 96
24 78 68
24 79 22
24 80 62
24 81 63
24 82 11
24 83 39
24 84 22
24 85 35
24 86 100
24 87 42
24 88 36
24 89 89
24 90 19
24 91 2
24 92 23
24 93 27
24 94 47
24 95 10
24 96 3
24 97 47
24 98 13
24 99 91
24 100 48
24 101 26
24 102 99
24 103 44
24 104 60
24 105 45
24 106 83
24 107 19
24 108 26
24 109 71
24 110 29
24 111 28
24 112 21
24 113 54
24 114 61
24 115 6
24 116 73
24 117 42
24 118 42
24 119 20
25 26 46
25 27 58
25 28 48
25 29 17
25 30 89
25 31 64
25 32 66
25 33 85
25 34 16
25 35 29
25 36 59
25 37 8
25 38 26
25 39 64
25 40 77
25 41 26
25 42 9
25 43 26
25 44 33
25 45 71
25 46 84
25 47 99
25 48 49
25 49 69
25 50 1
25 51 77
25 52 86
25 53 80
25 54 28
25 55 37
25 56 26
25 57 34
25 58 49
25 59 62
25 60 39
25 61 84
25 62 18
25 63 26
25 64 61
25 65 13
25 66 93
25 67 61
25 68 92
25 69 13
25 70 24
25 71 79
25 72 23
25 73 95
25 74 39
25 75 88
25 76 25
25 77 68
25 78 90
25 79 42
25 80 63
25 81 48
25 82 46
25 83 40
25 84 27
25 85 2
25 86 45
25 87 78
25 88 65
25 89 95
25 90 10
25 91 48
25 92 6
25 93 75
25 94 15
25 95 70
25 96 38
25 97 23
25 98 81
25 99 33
25 100 37
25 101 26
25 102 80
25 103 5
25 104 67
25 105 18
25 106 23
25 107 96
25 108 85
25 109 33
25 110 2
25 111 46
25 112 100
25 113 56
25 114 30
25 115 23
25 116 68
25 117 77
25 118 71
25 119 53
26 27 43
26 28 87
26 29 33
26 30 97
26 31 75
26 32 99
26 33 70
26 34 82
26 35 72
26 36 13
26 37 86
26 38 56
26 39 51
26 40 81
26 41 38
26 42 34
26 43 85
26 44 11
26 45 11
26 46 62
26 47 53
26 48 38
26 49 68
26 50 46
26 51 84
26 52 51
26 53 36
26 54 30
26 55 71
26 56 66
26 57 9
26 58 48
26 59 69
26 60 27
26 61 7
26 62 6
26 63 68
26 64 23
26 65 74
26 66 52
26 67 42
26 68 47
26 69 30
26 70 12
26 71 32
26 72 15
26 73 98
26 74 32
26 75 44
26 76 9
26 77 99
26 78 87
26 79 95
26 80 1
26 81 23
26 82 19
26 83 54
26 84 10
26 85 26
26 86 60
26 87 67
26 88 90
26 89 8
26 90 6
26 91 69
26 92 95
26 93 41
26 94 80
26 95 84
26 96 86
26 97 44
26 98 45
26 99 97
26 100 1
26 101 93
26 102 100
26 103 81
26 104 36
26 105 23
26 106 61
26 107 89
26 108 81
26 109 99
26 110 40
26 111 24
26 112 82
26 113 19
26 114 3
26 115 12
26 116 32
26 117 77
26 118 81
26 119 88
27 28 69
27 29 62
27 30 19
27 31 11
27 32 67
27 33 17
27 34 49
27 35 45
27 36 56
27 37 57
27 38 82
27 39 83
27 40 75
27 41 49
27 42 1
27 43 84
27 44 29
27 45 42
27 46 23
27 47 34
27 48 19
27 49 78
27 50 96
27 51 89
27 52 10
27 53 17
27 54 38
27 55 72
27 56 10
27 57 10
27 58 9
27 59 8
27 60 66
27 61 77
27 62 15
27 63 13
27 64 37
27 65 64
27 66 83
27 67 4
27 68 36
27 69 78
27 70 15
27 71 34
27 72 93
27 73 13
27 74 63
27 75 1
27 76 60
27 77 59
27 78 88
27 79 55
27 80 93
27 81 10
27 82 8
27 83 21
27 84 100
27 85 82
27 86 74
27 87 28
27 88 37
27 89 4
27 90 31
27 91 82
27 92 64
27 93 78
27 94 90
27 95 84
27 96 28
27 97 38
27 98 86
27 99 44
27 100 63
27 101 10
27 102 70
27 103 48
27 104 76
27 105 93
27 106 3
27 107 81
27 108 64
27 109 97
27 110 23
27 111 60
27 112 53
27 113 94
27 114 56
27 115 46
27 116 59
27 117 29
27 118 96
27 119 66
28 29 75
28 30 44
28 31 36
28 32 2
28 33 47
28 34 7
28 35 30
28 36 87
28 37 97
28 38 69
28 39 74
28 40 57
28 41 37
28 42 93
28 43 58
28 44 53
28 45 4
28 46 87
28 47 94
28 48 61
28 49 37
28 50 55
28 51 63
28 52 74
28 53 27
28 54 81
28 55 82
28 56 11
28 57 29
28 58 79
28 59 39
28 60 56
28 61 27
28 62 63
28 63 34
28 64 48
28 65 76
28 66 95
28 67 79
28 68 51
28 69 20
28 70 83
28 71 58
28 72 16
28 73 25
28 74 93
28 75 63
28 76 4
28 77 2
28 78 48
28 79 5
28 80 28
28 81 7
28 82 91
28 83 98
28 84 63
28 85 94
28 86 61
28 87 59
28 88 64
28 89 69
28 90 81
28 91 89
28 92 14
28 93 40
28 94 45
28 95 47
28 96 10
28 97 1
28 98 88
28 99 32
28 100 24
28 101 78
28 102 69
28 103 44
28 104 55
28 105 87
28 106 89
28 107 70
28 108 18
28 109 52
28 110 74
28 111 76
28 112 84
28 113 42
28 114 83
28 115 61
28 116 70
28 117 23
28 118 24
28 119 47
29 30 55
29 31 26
29 32 4
29 33 31
29 34 73
29 35 57
29 36 67
29 37 26
29 38 3
29 39 28
29 40 88
29 41 44
29 42 12
29 43 27
29 44 96
29 45 48
29 46 27
29 47 66
29 48 10
29 49 49
29 50 86
29 51 19
29 52 7
29 53 18
29 54 41
29 55 16
29 56 23
29 57 6
29 58 76
29 59 49
29 60 71
29 61 16
29 62 74
29 63 42
29 64 91
29 65 75
29 66 81
29 67 74
29 68 4
29 69 2
29 70 25
29 71 69
29 72 40
29 73 35
29 74 18
29 75 43
29 76 99
29 77 2
29 78 52
29 79 41
29 80 15
29 81 91
29 82 50
29 83 95
29 84 56
29 85 16
29 86 72
29 87 64
29 88 67
29 89 50
29 90 35
29 91 84
29 92 26
29 93 92
29 94 25
29 95 24
29 96 18
29 97 49
29 98 52
29 99 23
29 100 34
29 101 90
29 102 30
29 103 8
29 104 25
29 105 100
29 106 29
29 107 39
29 108 39
29 109 86
29 110 78
29 111 18
29 112 47
29 113 60
29 114 62
29 115 75
29 116 27
29 117 20
29 118 18
29 119 84
30 31 98
30 32 81
30 33 77
30 34 83
30 35 57
30 36 59
30 37 80
30 38 2
30 39 72
30 40 74
30 41 37
30 42 26
30 43 89
30 44 59
30 45 96
30 46 12
30 47 8
30 48 38
30 49 24
30 50 84
30 51 73
30 52 99
30 53 56
30 54 100
30 55 51
30 56 55
30 57 26
30 58 77
30 59 10
30 60 56
30 61 79
30 62 6
30 63 21
30 64 60
30 65 88
30 66 43
30 67 83
30 68 83
30 69 96
30 70 13
30 71 37
30 72 56
30 73 89
30 74 7
30 75 82
30 76 84
30 77 89
30 78 10
30 79 76
30 80 63
30 81 71
30 82 87
30 83 57
30 84 31
30 85 6
30 86 94
30 87 14
30 88 15
30 89 3
30 90 79
30 91 71
30 92 51
30 93 93
30 94 49
30 95 71
30 96 77
30 97 18
30 98 63
30 99 8
30 100 25
30 101 58
30 102 70
30 103 67
30 104 12
30 105 44
30 106 13
30 107 11
30 108 10
30 109 48
30 110 71
30 111 88
30 112 28
30 113 4
30 114 40
30 115 8
30 116 33
30 117 21
30 118 93
30 119 46
31 32 11
31 33 39
31 34 63
31 35 61
31 36 47
31 37 43
31 38 59
31 39 15
31 40 82
31 41 92
31 42 66
31 43 7
31 44 62
31 45 90
31 46 99
31 47 78
31 48 73
31 49 77
31 50 97
31 51 32
31 52 37
31 53 79
31 54 62
31 55 86
31 56 65
31 57 70
31 58 64
31 59 66
31 60 4
31 61 3
31 62 100
31 63 19
31 64 45
31 65 32
31 66 50
31 67 62
31 68 4
31 69 74
31 70 14
31 71 23
31 72 96
31 73 92
31 74 74
31 75 53
31 76 9
31 77 98
31 78 98
31 79 54
31 80 15
31 81 57
31 82 18
31 83 2
31 84 55
31 85 63
31 86 92
31 87 79
31 88 35
31 89 85
31 90 12
31 91 6
31 92 71
31 93 39
31 94 49
31 95 36
31 96 37
31 97 7
31 98 95
31 99 19
31 100 13
31 101 50
31 102 3
31 103 99
31 104 5
31 105 15
31 106 40
31 107 77
31 108 41
31 109 36
31 110 75
31 111 20
31 112 51
31 113 35
31 114 22
31 115 33
31 116 8
31 117 70
31 118 63
31 119 14
32 33 22
32 34 33
32 35 100
32 36 74
32 37 26
32 38 42
32 39 32
32 40 38
32 41 24
32 42 54
32 43 47
32 44 61
32 45 52
32 46 65
32 47 80
32 48 80
32 49 13
32 50 33
32 51 81
32 52 64
32 53 79
32 54 30
32 55 43
32 56 74
32 57 76
32 58 93
32 59 96
32 60 45
32 61 91
32 62 31
32 63 50
32 64 64
32 65 41
32 66 60
32 67 1
32 68 63
32 69 61
32 70 91
32 71 5
32 72 73
32 73 42
32 74 59
32 75 54
32 76 83
32 77 61
32 78 91
32 79 88
32 80 13
32 81 40
32 82 61
32 83 84
32 84 88
32 85 61
32 86 89
32 87 39
32 88 84
32 89 76
32 90 10
32 91 100
32 92 39
32 93 17
32 94 92
32 95 36
32 96 5
32 97 58
32 98 69
32 99 40
32 100 36
32 101 11
32 102 31
32 103 34
32 104 64
32 105 28
32 106 46
32 107 92
32 108 23
32 109 100
32 110 31
32 111 88
32 112 16
32 113 95
32 114 76
32 115 32
32 116 12
32 117 43
32 118 29
32 119 43
33 34 28
33 35 32
33 36 76
33 37 90
33 38 82
33 39 98
33 40 41
33 41 32
33 42 19
33 43 67
33 44 98
33 45 79
33 46 16
33 47 39
33 48 78
33 49 89
33 50 10
33 51 15
33 52 96
33 53 8
33 54 31
33 55 90
33 56 22
33 57 25
33 58 62
33 59 27
33 60 2
33 61 13
33 62 12
33 63 99
33 64 88
33 65 30
33 66 18
33 67 47
33 68 33
33 69 23
33 70 83
33 71 18
33 72 26
33 73 25
33 74 4
33 75 91
33 76 9
33 77 42
33 78 86
33 79 95
33 80 68
33 81 96
33 82 98
33 83 10
33 84 68
33 85 43
33 86 36
33 87 65
33 88 62
33 89 23
33 90 30
33 91 9
33 92 26
33 93 32
33 94 69
33 95 64
33 96 75
33 97 86
33 98 46
33 99 86
33 100 96
33 101 18
33 102 26
33 103 22
33 104 3
33 105 68
33 106 15
33 107 90
33 108 98
33 109 92
33 110 10
33 111 20
33 112 98
33 113 9
33 114 37
33 115 60
33 116 48
33 117 91
33 118 96
33 119 21
34 35 39
34 36 26
34 37 92
34 38 44
34 39 63
34 40 54
34 41 82
34 42 10
34 43 70
34 44 83
34 45 59
34 46 88
34 47 59
34 48 100
34 49 41
34 50 52
34 51 9
34 52 55
34 53 39
34 54 16
34 55 12
34 56 81
34 57 3
34 58 97
34 59 70
34 60 25
34 61 78
34 62 52
34 63 8
34 64 90
34 65 68
34 66 77
34 67 54
34 68 50
34 69 93
34 70 28
34 71 96
34 72 73
34 73 51
34 74 20
34 75 16
34 76 61
34 77 33
34 78 73
34 79 17
34 80 75
34 81 28
34 82 83
34 83 68
34 84 95
34 85 54
34 86 62
34 87 79
34 88 61
34 89 67
34 90 7
34 91 27
34 92 68
34 93 48
34 94 100
34 95 57
34 96 66
34 97 54
34 98 32
34 99 84
34 100 45
34 101 34
34 102 55
34 103 90
34 104 35
34 105 76
34 106 26
34 107 81
34 108 4
34 109 52
34 110 58
34 111 78
34 112 44
34 113 6
34 114 43
34 115 34
34 116 56
34 117 98
34 118 33
34 119 40
35 36 61
35 37 79
35 38 31
35 39 7
35 40 66
35 41 34
35 42 3
35 43 78
35 44 73
35 45 85
35 46 2
35 47 86
35 48 71
35 49 60
35 50 84
35 51 12
35 52 34
35 53 28
35 54 2
35 55 13
35 56 9
35 57 90
35 58 19
35 59 28
35 60 7
35 61 91
35 62 68
35 63 19
35 64 4
35 65 93
35 66 60
35 67 86
35 68 41
35 69 28
35 70 55
35 71 91
35 72 41
35 73 9
35 74 94
35 75 67
35 76 41
35 77 36
35 78 38
35 79 7
35 80 18
35 81 17
35 82 35
35 83 93
35 84 33
35 85 93
35 86 74
35 87 58
35 88 46
35 89 4
35 90 47
35 91 74
35 92 93
35 93 85
35 94 39
35 95 86
35 96 81
35 97 25
35 98 100
35 99 62
35 100 53
35 101 26
35 102 91
35 103 92
35 104 39
35 105 49
35 106 29
35 107 79
35 108 14
35 109 43
35 110 5
35 111 81
35 112 49
35 113 74
35 114 75
35 115 76
35 116 11
35 117 44
35 118 9
35 119 49
36 37 28
36 38 49
36 39 40
36 40 41
36 41 29
36 42 6
36 43 21
36 44 66
36 45 38
36 46 96
36 47 51
36 48 45
36 49 54
36 50 5
36 51 11
36 52 78
36 53 49
36 54 91
36 55 88
36 56 19
36 57 81
36 58 46
36 59 74
36 60 23
36 61 40
36 62 90
36 63 1
36 64 98
36 65 54
36 66 56
36 67 72
36 68 87
36 69 15
36 70 19
36 71 40
36 72 51
36 73 29
36 74 99
36 75 47
36 76 73
36 77 46
36 78 20
36 79 57
36 80 42
36 81 43
36 82 58
36 83 83
36 84 51
36 85 76
36 86 57
36 87 35
36 88 83
36 89 33
36 90 53
36 91 59
36 92 47
36 93 23
36 94 45
36 95 21
36 96 37
36 97 77
36 98 31
36 99 26
36 100 84
36 101 2
36 102 37
36 103 44
36 104 76
36 105 5
36 106 88
36 107 17
36 108 44
36 109 54
36 110 16
36 111 32
36 112 20
36 113 92
36 114 99
36 115 10
36 116 76
36 117 54
36 118 12
36 119 20
37 38 16
37 39 80
37 40 48
37 41 83
37 42 98
37 43 96
37 44 20
37 45 16
37 46 44
37 47 3
37 48 77
37 49 21
37 50 62
37 51 16
37 52 40
37 53 92
37 54 23
37 55 66
37 56 71
37 57 6
37 58 4
37 59 80
37 60 35
37 61 23
37 62 75
37 63 31
37 64 48
37 65 16
37 66 31
37 67 67
37 68 78
37 69 71
37 70 73
37 71 86
37 72 9
37 73 89
37 74 71
37 75 37
37 76 62
37 77 74
37 78 43
37 79 78
37 80 3
37 81 83
37 82 96
37 83 55
37 84 75
37 85 99
37 86 87
37 87 8
37 88 90
37 89 3
37 90 43
37 91 70
37 92 21
37 93 78
37 94 71
37 95 52
37 96 18
37 97 64
37 98 28
37 99 35
37 100 60
37 101 40
37 102 47
37 103 100
37 104 64
37 105 86
37 106 86
37 107 10
37 108 6
37 109 70
37 110 93
37 111 96
37 112 90
37 113 17
37 114 64
37 115 95
37 116 21
37 117 33
37 118 66
37 119 99
38 39 91
38 40 41
38 41 58
38 42 68
38 43 58
38 44 100
38 45 23
38 46 84
38 47 15
38 48 19
38 49 11
38 50 73
38 51 49
38 52 95
38 53 34
38 54 49
38 55 75
38 56 5
38 57 14
38 58 74
38 59 68
38 60 82
38 61 91
38 62 35
38 63 29
38 64 45
38 65 93
38 66 45
38 67 3
38 68 40
38 69 63
38 70 15
38 71 94
38 72 48
38 73 38
38 74 2
38 75 72
38 76 16
38 77 37
38 78 49
38 79 36
38 80 52
38 81 61
38 82 13
38 83 78
38 84 27
38 85 80
38 86 39
38 87 90
38 88 34
38 89 91
38 90 64
38 91 76
38 92 16
38 93 100
38 94 15
38 95 64
38 96 83
38 97 36
38 98 90
38 99 46
38 100 79
38 101 67
38 102 60
38 103 26
38 104 64
38 105 66
38 106 90
38 107 91
38 108 34
38 109 19
38 110 46
38 111 10
38 112 1
38 113 93
38 114 85
38 115 64
38 116 30
38 117 93
38 118 48
38 119 64
39 40 68
39 41 23
39 42 56
39 43 23
39 44 27
39 45 71
39 46 11
39 47 36
39 48 8
39 49 51
39 50 74
39 51 14
39 52 73
39 53 62
39 54 79
39 55 48
39 56 14
39 57 3
39 58 47
39 59 76
39 60 75
39 61 17
39 62 38
39 63 82
39 64 47
39 65 58
39 66 10
39 67 36
39 68 61
39 69 12
39 70 61
39 71 81
39 72 54
39 73 43
39 74 64
39 75 17
39 76 74
39 77 75
39 78 44
39 79 26
39 80 1
39 81 78
39 82 90
39 83 63
39 84 31
39 85 68
39 86 33
39 87 73
39 88 12
39 89 9
39 90 73
39 91 70
39 92 63
39 93 31
39 94 22
39 95 1
39 96 88
39 97 62
39 98 86
39 99 84
39 100 89
39 101 28
39 102 19
39 103 51
39 104 96
39 105 86
39 106 4
39 107 11
39 108 22
39 109 96
39 110 30
39 111 79
39 112 17
39 113 50
39 114 53
39 115 42
39 116 18
39 117 27
39 118 31
39 119 72
40 41 36
40 42 62
40 43 37
40 44 90
40 45 85
40 46 8
40 47 93
40 48 79
40 49 89
40 50 8
40 51 66
40 52 29
40 53 19
40 54 15
40 55 59
40 56 31
40 57 43
40 58 85
40 59 53
40 60 58
40 61 32
40 62 10
40 63 5
40 64 41
40 65 76
40 66 82
40 67 89
40 68 64
40 69 68
40 70 40
40 71 40
40 72 17
40 73 36
40 74 2
40 75 15
40 76 99
40 77 71
40 78 99
40 79 56
40 80 81
40 81 62
40 82 28
40 83 86
40 84 3
40 85 63
40 86 94
40 87 43
40 88 20
40 89 64
40 90 31
40 91 34
40 92 50
40 93 98
40 94 98
40 95 65
40 96 94
40 97 59
40 98 88
40 99 35
40 100 61
40 101 4
40 102 96
40 103 33
40 104 26
40 105 22
40 106 12
40 107 84
40 108 63
40 109 98
40 110 95
40 111 60
40 112 55
40 113 63
40 114 4
40 115 7
40 116 75
40 117 100
40 118 67
40 119 20
41 42 29
41 43 38
41 44 74
41 45 14
41 46 49
41 47 60
41 48 6
41 49 80
41 50 5
41 51 34
41 52 36
41 53 9
41 54 42
41 55 34
41 56 34
41 57 36
41 58 47
41 59 47
41 60 73
41 61 96
41 62 54
41 63 46
41 64 78
41 65 76
41 66 51
41 67 28
41 68 35
41 69 3
41 70 65
41 71 67
41 72 36
41 73 31
41 74 1
41 75 85
41 76 44
41 77 99
41 78 45
41 79 36
41 80 79
41 81 90
41 82 66
41 83 36
41 84 50
41 85 52
41 86 98
41 87 27
41 88 99
41 89 37
41 90 74
41 91 76
41 92 50
41 93 66
41 94 29
41 95 96
41 96 48
41 97 31
41 98 27
41 99 37
41 100 3
41 101 61
41 102 15
41 103 47
41 104 20
41 105 45
41 106 78
41 107 57
41 108 2
41 109 5
41 110 38
41 111 37
41 112 76
41 113 42
41 114 57
41 115 79
41 116 46
41 117 58
41 118 51
41 119 59
42 43 33
42 44 4
42 45 70
42 46 88
42 47 93
42 48 22
42 49 73
42 50 77
42 51 5
42 52 57
42 53 15
42 54 8
42 55 23
42 56 73
42 57 64
42 58 6
42 59 71
42 60 6
42 61 50
42 62 21
42 63 53
42 64 4
42 65 25
42 66 7
42 67 34
42 68 25
42 69 50
42 70 3
42 71 97
42 72 78
42 73 33
42 74 3
42 75 18
42 76 97
42 77 6
42 78 50
42 79 100
42 80 2
42 81 38
42 82 65
42 83 42
42 84 97
42 85 82
42 86 30
42 87 16
42 88 39
42 89 27
42 90 67
42 91 8
42 92 21
42 93 86
42 94 6
42 95 81
42 96 19
42 97 66
42 98 57
42 99 66
42 100 3
42 101 89
42 102 83
42 103 89
42 104 17
42 105 94
42 106 71
42 107 32
42 108 32
42 109 54
42 110 94
42 111 73
42 112 70
42 113 64
42 114 61
42 115 63
42 116 75
42 117 22
42 118 69
42 119 8
43 44 40
43 45 48
43 46 49
43 47 59
43 48 87
43 49 31
43 50 84
43 51 28
43 52 17
43 53 95
43 54 41
43 55 15
43 56 40
43 57 60
43 58 28
43 59 70
43 60 27
43 61 78
43 62 29
43 63 67
43 64 86
43 65 31
43 66 13
43 67 81
43 68 92
43 69 76
43 70 38
43 71 74
43 72 54
43 73 64
43 74 46
43 75 16
43 76 51
43 77 70
43 78 58
43 79 45
43 80 6
43 81 96
43 82 90
43 83 53
43 84 60
43 85 54
43 86 67
43 87 66
43 88 69
43 89 16
43 90 29
43 91 14
43 92 100
43 93 40
43 94 88
43 95 38
43 96 63
43 97 13
43 98 29
43 99 34
43 100 79
43 101 59
43 102 75
43 103 89
43 104 65
43 105 82
43 106 87
43 107 8
43 108 13
43 109 12
43 110 36
43 111 83
43 112 92
43 113 58
43 114 47
43 115 55
43 116 52
43 117 63
43 118 78
43 119 24
44 45 14
44 46 25
44 47 75
44 48 73
44 49 19
44 50 95
44 51 54
44 52 44
44 53 89
44 54 59
44 55 44
44 56 37
44 57 13
44 58 22
44 59 10
44 60 31
44 61 58
44 62 40
44 63 81
44 64 81
44 65 5
44 66 44
44 67 31
44 68 85
44 69 3
44 70 28
44 71 41
44 72 73
44 73 34
44 74 3
44 75 10
44 76 29
44 77 59
44 78 70
44 79 64
44 80 86
44 81 92
44 82 79
44 83 79
44 84 23
44 85 68
44 86 59
44 87 47
44 88 85
44 89 84
44 90 38
44 91 65
44 92 80
44 93 58
44 94 7
44 95 35
44 96 90
44 97 42
44 98 46
44 99 61
44 100 63
44 101 51
44 102 42
44 103 97
44 104 65
44 105 87
44 106 56
44 107 96
44 108 75
44 109 81
44 110 21
44 111 30
44 112 17
44 113 67
44 114 24
44 115 36
44 116 10
44 117 4
44 118 70
44 119 12
45 46 43
45 47 4
45 48 24
45 49 26
45 50 87
45 51 13
45 52 6
45 53 36
45 54 27
45 55 61
45 56 9
45 57 94
45 58 81
45 59 79
45 60 65
45 61 53
45 62 13
45 63 24
45 64 39
45 65 37
45 66 24
45 67 40
45 68 43
45 69 16
45 70 75
45 71 26
45 72 87
45 73 32
45 74 35
45 75 21
45 76 22
45 77 21
45 78 65
45 79 99
45 80 16
45 81 93
45 82 97
45 83 55
45 84 38
45 85 43
45 86 65
45 87 80
45 88 24
45 89 20
45 90 45
45 91 1
45 92 15
45 93 54
45 94 18
45 95 36
45 96 15
45 97 36
45 98 23
45 99 92
45 100 85
45 101 86
45 102 73
45 103 48
45 104 10
45 105 29
45 106 8
45 107 53
45 108 32
45 109 67
45 110 88
45 111 36
45 112 73
45 113 42
45 114 74
45 115 54
45 116 80
45 117 69
45 118 75
45 119 92
46 47 58
46 48 48
46 49 13
46 50 79
46 51 28
46 52 93
46 53 78
46 54 26
46 55 82
46 56 29
46 57 96
46 58 40
46 59 90
46 60 66
46 61 31
46 62 91
46 63 68
46 64 7
46 65 52
46 66 5
46 67 80
46 68 56
46 69 75
46 70 94
46 71 83
46 72 54
46 73 19
46 74 9
46 75 97
46 76 89
46 77 56
46 78 3
46 79 48
46 80 74
46 81 15
46 82 96
46 83 65
46 84 57
46 85 18
46 86 55
46 87 27
46 88 10
46 89 86
46 90 31
46 91 35
46 92 51
46 93 95
46 94 45
46 95 81
46 96 15
46 97 69
46 98 94
46 99 12
46 100 25
46 101 2
46 102 98
46 103 36
46 104 77
46 105 64
46 106 84
46 107 17
46 108 83
46 109 66
46 110 25
46 111 26
46 112 62
46 113 80
46 114 12
46 115 83
46 116 9
46 117 80
46 118 29
46 119 45
47 48 34
47 49 14
47 50 27
47 51 82
47 52 50
47 53 59
47 54 5
47 55 66
47 56 40
47 57 27
47 58 70
47 59 79
47 60 40
47 61 37
47 62 93
47 63 96
47 64 24
47 65 60
47 66 35
47 67 48
47 68 3
47 69 85
47 70 57
47 71 80
47 72 27
47 73 35
47 74 9
47 75 73
47 76 57
47 77 65
47 78 60
47 79 51
47 80 19
47 81 25
47 82 2
47 83 94
47 84 29
47 85 20
47 86 47
47 87 14
47 88 97
47 89 94
47 90 83
47 91 38
47 92 80
47 93 15
47 94 3
47 95 47
47 96 11
47 97 8
47 98 13
47 99 14
47 100 89
47 101 21
47 102 65
47 103 50
47 104 26
47 105 7
47 106 2
47 107 24
47 108 92
47 109 90
47 110 44
47 111 3
47 112 44
47 113 21
47 114 71
47 115 12
47 116 79
47 117 70
47 118 31
47 119 45
48 49 53
48 50 55
48 51 60
48 52 83
48 53 4
48 54 67
48 55 67
48 56 20
48 57 83
48 58 76
48 59 55
48 60 97
48 61 7
48 62 52
48 63 82
48 64 99
48 65 17
48 66 20
48 67 67
48 68 30
48 69 82
48 70 67
48 71 95
48 72 39
48 73 65
48 74 41
48 75 63
48 76 37
48 77 93
48 78 60
48 79 11
48 80 94
48 81 80
48 82 66
48 83 76
48 84 43
48 85 13
48 86 40
48 87 43
48 88 64
48 89 100
48 90 71
48 91 70
48 92 20
48 93 7
48 94 78
48 95 85
48 96 36
48 97 92
48 98 69
48 99 68
48 100 8
48 101 50
48 102 50
48 103 73
48 104 78
48 105 56
48 106 41
48 107 44
48 108 5
48 109 27
48 110 47
48 111 26
48 112 21
48 113 88
48 114 47
48 115 12
48 116 14
48 117 78
48 118 17
48 119 24
49 50 11
49 51 59
49 52 72
49 53 24
49 54 46
49 55 26
49 56 60
49 57 23
49 58 15
49 59 59
49 60 45
49 61 42
49 62 40
49 63 68
49 64 99
49 65 8
49 66 22
49 67 61
49 68 9
49 69 4
49 70 99
49 71 28
49 72 19
49 73 33
49 74 48
49 75 66
49 76 67
49 77 36
49 78 72
49 79 52
49 80 15
49 81 75
49 82 45
49 83 64
49 84 77
49 85 65
49 86 74
49 87 76
49 88 16
49 89 91
49 90 33
49 91 50
49 92 65
49 93 24
49 94 41
49 95 70
49 96 78
49 97 1
49 98 9
49 99 99
49 100 26
49 101 6
49 102 95
49 103 55
49 104 36
49 105 39
49 106 21
49 107 77
49 108 38
49 109 91
49 110 64
49 111 26
49 112 86
49 113 99
49 114 30
49 115 93
49 116 91
49 117 60
49 118 49
49 119 81
50 51 45
50 52 59
50 53 64
50 54 78
50 55 88
50 56 61
50 57 18
50 58 25
50 59 65
50 60 87
50 61 77
50 62 57
50 63 50
50 64 98
50 65 42
50 66 90
50 67 89
50 68 66
50 69 85
50 70 85
50 71 68
50 72 26
50 73 25
50 74 29
50 75 24
50 76 50
50 77 32
50 78 18
50 79 18
50 80 73
50 81 97
50 82 97
50 83 58
50 84 90
50 85 14
50 86 75
50 87 18
50 88 40
50 89 36
50 90 22
50 91 16
50 92 9
50 93 64
50 94 90
50 95 55
50 96 9
50 97 45
50 98 16
50 99 11
50 100 100
50 101 82
50 102 91
50 103 18
50 104 88
50 105 11
50 106 79
50 107 54
50 108 38
50 109 61
50 110 23
50 111 29
50 112 9
50 113 85
50 114 48
50 115 45
50 116 57
50 117 43
50 118 3
50 119 64
51 52 66
51 53 40
51 54 76
51 55 34
51 56 62
51 57 6
51 58 18
51 59 63
51 60 77
51 61 95
51 62 12
51 63 31
51 64 69
51 65 58
51 66 54
51 67 53
51 68 44
51 69 52
51 70 81
51 71 99
51 72 41
51 73 88
51 74 53
51 75 52
51 76 53
51 77 92
51 78 36
51 79 44
51 80 43
51 81 86
51 82 77
51 83 18
51 84 98
51 85 69
51 86 7
51 87 45
51 88 21
51 89 16
51 90 70
51 91 1
51 92 52
51 93 51
51 94 19
51 95 23
51 96 15
51 97 85
51 98 67
51 99 75
51 100 94
51 101 88
51 102 49
51 103 86
51 104 49
51 105 95
51 106 29
51 107 55
51 108 22
51 109 93
51 110 89
51 111 22
51 112 96
51 113 83
51 114 69
51 115 83
51 116 96
51 117 63
51 118 29
51 119 46
52 53 25
52 54 64
52 55 33
52 56 18
52 57 23
52 58 7
52 59 70
52 60 90
52 61 45
52 62 16
52 63 49
52 64 25
52 65 32
52 66 24
52 67 75
52 68 46
52 69 71
52 70 47
52 71 5
52 72 59
52 73 40
52 74 30
52 75 68
52 76 53
52 77 84
52 78 63
52 79 50
52 80 58
52 81 64
52 82 16
52 83 91
52 84 53
52 85 86
52 86 81
52 87 66
52 88 12
52 89 81
52 90 37
52 91 28
52 92 96
52 93 3
52 94 61
52 95 25
52 96 38
52 97 84
52 98 92
52 99 95
52 100 62
52 101 45
52 102 88
52 103 35
52 104 59
52 105 69
52 106 62
52 107 37
52 108 46
52 109 96
52 110 92
52 111 27
52 112 32
52 113 58
52 114 50
52 115 82
52 116 67
52 117 90
52 118 88
52 119 45
53 54 68
53 55 51
53 56 13
53 57 52
53 58 77
53 59 39
53 60 91
53 61 16
53 62 45
53 63 4
53 64 48
53 65 98
53 66 64
53 67 29
53 68 63
53 69 71
53 70 55
53 71 48
53 72 17
53 73 72
53 74 60
53 75 94
53 76 69
53 77 100
53 78 23
53 79 19
53 80 61
53 81 1
53 82 91
53 83 62
53 84 73
53 85 7
53 86 44
53 87 10
53 88 21
53 89 15
53 90 23
53 91 71
53 92 100
53 93 35
53 94 26
53 95 5
53 96 92
53 97 33
53 98 89
53 99 44
53 100 50
53 101 10
53 102 84
53 103 27
53 104 19
53 105 84
53 106 93
53 107 35
53 108 31
53 109 3
53 110 84
53 111 58
53 112 72
53 113 34
53 114 14
53 115 96
53 116 15
53 117 34
53 118 13
53 119 31
54 55 81
54 56 52
54 57 13
54 58 42
54 59 98
54 60 30
54 61 40
54 62 6
54 63 64
54 64 96
54 65 38
54 66 62
54 67 78
54 68 97
54 69 28
54 70 82
54 71 62
54 72 92
54 73 64
54 74 94
54 75 53
54 76 50
54 77 7
54 78 74
54 79 31
54 80 68
54 81 98
54 82 75
54 83 27
54 84 39
54 85 21
54 86 1
54 87 99
54 88 42
54 89 20
54 90 68
54 91 52
54 92 41
54 93 79
54 94 53
54 95 48
54 96 95
54 97 68
54 98 78
54 99 68
54 100 77
54 101 17
54 102 16
54 103 45
54 104 94
54 105 42
54 106 13
54 107 9
54 108 52
54 109 91
54 110 24
54 111 92
54 112 77
54 113 73
54 114 19
54 115 30
54 116 31
54 117 56
54 118 13
54 119 35
55 56 55
55 57 55
55 58 60
55 59 86
55 60 44
55 61 4
55 62 30
55 63 6
55 64 86
55 65 49
55 66 2
55 67 14
55 68 5
55 69 20
55 70 55
55 71 46
55 72 50
55 73 21
55 74 28
55 75 89
55 76 45
55 77 99
55 78 83
55 79 91
55 80 34
55 81 58
55 82 19
55 83 13
55 84 71
55 85 62
55 86 31
55 87 100
55 88 98
55 89 89
55 90 23
55 91 11
55 92 84
55 93 3
55 94 12
55 95 4
55 96 13
55 97 17
55 98 15
55 99 21
55 100 48
55 101 62
55 102 45
55 103 61
55 104 42
55 105 83
55 106 83
55 107 44
55 108 77
55 109 90
55 110 91
55 111 16
55 112 85
55 113 12
55 114 48
55 115 77
55 116 99
55 117 64
55 118 73
55 119 92
56 57 11
56 58 63
56 59 34
56 60 20
56 61 98
56 62 64
56 63 28
56 64 58
56 65 55
56 66 14
56 67 92
56 68 47
56 69 38
56 70 11
56 71 57
56 72 10
56 73 23
56 74 88
56 75 64
56 76 38
56 77 69
56 78 49
56 79 69
56 80 40
56 81 44
56 82 49
56 83 90
56 84 43
56 85 66
56 86 78
56 87 37
56 88 90
56 89 59
56 90 68
56 91 31
56 92 30
56 93 8
56 94 2
56 95 91
56 96 89
56 97 27
56 98 100
56 99 67
56 100 70
56 101 54
56 102 20
56 103 49
56 104 99
56 105 30
56 106 90
56 107 45
56 108 27
56 109 47
56 110 6
56 111 96
56 112 100
56 113 81
56 114 74
56 115 50
56 116 5
56 117 21
56 118 48
56 119 18
57 58 68
57 59 27
57 60 86
57 61 61
57 62 5
57 63 58
57 64 70
57 65 79
57 66 6
57 67 7
57 68 42
57 69 99
57 70 46
57 71 48
57 72 42
57 73 92
57 74 56
57 75 19
57 76 47
57 77 73
57 78 47
57 79 31
57 80 52
57 81 24
57 82 65
57 83 24
57 84 2
57 85 56
57 86 76
57 87 11
57 88 86
57 89 23
57 90 22
57 91 15
57 92 20
57 93 82
57 94 49
57 95 13
57 96 53
57 97 61
57 98 72
57 99 20
57 100 1
57 101 39
57 102 38
57 103 40
57 104 41
57 105 37
57 106 42
57 107 76
57 108 86
57 109 52
57 110 53
57 111 23
57 112 50
57 113 5
57 114 1
57 115 20
57 116 43
57 117 58
57 118 61
57 119 10
58 59 65
58 60 46
58 61 62
58 62 19
58 63 40
58 64 57
58 65 1
58 66 20
58 67 1
58 68 11
58 69 33
58 70 35
58 71 84
58 72 99
58 73 49
58 74 45
58 75 57
58 76 72
58 77 14
58 78 38
58 79 55
58 80 39
58 81 70
58 82 67
58 83 83
58 84 38
58 85 66
58 86 97
58 87 63
58 88 11
58 89 56
58 90 66
58 91 82
58 92 37
58 93 55
58 94 70
58 95 5
58 96 19
58 97 63
58 98 19
58 99 24
58 100 87
58 101 23
58 102 9
58 103 25
58 104 90
58 105 63
58 106 50
58 107 33
58 108 56
58 109 9
58 110 29
58 111 16
58 112 79
58 113 54
58 114 55
58 115 21
58 116 3
58 117 18
58 118 66
58 119 59
59 60 50
59 61 18
59 62 44
59 63 66
59 64 72
59 65 47
59 66 98
59 67 64
59 68 83
59 69 99
59 70 71
59 71 43
59 72 20
59 73 96
59 74 9
59 75 23
59 76 15
59 77 42
59 78 96
59 79 74
59 80 86
59 81 78
59 82 25
59 83 3
59 84 69
59 85 12
59 86 3
59 87 85
59 88 88
59 89 73
59 90 1
59 91 90
59 92 96
59 93 11
59 94 26
59 95 98
59 96 25
59 97 19
59 98 96
59 99 49
59 100 44
59 101 87
59 102 55
59 103 66
59 104 80
59 105 37
59 106 49
59 107 97
59 108 33
59 109 95
59 110 55
59 111 12
59 112 16
59 113 60
59 114 59
59 115 28
59 116 29
59 117 89
59 118 16
59 119 15
60 61 2
60 62 19
60 63 59
60 64 23
60 65 72
60 66 94
60 67 9
60 68 41
60 69 5
60 70 1
60 71 2
60 72 23
60 73 58
60 74 98
60 75 36
60 76 50
60 77 99
60 78 82
60 79 92
60 80 64
60 81 68
60 82 26
60 83 43
60 84 45
60 85 52
60 86 82
60 87 16
60 88 43
60 89 49
60 90 2
60 91 89
60 92 13
60 93 11
60 94 74
60 95 15
60 96 13
60 97 30
60 98 93
60 99 77
60 100 10
60 101 90
60 102 68
60 103 20
60 104 17
60 105 94
60 106 80
60 107 66
60 108 87
60 109 66
60 110 36
60 111 66
60 112 100
60 113 71
60 114 17
60 115 96
60 116 30
60 117 23
60 118 98
60 119 72
61 62 13
61 63 88
61 64 47
61 65 17
61 66 67
61 67 37
61 68 69
61 69 53
61 70 76
61 71 85
61 72 4
61 73 33
61 74 6
61 75 38
61 76 76
61 77 68
61 78 90
61 79 74
61 80 87
61 81 42
61 82 65
61 83 11
61 84 96
61 85 52
61 86 89
61 87 98
61 88 4
61 89 4
61 90 4
61 91 20
61 92 69
61 93 83
61 94 47
61 95 8
61 96 82
61 97 44
61 98 7
61 99 62
61 100 39
61 101 38
61 102 45
61 103 43
61 104 83
61 105 70
61 106 68
61 107 27
61 108 70
61 109 10
61 110 64
61 111 19
61 112 64
61 113 75
61 114 77
61 115 10
61 116 61
61 117 93
61 118 5
61 119 9
62 63 91
62 64 55
62 65 97
62 66 73
62 67 67
62 68 64
62 69 89
62 70 94
62 71 19
62 72 61
62 73 32
62 74 47
62 75 72
62 76 58
62 77 29
62 78 37
62 79 91
62 80 62
62 81 84
62 82 4
62 83 15
62 84 50
62 85 39
62 86 62
62 87 35
62 88 5
62 89 16
62 90 4
62 91 28
62 92 63
62 93 35
62 94 97
62 95 62
62 96 7
62 97 52
62 98 55
62 99 97
62 100 69
62 101 81
62 102 18
62 103 65
62 104 9
62 105 35
62 106 100
62 107 27
62 108 60
62 109 29
62 110 20
62 111 15
62 112 74
62 113 47
62 114 52
62 115 66
62 116 15
62 117 95
62 118 50
62 119 78
63 64 38
63 65 37
63 66 95
63 67 28
63 68 10
63 69 88
63 70 37
63 71 75
63 72 9
63 73 23
63 74 44
63 75 68
63 76 92
63 77 22
63 78 94
63 79 78
63 80 7
63 81 51
63 82 95
63 83 48
63 84 2
63 85 85
63 86 84
63 87 74
63 88 20
63 89 86
63 90 34
63 91 51
63 92 54
63 93 34
63 94 19
63 95 38
63 96 18
63 97 87
63 98 25
63 99 37
63 100 75
63 101 33
63 102 61
63 103 81
63 104 44
63 105 2
63 106 78
63 107 37
63 108 20
63 109 18
63 110 2
63 111 3
63 112 16
63 113 49
63 114 83
63 115 9
63 116 86
63 117 64
63 118 1
63 119 40
64 65 88
64 66 11
64 67 57
64 68 34
64 69 59
64 70 84
64 71 31
64 72 32
64 73 44
64 74 84
64 75 18
64 76 64
64 77 62
64 78 45
64 79 68
64 80 94
64 81 99
64 82 31
64 83 92
64 84 14
64 85 94
64 86 79
64 87 21
64 88 8
64 89 100
64 90 54
64 91 70
64 92 39
64 93 41
64 94 61
64 95 91
64 96 2
64 97 9
64 98 10
64 99 81
64 100 42
64 101 18
64 102 85
64 103 41
64 104 29
64 105 93
64 106 70
64 107 11
64 108 52
64 109 95
64 110 42
64 111 75
64 112 11
64 113 14
64 114 45
64 115 21
64 116 41
64 117 68
64 118 24
64 119 42
65 66 61
65 67 76
65 68 88
65 69 67
65 70 37
65 71 30
65 72 28
65 73 32
65 74 22
65 75 60
65 76 7
65 77 57
65 78 86
65 79 20
65 80 36
65 81 16
65 82 11
65 83 44
65 84 63
65 85 59
65 86 31
65 87 9
65 88 98
65 89 69
65 90 55
65 91 22
65 92 42
65 93 52
65 94 81
65 95 91
65 96 91
65 97 56
65 98 33
65 99 14
65 100 45
65 101 5
65 102 4
65 103 35
65 104 22
65 105 91
65 106 10
65 107 59
65 108 23
65 109 62
65 110 23
65 111 79
65 112 99
65 113 13
65 114 21
65 115 51
65 116 2
65 117 47
65 118 66
65 119 40
66 67 72
66 68 78
66 69 7
66 70 40
66 71 97
66 72 82
66 73 11
66 74 50
66 75 12
66 76 12
66 77 94
66 78 43
66 79 1
66 80 89
66 81 72
66 82 100
66 83 31
66 84 37
66 85 52
66 86 99
66 87 92
66 88 99
66 89 18
66 90 67
66 91 86
66 92 55
66 93 92
66 94 51
66 95 93
66 96 6
66 97 68
66 98 19
66 99 6
66 100 92
66 101 80
66 102 5
66 103 63
66 104 78
66 105 23
66 106 38
66 107 89
66 108 89
66 109 20
66 110 20
66 111 46
66 112 21
66 113 28
66 114 24
66 115 3
66 116 14
66 117 97
66 118 52
66 119 92
67 68 24
67 69 98
67 70 32
67 71 92
67 72 31
67 73 11
67 74 70
67 75 3
67 76 47
67 77 97
67 78 77
67 79 46
67 80 33
67 81 91
67 82 62
67 83 77
67 84 73
67 85 87
67 86 68
67 87 83
67 88 12
67 89 50
67 90 3
67 91 27
67 92 10
67 93 7
67 94 5
67 95 73
67 96 80
67 97 11
67 98 7
67 99 35
67 100 20
67 101 45
67 102 52
67 103 51
67 104 14
67 105 67
67 106 49
67 107 26
67 108 55
67 109 100
67 110 40
67 111 74
67 112 18
67 113 9
67 114 75
67 115 43
67 116 57
67 117 90
67 118 39
67 119 27
68 69 50
68 70 35
68 71 63
68 72 59
68 73 21
68 74 79
68 75 24
68 76 63
68 77 72
68 78 90
68 79 60
68 80 81
68 81 21
68 82 50
68 83 36
68 84 61
68 85 34
68 86 44
68 87 10
68 88 4
68 89 45
68 90 35
68 91 68
68 92 75
68 93 93
68 94 16
68 95 92
68 96 23
68 97 15
68 98 8
68 99 5
68 100 82
68 101 17
68 102 14
68 103 8
68 104 100
68 105 11
68 106 77
68 107 63
68 108 80
68 109 35
68 110 97
68 111 63
68 112 40
68 113 68
68 114 77
68 115 5
68 116 24
68 117 73
68 118 23
68 119 65
69 70 14
69 71 58
69 72 79
69 73 20
69 74 30
69 75 52
69 76 51
69 77 8
69 78 99
69 79 77
69 80 53
69 81 84
69 82 52
69 83 83
69 84 48
69 85 80
69 86 80
69 87 32
69 88 26
69 89 24
69 90 34
69 91 39
69 92 24
69 93 57
69 94 33
69 95 94
69 96 54
69 97 24
69 98 14
69 99 57
69 100 25
69 101 21
69 102 64
69 103 1
69 104 72
69 105 57
69 106 93
69 107 28
69 108 1
69 109 98
69 110 47
69 111 44
69 112 97
69 113 11
69 114 72
69 115 16
69 116 41
69 117 88
69 118 63
69 119 56
70 71 40
70 72 70
70 73 28
70 74 22
70 75 12
70 76 4
70 77 69
70 78 90
70 79 45
70 80 70
70 81 81
70 82 39
70 83 17
70 84 48
70 85 27
70 86 19
70 87 90
70 88 30
70 89 56
70 90 52
70 91 47
70 92 82
70 93 33
70 94 67
70 95 53
70 96 74
70 97 60
70 98 76
70 99 44
70 100 33
70 101 12
70 102 13
70 103 60
70 104 7
70 105 91
70 106 75
70 107 84
70 108 85
70 109 97
70 110 93
70 111 13
70 112 19
70 113 38
70 114 57
70 115 41
70 116 28
70 117 62
70 118 98
70 119 60
71 72 61
71 73 68
71 74 22
71 75 55
71 76 76
71 77 100
71 78 27
71 79 27
71 80 99
71 81 60
71 82 70
71 83 4
71 84 60
71 85 43
71 86 87
71 87 25
71 88 55
71 89 20
71 90 18
71 91 51
71 92 24
71 93 6
71 94 34
71 95 73
71 96 80
71 97 22
71 98 25
71 99 50
71 100 21
71 101 13
71 102 99
71 103 55
71 104 92
71 105 51
71 106 26
71 107 64
71 108 21
71 109 41
71 110 35
71 111 48
71 112 82
71 113 23
71 114 13
71 115 44
71 116 92
71 117 20
71 118 22
71 119 10
72 73 71
72 74 92
72 75 67
72 76 17
72 77 72
72 78 78
72 79 28
72 80 57
72 81 50
72 82 77
72 83 73
72 84 37
72 85 20
72 86 28
72 87 97
72 88 32
72 89 61
72 90 53
72 91 74
72 92 74
72 93 26
72 94 26
72 95 24
72 96 31
72 97 77
72 98 64
72 99 19
72 100 3
72 101 82
72 102 26
72 103 15
72 104 6
72 105 43
72 106 4
72 107 24
72 108 90
72 109 64
72 110 86
72 111 92
72 112 92
72 113 81
72 114 3
72 115 86
72 116 91
72 117 48
72 118 56
72 119 39
73 74 44
73 75 59
73 76 36
73 77 39
73 78 76
73 79 31
73 80 84
73 81 6
73 82 25
73 83 24
73 84 71
73 85 46
73 86 64
73 87 65
73 88 78
73 89 87
73 90 9
73 91 74
73 92 96
73 93 65
73 94 11
73 95 29
73 96 22
73 97 73
73 98 90
73 99 85
73 100 88
73 101 92
73 102 39
73 103 14
73 104 94
73 105 29
73 106 10
73 107 79
73 108 81
73 109 31
73 110 26
73 111 50
73 112 41
73 113 31
73 114 16
73 115 95
73 116 7
73 117 72
73 118 33
73 119 11
74 75 23
74 76 88
74 77 62
74 78 64
74 79 2
74 80 92
74 81 24
74 82 51
74 83 87
74 84 36
74 85 100
74 86 15
74 87 4
74 88 20
74 89 1
74 90 31
74 91 40
74 92 4
74 93 46
74 94 34
74 95 38
74 96 52
74 97 82
74 98 78
74 99 64
74 100 98
74 101 86
74 102 94
74 103 30
74 104 61
74 105 40
74 106 36
74 107 87
74 108 36
74 109 72
74 110 44
74 111 13
74 112 22
74 113 100
74 114 10
74 115 55
74 116 92
74 117 98
74 118 54
74 119 59
75 76 92
75 77 37
75 78 35
75 79 48
75 80 16
75 81 74
75 82 45
75 83 32
75 84 33
75 85 57
75 86 20
75 87 34
75 88 63
75 89 18
75 90 13
75 91 93
75 92 20
75 93 79
75 94 79
75 95 7
75 96 62
75 97 64
75 98 26
75 99 71
75 100 50
75 101 91
75 102 24
75 103 9
75 104 62
75 105 5
75 106 57
75 107 33
75 108 85
75 109 23
75 110 13
75 111 14
75 112 79
75 113 55
75 114 46
75 115 99
75 116 63
75 117 37
75 118 47
75 119 78
76 77 75
76 78 45
76 79 73
76 80 76
76 81 60
76 82 50
76 83 15
76 84 17
76 85 96
76 86 46
76 87 22
76 88 26
76 89 51
76 90 80
76 91 35
76 92 62
76 93 86
76 94 7
76 95 47
76 96 63
76 97 27
76 98 14
76 99 90
76 100 59
76 101 12
76 102 61
76 103 25
76 104 89
76 105 21
76 106 36
76 107 5
76 108 60
76 109 57
76 110 42
76 111 19
76 112 81
76 113 8
76 114 50
76 115 93
76 116 83
76 117 3
76 118 25
76 119 96
77 78 18
77 79 29
77 80 70
77 81 16
77 82 80
77 83 46
77 84 2
77 85 42
77 86 5
77 87 88
77 88 58
77 89 34
77 90 32
77 91 14
77 92 3
77 93 30
77 94 97
77 95 40
77 96 22
77 97 87
77 98 98
77 99 28
77 100 36
77 101 9
77 102 34
77 103 76
77 104 71
77 105 9
77 106 25
77 107 86
77 108 18
77 109 19
77 110 44
77 111 71
77 112 89
77 113 93
77 114 13
77 115 13
77 116 87
77 117 89
77 118 79
77 119 44
78 79 49
78 80 44
78 81 71
78 82 61
78 83 49
78 84 45
78 85 11
78 86 89
78 87 76
78 88 2
78 89 88
78 90 76
78 91 2
78 92 52
78 93 76
78 94 25
78 95 57
78 96 44
78 97 54
78 98 48
78 99 59
78 100 15
78 101 57
78 102 52
78 103 85
78 104 19
78 105 17
78 106 89
78 107 39
78 108 24
78 109 68
78 110 71
78 111 4
78 112 60
78 113 19
78 114 10
78 115 15
78 116 95
78 117 91
78 118 91
78 119 54
79 80 75
79 81 58
79 82 29
79 83 41
79 84 77
79 85 70
79 86 99
79 87 48
79 88 84
79 89 51
79 90 37
79 91 42
79 92 44
79 93 16
79 94 91
79 95 1
79 96 73
79 97 96
79 98 81
79 99 2
79 100 97
79 101 8
79 102 41
79 103 34
79 104 64
79 105 65
79 106 98
79 107 42
79 108 59
79 109 84
79 110 6
79 111 57
79 112 59
79 113 90
79 114 92
79 115 51
79 116 57
79 117 11
79 118 56
79 119 87
80 81 1
80 82 37
80 83 46
80 84 13
80 85 97
80 86 37
80 87 40
80 88 10
80 89 89
80 90 24
80 91 93
80 92 99
80 93 52
80 94 17
80 95 37
80 96 81
80 97 40
80 98 90
80 99 35
80 100 94
80 101 81
80 102 77
80 103 18
80 104 73
80 105 14
80 106 78
80 107 89
80 108 11
80 109 83
80 110 10
80 111 28
80 112 4
80 113 37
80 114 90
80 115 82
80 116 12
80 117 29
80 118 6
80 119 76
81 82 96
81 83 76
81 84 45
81 85 84
81 86 75
81 87 35
81 88 46
81 89 68
81 90 97
81 91 85
81 92 44
81 93 13
81 94 67
81 95 97
81 96 62
81 97 25
81 98 59
81 99 74
81 100 57
81 101 88
81 102 2
81 103 6
81 104 37
81 105 45
81 106 74
81 107 61
81 108 77
81 109 3
81 110 96
81 111 43
81 112 51
81 113 24
81 114 27
81 115 2
81 116 24
81 117 6
81 118 69
81 119 40
82 83 81
82 84 7
82 85 40
82 86 99
82 87 43
82 88 62
82 89 25
82 90 55
82 91 70
82 92 90
82 93 88
82 94 50
82 95 93
82 96 53
82 97 36
82 98 3
82 99 56
82 100 58
82 101 16
82 102 12
82 103 65
82 104 1
82 105 93
82 106 94
82 107 65
82 108 72
82 109 32
82 110 62
82 111 84
82 112 2
82 113 34
82 114 89
82 115 12
82 116 17
82 117 84
82 118 4
82 119 60
83 84 17
83 85 67
83 86 66
83 87 78
83 88 64
83 89 33
83 90 47
83 91 11
83 92 65
83 93 89
83 94 99
83 95 54
83 96 13
83 97 50
83 98 52
83 99 52
83 100 41
83 101 98
83 102 4
83 103 90
83 104 50
83 105 93
83 106 34
83 107 31
83 108 42
83 109 53
83 110 92
83 111 60
83 112 77
83 113 31
83 114 22
83 115 34
83 116 87
83 117 79
83 118 72
83 119 48
84 85 41
84 86 100
84 87 50
84 88 80
84 89 57
84 90 10
84 91 85
84 92 26
84 93 73
84 94 52
84 95 48
84 96 73
84 97 69
84 98 21
84 99 28
84 100 99
84 101 96
84 102 34
84 103 56
84 104 99
84 105 54
84 106 85
84 107 67
84 108 80
84 109 44
84 110 43
84 111 3
84 112 56
84 113 67
84 114 73
84 115 84
84 116 5
84 117 82
84 118 11
84 119 36
85 86 42
85 87 51
85 88 27
85 89 66
85 90 34
85 91 28
85 92 68
85 93 51
85 94 67
85 95 71
85 96 16
85 97 43
85 98 4
85 99 53
85 100 22
85 101 49
85 102 48
85 103 100
85 104 80
85 105 40
85 106 96
85 107 47
85 108 33
85 109 65
85 110 12
85 111 27
85 112 25
85 113 97
85 114 26
85 115 92
85 116 96
85 117 99
85 118 58
85 119 70
86 87 92
86 88 22
86 89 90
86 90 8
86 91 84
86 92 36
86 93 64
86 94 62
86 95 94
86 96 3
86 97 23
86 98 46
86 99 50
86 100 19
86 101 87
86 102 96
86 103 2
86 104 97
86 105 13
86 106 23
86 107 46
86 108 31
86 109 4
86 110 38
86 111 47
86 112 63
86 113 25
86 114 43
86 115 54
86 116 86
86 117 87
86 118 90
86 119 34
87 88 43
87 89 15
87 90 88
87 91 39
87 92 36
87 93 81
87 94 76
87 95 12
87 96 28
87 97 86
87 98 67
87 99 3
87 100 45
87 101 94
87 102 62
87 103 75
87 104 48
87 105 5
87 106 79
87 107 69
87 108 27
87 109 29
87 110 15
87 111 29
87 112 33
87 113 18
87 114 22
87 115 2
87 116 44
87 117 34
87 118 91
87 119 48
88 89 18
88 90 79
88 91 19
88 92 35
88 93 62
88 94 67
88 95 1
88 96 69
88 97 26
88 98 57
88 99 18
88 100 33
88 101 81
88 102 60
88 103 29
88 104 41
88 105 66
88 106 34
88 107 95
88 108 60
88 109 84
88 110 70
88 111 67
88 112 71
88 113 91
88 114 55
88 115 55
88 116 99
88 117 40
88 118 94
88 119 60
89 90 4
89 91 65
89 92 31
89 93 27
89 94 38
89 95 75
89 96 42
89 97 23
89 98 4
89 99 8
89 100 79
89 101 24
89 102 23
89 103 40
89 104 81
89 105 54
89 106 17
89 107 51
89 108 69
89 109 32
89 110 15
89 111 47
89 112 74
89 113 96
89 114 35
89 115 72
89 116 25
89 117 9
89 118 35
89 119 66
90 91 32
90 92 15
90 93 100
90 94 87
90 95 5
90 96 52
90 97 19
90 98 10
90 99 15
90 100 1
90 101 42
90 102 62
90 103 52
90 104 59
90 105 69
90 106 58
90 107 68
90 108 64
90 109 100
90 110 74
90 111 94
90 112 9
90 113 92
90 114 80
90 115 64
90 116 88
90 117 29
90 118 66
90 119 39
91 92 80
91 93 82
91 94 15
91 95 16
91 96 34
91 97 64
91 98 6
91 99 8
91 100 31
91 101 82
91 102 74
91 103 12
91 104 84
91 105 57
91 106 91
91 107 69
91 108 81
91 109 7
91 110 14
91 111 74
91 112 36
91 113 93
91 114 29
91 115 31
91 116 88
91 117 91
91 118 49
91 119 72
92 93 93
92 94 86
92 95 56
92 96 56
92 97 35
92 98 96
92 99 18
92 100 83
92 101 26
92 102 48
92 103 98
92 104 60
92 105 42
92 106 1
92 107 90
92 108 82
92 109 71
92 110 91
92 111 88
92 112 33
92 113 71
92 114 13
92 115 56
92 116 93
92 117 84
92 118 17
92 119 56
93 94 62
93 95 54
93 96 41
93 97 67
93 98 26
93 99 81
93 100 36
93 101 36
93 102 13
93 103 55
93 104 44
93 105 69
93 106 94
93 107 15
93 108 87
93 109 5
93 110 25
93 111 25
93 112 77
93 113 6
93 114 18
93 115 18
93 116 52
93 117 82
93 118 54
93 119 79
94 95 57
94 96 56
94 97 4
94 98 10
94 99 53
94 100 50
94 101 29
94 102 28
94 103 60
94 104 96
94 105 81
94 106 66
94 107 7
94 108 60
94 109 15
94 110 33
94 111 82
94 112 96
94 113 39
94 114 42
94 115 11
94 116 75
94 117 32
94 118 61
94 119 84
95 96 58
95 97 57
95 98 97
95 99 13
95 100 61
95 101 21
95 102 71
95 103 26
95 104 33
95 105 5
95 106 58
95 107 76
95 108 100
95 109 24
95 110 73
95 111 72
95 112 2
95 113 95
95 114 33
95 115 52
95 116 49
95 117 64
95 118 70
95 119 64
96 97 58
96 98 50
96 99 78
96 100 33
96 101 57
96 102 66
96 103 28
96 104 89
96 105 67
96 106 69
96 107 69
96 108 73
96 109 68
96 110 35
96 111 48
96 112 56
96 113 96
96 114 13
96 115 29
96 116 39
96 117 42
96 118 79
96 119 68
97 98 17
97 99 91
97 100 71
97 101 95
97 102 7
97 103 96
97 104 22
97 105 40
97 106 70
97 107 15
97 108 43
97 109 94
97 110 50
97 111 12
97 112 64
97 113 48
97 114 71
97 115 92
97 116 3
97 117 17
97 118 8
97 119 11
98 99 8
98 100 86
98 101 61
98 102 87
98 103 53
98 104 82
98 105 39
98 106 59
98 107 57
98 108 52
98 109 25
98 110 93
98 111 76
98 112 32
98 113 18
98 114 65
98 115 57
98 116 20
98 117 28
98 118 18
98 119 60
99 100 11
99 101 29
99 102 86
99 103 93
99 104 68
99 105 1
99 106 74
99 107 97
99 108 14
99 109 81
99 110 86
99 111 20
99 112 58
99 113 36
99 114 89
99 115 52
99 116 19
99 117 61
99 118 24
99 119 71
100 101 25
100 102 62
100 103 25
100 104 14
100 105 76
100 106 65
100 107 4
100 108 20
100 109 92
100 110 80
100 111 21
100 112 27
100 113 8
100 114 99
100 115 45
100 116 31
100 117 48
100 118 51
100 119 12
101 102 30
101 103 85
101 104 40
101 105 26
101 106 90
101 107 12
101 108 46
101 109 44
101 110 75
101 111 61
101 112 59
101 113 40
101 114 62
101 115 62
101 116 10
101 117 90
101 118 27
101 119 85
102 103 72
102 104 5
102 105 59
102 106 66
102 107 82
102 108 74
102 109 1
102 110 93
102 111 17
102 112 15
102 113 49
102 114 80
102 115 10
102 116 32
102 117 76
102 118 22
102 119 59
103 104 63
103 105 28
103 106 66
103 107 4
103 108 10
103 109 3
103 110 98
103 111 57
103 112 91
103 113 98
103 114 12
103 115 97
103 116 5
103 117 85
103 118 77
103 119 84
104 105 63
104 106 25
104 107 28
104 108 39
104 109 35
104 110 7
104 111 40
104 112 90
104 113 6
104 114 45
104 115 68
104 116 18
104 117 34
104 118 68
104 119 69
105 106 17
105 107 55
105 108 72
105 109 90
105 110 63
105 111 94
105 112 79
105 113 77
105 114 13
105 115 90
105 116 61
105 117 63
105 118 55
105 119 80
106 107 70
106 108 84
106 109 17
106 110 73
106 111 98
106 112 27
106 113 78
106 114 67
106 115 99
106 116 34
106 117 46
106 118 26
106 119 90
107 108 33
107 109 40
107 110 30
107 111 27
107 112 46
107 113 83
107 114 60
107 115 17
107 116 5
107 117 23
107 118 79
107 119 19
108 109 42
108 110 48
108 111 84
108 112 32
108 113 45
108 114 31
108 115 2
108 116 27
108 117 90
108 118 52
108 119 78
109 110 48
109 111 54
109 112 35
109 113 49
109 114 32
109 115 20
109 116 63
109 117 77
109 118 74
109 119 58
110 111 65
110 112 78
110 113 41
110 114 87
110 115 4
110 116 37
110 117 30
110 118 85
110 119 77
111 112 11
111 113 97
111 114 53
111 115 23
111 116 95
111 117 23
111 118 51
111 119 75
112 113 66
112 114 9
112 115 95
112 116 51
112 117 26
112 118 14
112 119 93
113 114 40
113 115 65
113 116 75
113 117 19
113 118 49
113 119 74
114 115 37
114 116 27
114 117 69
114 118 51
114 119 68
115 116 45
115 117 17
115 118 46
115 119 45
116 117 4
116 118 3
116 119 29
117 118 50
117 119 28
118 119 66
