120 7140
0 1 76
0 2 91
0 3 86
0 4 90
0 5 99
0 6 74
0 7 25
0 8 85
0 9 1
0 10 50
0 11 81
0 12 67
0 13 56
0 14 96
0 15 81
0 16 43
0 17 100
0 18 31
0 19 56
0 20 41
0 21 97
0 22 54
0 23 49
0 24 83
0 25 84
0 26 85
0 27 30
0 28 2
0 29 5
0 30 23
0 31 53
0 32 20
0 33 17
0 34 47
0 35 43
0 36 58
0 37 6
0 38 76
0 39 17
0 40 89
0 41 53
0 42 37
0 43 55
0 44 93
0 45 99
0 46 15
0 47 13
0 48 53
0 49 13
0 50 56
0 51 40
0 52 97
0 53 38
0 54 98
0 55 76
0 56 58
0 57 95
0 58 43
0 59 100
0 60 68
0 61 65
0 62 10
0 63 60
0 64 74
0 65 83
0 66 23
0 67 8
0 68 35
0 69 29
0 70 8
0 71 92
0 72 68
0 73 12
0 74 77
0 75 34
0 76 77
0 77 53
0 78 76
0 79 42
0 80 38
0 81 65
0 82 24
0 83 92
0 84 80
0 85 14
0 86 47
0 87 24
0 88 63
0 89 93
0 90 20
0 91 90
0 92 83
0 93 43
0 94 84
0 95 78
0 96 45
0 97 67
0 98 13
0 99 53
0 100 26
0 101 90
0 102 3
0 103 65
0 104 65
0 105 28
0 106 23
0 107 11
0 108 19
0 109 76
0 110 11
0 111 49
0 112 73
0 113 10
0 114 59
0 115 44
0 116 31
0 117 46
0 118 65
0 119 76
1 2 43
1 3 89
1 4 50
1 5 41
1 6 23
1 7 54
1 8 40
1 9 41
1 10 86
1 11 66
1 12 99
1 13 43
1 14 93
1 15 65
1 16 51
1 17 100
1 18 5
1 19 10
1 20 42
1 21 47
1 22 44
1 23 72
1 24 95
1 25 39
1 26 92
1 27 28
1 28 64
1 29 55
1 30 1
1 31 73
1 32 61
1 33 9
1 34 87
1 35 75
1 36 29
1 37 8
1 38 60
1 39 25
1 40 12
1 41 56
1 42 46
1 43 70
1 44 82
1 45 53
1 46 31
1 47 31
1 48 4
1 49 41
1 50 26
1 51 83
1 52 96
1 53 34
1 54 80
1 55 28
1 56 91
1 57 14
1 58 72
1 59 28
1 60 89
1 61 57
1 62 73
1 63 55
1 64 72
1 65 94
1 66 31
1 67 53
1 68 21
1 69 35
1 70 42
1 71 73
1 72 28
1 73 73
1 74 75
1 75 22
1 76 58
1 77 20
1 78 49
1 79 14
1 80 18
1 81 29
1 82 97
1 83 15
1 84 74
1 85 5
1 86 73
1 87 73
1 88 62
1 89 26
1 90 84
1 91 42
1 92 100
1 93 77
1 94 33
1 95 81
1 96 3
1 97 71
1 98 17
1 99 38
1 100 32
1 101 51
1 102 27
1 103 70
1 104 39
1 105 10
1 106 1
1 107 65
1 108 34
1 109 69
1 110 77
1 111 99
1 112 10
1 113 5
1 114 30
1 115 64
1 116 47
1 117 42
1 118 21
1 119 30
2 3 76
2 4 90
2 5 27
2 6 66
2 7 89
2 8 99
2 9 41
2 10 6
2 11 69
2 12 17
2 13 14
2 14 23
2 15 84
2 16 55
2 17 8
2 18 38
2 19 20
2 20 81
2 21 91
2 22 38
2 23 55
2 24 52
2 25 57
2 26 68
2 27 21
2 28 19
2 29 33
2 30 52
2 31 77
2 32 52
2 33 2
2 34 71
2 35 24
2 36 63
2 37 89
2 38 48
2 39 22
2 40 26
2 41 56
2 42 77
2 43 79
2 44 28
2 45 80
2 46 70
2 47 5
2 48 10
2 49 80
2 50 3
2 51 92
2 52 86
2 53 64
2 54 79
2 55 87
2 56 97
2 57 66
2 58 7
2 59 41
2 60 37
2 61 24
2 62 96
2 63 81
2 64 69
2 65 89
2 66 21
2 67 84
2 68 97
2 69 73
2 70 68
2 71 3
2 72 58
2 73 52
2 74 59
2 75 12
2 76 94
2 77 35
2 78 11
2 79 18
2 80 66
2 81 6
2 82 59
2 83 24
2 84 10
2 85 12
2 86 52
2 87 92
2 88 76
2 89 68
2 90 81
2 91 29
2 92 2
2 93 15
2 94 49
2 95 90
2 96 16
2 97 10
2 98 46
2 99 20
2 100 3
2 101 85
2 102 80
2 103 48
2 104 11
2 105 9
2 106 13
2 107 70
2 108 80
2 109 11
2 110 76
2 111 63
2 112 21
2 113 34
2 114 5
2 115 12
2 116 23
2 117 91
2 118 18
2 119 6
3 4 55
3 5 97
3 6 92
3 7 92
3 8 8
3 9 82
3 10 40
3 11 24
3 12 25
3 13 10
3 14 33
3 15 100
3 16 24
3 17 84
3 18 100
3 19 35
3 20 99
3 21 62
3 22 94
3 23 74
3 24 8
3 25 51
3 26 16
3 27 58
3 28 86
3 29 79
3 30 60
3 31 67
3 32 37
3 33 50
3 34 50
3 35 73
3 36 16
3 37 15
3 38 39
3 39 38
3 40 87
3 41 10
3 42 80
3 43 9
3 44 25
3 45 18
3 46 12
3 47 98
3 48 14
3 49 94
3 50 96
3 51 50
3 52 6
3 53 34
3 54 34
3 55 58
3 56 40
3 57 30
3 58 37
3 59 35
3 60 54
3 61 87
3 62 68
3 63 16
3 64 46
3 65 81
3 66 98
3 67 22
3 68 35
3 69 5
3 70 2
3 71 64
3 72 54
3 73 71
3 74 87
3 75 21
3 76 43
3 77 42
3 78 2
3 79 14
3 80 81
3 81 73
3 82 40
3 83 51
3 84 99
3 85 14
3 86 39
3 87 88
3 88 85
3 89 47
3 90 69
3 91 64
3 92 42
3 93 4
3 94 96
3 95 64
3 96 15
3 97 83
3 98 35
3 99 24
3 100 20
3 101 31
3 102 11
3 103 51
3 104 33
3 105 86
3 106 30
3 107 9
3 108 42
3 109 57
3 110 52
3 111 18
3 112 95
3 113 49
3 114 69
3 115 91
3 116 58
3 117 57
3 118 61
3 119 62
4 5 4
4 6 4
4 7 33
4 8 53
4 9 63
4 10 50
4 11 17
4 12 20
4 13 25
4 14 89
4 15 13
4 16 79
4 17 74
4 18 32
4 19 9
4 20 42
4 21 62
4 22 78
4 23 85
4 24 35
4 25 96
4 26 46
4 27 65
4 28 39
4 29 26
4 30 60
4 31 87
4 32 55
4 33 26
4 34 33
4 35 8
4 36 76
4 37 87
4 38 80
4 39 69
4 40 51
4 41 60
4 42 75
4 43 95
4 44 82
4 45 24
4 46 80
4 47 75
4 48 84
4 49 12
4 50 35
4 51 73
4 52 85
4 53 98
4 54 34
4 55 99
4 56 27
4 57 2
4 58 5
4 59 85
4 60 90
4 61 59
4 62 55
4 63 19
4 64 92
4 65 67
4 66 78
4 67 85
4 68 33
4 69 19
4 70 42
4 71 81
4 72 53
4 73 33
4 74 72
4 75 25
4 76 24
4 77 62
4 78 58
4 79 9
4 80 11
4 81 55
4 82 35
4 83 69
4 84 5
4 85 18
4 86 2
4 87 21
4 88 27
4 89 68
4 90 75
4 91 90
4 92 82
4 93 34
4 94 20
4 95 71
4 96 82
4 97 6
4 98 37
4 99 77
4 100 81
4 101 64
4 102 55
4 103 11
4 104 15
4 105 12
4 106 58
4 107 1
4 108 1
4 109 15
4 110 4
4 111 2
4 112 2
4 113 12
4 114 7
4 115 90
4 116 3
4 117 52
4 118 92
4 119 52
5 6 58
5 7 98
5 8 40
5 9 23
5 10 42
5 11 38
5 12 46
5 13 13
5 14 56
5 15 1
5 16 74
5 17 46
5 18 34
5 19 1
5 20 90
5 21 31
5 22 80
5 23 51
5 24 80
5 25 89
5 26 45
5 27 66
5 28 10
5 29 72
5 30 48
5 31 88
5 32 57
5 33 39
5 34 7
5 35 64
5 36 52
5 37 72
5 38 87
5 39 29
5 40 31
5 41 90
5 42 27
5 43 53
5 44 17
5 45 95
5 46 50
5 47 31
5 48 53
5 49 23
5 50 79
5 51 99
5 52 38
5 53 73
5 54 54
5 55 30
5 56 66
5 57 40
5 58 47
5 59 28
5 60 66
5 61 87
5 62 15
5 63 46
5 64 7
5 65 72
5 66 32
5 67 93
5 68 14
5 69 57
5 70 36
5 71 57
5 72 80
5 73 68
5 74 47
5 75 24
5 76 72
5 77 23
5 78 4
5 79 89
5 80 52
5 81 7
5 82 90
5 83 43
5 84 68
5 85 31
5 86 30
5 87 74
5 88 93
5 89 20
5 90 12
5 91 18
5 92 26
5 93 1
5 94 27
5 95 94
5 96 41
5 97 26
5 98 27
5 99 18
5 100 83
5 101 76
5 102 61
5 103 5
5 104 14
5 105 7
5 106 100
5 107 41
5 108 18
5 109 76
5 110 55
5 111 23
5 112 32
5 113 10
5 114 23
5 115 38
5 116 12
5 117 61
5 118 10
5 119 15
6 7 3
6 8 80
6 9 81
6 10 29
6 11 50
6 12 13
6 13 43
6 14 43
6 15 57
6 16 12
6 17 8
6 18 39
6 19 80
6 20 10
6 21 3
6 22 89
6 23 90
6 24 77
6 25 71
6 26 53
6 27 33
6 28 45
6 29 45
6 30 87
6 31 2
6 32 58
6 33 1
6 34 22
6 35 22
6 36 47
6 37 79
6 38 79
6 39 74
6 40 53
6 41 82
6 42 89
6 43 49
6 44 18
6 45 37
6 46 24
6 47 35
6 48 93
6 49 36
6 50 20
6 51 39
6 52 13
6 53 42
6 54 10
6 55 55
6 56 30
6 57 30
6 58 79
6 59 3
6 60 66
6 61 26
6 62 68
6 63 41
6 64 90
6 65 83
6 66 9
6 67 33
6 68 32
6 69 5
6 70 20
6 71 11
6 72 49
6 73 56
6 74 44
6 75 11
6 76 74
6 77 16
6 78 15
6 79 77
6 80 88
6 81 20
6 82 38
6 83 23
6 84 64
6 85 80
6 86 40
6 87 81
6 88 9
6 89 69
6 90 2
6 91 17
6 92 7
6 93 64
6 94 75
6 95 25
6 96 30
6 97 65
6 98 47
6 99 82
6 100 45
6 101 41
6 102 31
6 103 80
6 104 23
6 105 14
6 106 45
6 107 33
6 108 62
6 109 78
6 110 94
6 111 17
6 112 94
6 113 19
6 114 67
6 115 48
6 116 87
6 117 59
6 118 35
6 119 17
7 8 6
7 9 76
7 10 47
7 11 57
7 12 1
7 13 74
7 14 53
7 15 49
7 16 34
7 17 37
7 18 99
7 19 5
7 20 33
7 21 38
7 22 55
7 23 20
7 24 9
7 25 84
7 26 93
7 27 41
7 28 30
7 29 78
7 30 59
7 31 73
7 32 55
7 33 85
7 34 35
7 35 79
7 36 15
7 37 2
7 38 19
7 39 26
7 40 35
7 41 1
7 42 92
7 43 7
7 44 19
7 45 90
7 46 9
7 47 29
7 48 45
7 49 89
7 50 27
7 51 40
7 52 9
7 53 80
7 54 50
7 55 40
7 56 48
7 57 52
7 58 7
7 59 29
7 60 22
7 61 1
7 62 14
7 63 41
7 64 34
7 65 45
7 66 5
7 67 21
7 68 54
7 69 54
7 70 25
7 71 71
7 72 33
7 73 48
7 74 38
7 75 63
7 76 51
7 77 22
7 78 3
7 79 100
7 80 56
7 81 60
7 82 98
7 83 83
7 84 45
7 85 100
7 86 99
7 87 7
7 88 24
7 89 43
7 90 90
7 91 79
7 92 14
7 93 58
7 94 60
7 95 25
7 96 20
7 97 88
7 98 79
7 99 90
7 100 80
7 101 4
7 102 39
7 103 20
7 104 96
7 105 85
7 106 64
7 107 99
7 108 100
7 109 72
7 110 61
7 111 39
7 112 51
7 113 55
7 114 98
7 115 80
7 116 56
7 117 96
7 118 18
7 119 92
8 9 48
8 10 71
8 11 31
8 12 37
8 13 67
8 14 2
8 15 78
8 16 22
8 17 49
8 18 27
8 19 22
8 20 1
8 21 51
8 22 51
8 23 4
8 24 76
8 25 54
8 26 62
8 27 25
8 28 37
8 29 3
8 30 16
8 31 29
8 32 55
8 33 2
8 34 19
8 35 37
8 36 53
8 37 33
8 38 7
8 39 53
8 40 62
8 41 100
8 42 41
8 43 1
8 44 79
8 45 27
8 46 28
8 47 16
8 48 35
8 49 41
8 50 15
8 51 95
8 52 30
8 53 44
8 54 58
8 55 79
8 56 32
8 57 58
8 58 86
8 59 33
8 60 65
8 61 83
8 62 15
8 63 23
8 64 83
8 65 63
8 66 42
8 67 7
8 68 88
8 69 43
8 70 58
8 71 28
8 72 31
8 73 81
8 74 59
8 75 87
8 76 75
8 77 100
8 78 24
8 79 80
8 80 70
8 81 46
8 82 86
8 83 38
8 84 82
8 85 96
8 86 32
8 87 70
8 88 53
8 89 10
8 90 42
8 91 87
8 92 90
8 93 100
8 94 33
8 95 20
8 96 69
8 97 95
8 98 59
8 99 82
8 100 51
8 101 71
8 102 19
8 103 36
8 104 33
8 105 17
8 106 78
8 107 68
8 108 98
8 109 61
8 110 66
8 111 35
8 112 41
8 113 44
8 114 53
8 115 45
8 116 36
8 117 35
8 118 40
8 119 78
9 10 8
9 11 97
9 12 40
9 13 71
9 14 75
9 15 73
9 16 6
9 17 84
9 18 46
9 19 34
9 20 66
9 21 22
9 22 66
9 23 60
9 24 1
9 25 26
9 26 92
9 27 12
9 28 11
9 29 44
9 30 60
9 31 61
9 32 74
9 33 24
9 34 48
9 35 95
9 36 49
9 37 82
9 38 100
9 39 18
9 40 98
9 41 100
9 42 44
9 43 8
9 44 16
9 45 99
9 46 95
9 47 24
9 48 36
9 49 73
9 50 35
9 51 86
9 52 25
9 53 45
9 54 64
9 55 97
9 56 17
9 57 91
9 58 31
9 59 95
9 60 38
9 61 74
9 62 82
9 63 100
9 64 72
9 65 41
9 66 61
9 67 80
9 68 79
9 69 58
9 70 46
9 71 3
9 72 85
9 73 30
9 74 25
9 75 20
9 76 88
9 77 42
9 78 66
9 79 71
9 80 46
9 81 43
9 82 19
9 83 37
9 84 16
9 85 54
9 86 89
9 87 81
9 88 37
9 89 50
9 90 49
9 91 94
9 92 80
9 93 25
9 94 4
9 95 25
9 96 23
9 97 79
9 98 100
9 99 10
9 100 26
9 101 59
9 102 44
9 103 37
9 104 16
9 105 97
9 106 6
9 107 19
9 108 100
9 109 40
9 110 82
9 111 66
9 112 59
9 113 37
9 114 52
9 115 23
9 116 54
9 117 43
9 118 61
9 119 61
10 11 11
10 12 25
10 13 63
10 14 90
10 15 12
10 16 39
10 17 10
10 18 36
10 19 9
10 20 89
10 21 10
10 22 16
10 23 66
10 24 20
10 25 8
10 26 78
10 27 28
10 28 87
10 29 8
10 30 81
10 31 37
10 32 28
10 33 12
10 34 36
10 35 8
10 36 64
10 37 98
10 38 84
10 39 60
10 40 69
10 41 69
10 42 9
10 43 34
10 44 58
10 45 62
10 46 40
10 47 23
10 48 11
10 49 33
10 50 71
10 51 66
10 52 7
10 53 8
10 54 40
10 55 49
10 56 26
10 57 61
10 58 98
10 59 100
10 60 12
10 61 59
10 62 75
10 63 54
10 64 54
10 65 15
10 66 21
10 67 41
10 68 76
10 69 34
10 70 97
10 71 78
10 72 36
10 73 58
10 74 4
10 75 14
10 76 94
10 77 95
10 78 31
10 79 8
10 80 76
10 81 43
10 82 53
10 83 61
10 84 62
10 85 27
10 86 63
10 87 30
10 88 98
10 89 25
10 90 52
10 91 75
10 92 69
10 93 70
10 94 88
10 95 13
10 96 11
10 97 54
10 98 56
10 99 39
10 100 89
10 101 55
10 102 23
10 103 50
10 104 98
10 105 24
10 106 3
10 107 42
10 108 32
10 109 82
10 110 78
10 111 42
10 112 72
10 113 14
10 114 93
10 115 16
10 116 96
10 117 52
10 118 71
10 119 92
11 12 75
11 13 37
11 14 20
11 15 72
11 16 86
11 17 57
11 18 94
11 19 12
11 20 32
11 21 99
11 22 28
11 23 62
11 24 5
11 25 58
11 26 35
11 27 16
11 28 43
11 29 58
11 30 11
11 31 75
11 32 2
11 33 60
11 34 18
11 35 68
11 36 5
11 37 99
11 38 97
11 39 32
11 40 95
11 41 99
11 42 84
11 43 61
11 44 74
11 45 13
11 46 51
11 47 10
11 48 7
11 49 41
11 50 8
11 51 60
11 52 82
11 53 86
11 54 55
11 55 89
11 56 71
11 57 69
11 58 66
11 59 89
11 60 30
11 61 25
11 62 31
11 63 61
11 64 75
11 65 3
11 66 14
11 67 52
11 68 61
11 69 44
11 70 51
11 71 87
11 72 15
11 73 31
11 74 65
11 75 93
11 76 71
11 77 31
11 78 93
11 79 61
11 80 57
11 81 8
11 82 11
11 83 47
11 84 89
11 85 40
11 86 12
11 87 74
11 88 58
11 89 27
11 90 86
11 91 27
11 92 76
11 93 51
11 94 81
11 95 33
11 96 70
11 97 32
11 98 20
11 99 87
11 100 38
11 101 75
11 102 82
11 103 74
11 104 45
11 105 49
11 106 1
11 107 23
11 108 8
11 109 82
11 110 64
11 111 59
11 112 74
11 113 73
11 114 86
11 115 77
11 116 48
11 117 19
11 118 27
11 119 44
12 13 14
12 14 69
12 15 28
12 16 18
12 17 96
12 18 43
12 19 2
12 20 76
12 21 33
12 22 34
12 23 53
12 24 71
12 25 77
12 26 38
12 27 83
12 28 1
12 29 39
12 30 12
12 31 96
12 32 23
12 33 38
12 34 77
12 35 24
12 36 54
12 37 10
12 38 98
12 39 48
12 40 56
12 41 49
12 42 44
12 43 75
12 44 37
12 45 92
12 46 43
12 47 91
12 48 11
12 49 11
12 50 64
12 51 80
12 52 25
12 53 61
12 54 73
12 55 31
12 56 30
12 57 92
12 58 67
12 59 23
12 60 44
12 61 1
12 62 96
12 63 32
12 64 27
12 65 99
12 66 17
12 67 7
12 68 41
12 69 7
12 70 19
12 71 74
12 72 93
12 73 55
12 74 23
12 75 94
12 76 11
12 77 70
12 78 99
12 79 92
12 80 91
12 81 52
12 82 4
12 83 90
12 84 36
12 85 24
12 86 95
12 87 73
12 88 48
12 89 83
12 90 34
12 91 49
12 92 17
12 93 42
12 94 85
12 95 80
12 96 26
12 97 57
12 98 57
12 99 35
12 100 19
12 101 37
12 102 1
12 103 1
12 104 31
12 105 33
12 106 37
12 107 26
12 108 16
12 109 69
12 110 29
12 111 12
12 112 73
12 113 63
12 114 67
12 115 56
12 116 4
12 117 40
12 118 1
12 119 95
13 14 19
13 15 70
13 16 81
13 17 71
13 18 82
13 19 8
13 20 50
13 21 3
13 22 6
13 23 71
13 24 91
13 25 81
13 26 40
13 27 94
13 28 83
13 29 31
13 30 64
13 31 56
13 32 30
13 33 63
13 34 31
13 35 69
13 36 3
13 37 27
13 38 22
13 39 37
13 40 66
13 41 5
13 42 20
13 43 100
13 44 19
13 45 14
13 46 78
13 47 17
13 48 71
13 49 38
13 50 73
13 51 33
13 52 22
13 53 90
13 54 12
13 55 29
13 56 47
13 57 87
13 58 21
13 59 36
13 60 95
13 61 16
13 62 58
13 63 80
13 64 38
13 65 20
13 66 15
13 67 45
13 68 92
13 69 80
13 70 19
13 71 31
13 72 44
13 73 32
13 74 55
13 75 86
13 76 35
13 77 75
13 78 17
13 79 44
13 80 6
13 81 65
13 82 56
13 83 78
13 84 40
13 85 41
13 86 35
13 87 95
13 88 11
13 89 12
13 90 50
13 91 24
13 92 31
13 93 57
13 94 46
13 95 29
13 96 8
13 97 86
13 98 80
13 99 36
13 100 92
13 101 90
13 102 38
13 103 63
13 104 94
13 105 41
13 106 60
13 107 59
13 108 64
13 109 99
13 110 80
13 111 8
13 112 51
13 113 89
13 114 73
13 115 77
13 116 2
13 117 14
13 118 74
13 119 87
14 15 44
14 16 84
14 17 2
14 18 45
14 19 34
14 20 65
14 21 93
14 22 48
14 23 33
14 24 22
14 25 55
14 26 94
14 27 68
14 28 14
14 29 83
14 30 59
14 31 7
14 32 50
14 33 63
14 34 86
14 35 69
14 36 56
14 37 13
14 38 89
14 39 41
14 40 27
14 41 65
14 42 97
14 43 48
14 44 89
14 45 98
14 46 7
14 47 42
14 48 21
14 49 91
14 50 90
14 51 74
14 52 22
14 53 99
14 54 16
14 55 4
14 56 42
14 57 4
14 58 66
14 59 58
14 60 9
14 61 62
14 62 22
14 63 71
14 64 92
14 65 51
14 66 27
14 67 98
14 68 44
14 69 1
14 70 63
14 71 69
14 72 68
14 73 83
14 74 95
14 75 38
14 76 57
14 77 86
14 78 83
14 79 61
14 80 9
14 81 33
14 82 63
14 83 7
14 84 94
14 85 1
14 86 57
14 87 41
14 88 77
14 89 2
14 90 22
14 91 55
14 92 35
14 93 22
14 94 61
14 95 60
14 96 52
14 97 86
14 98 69
14 99 8
14 100 20
14 101 73
14 102 50
14 103 45
14 104 30
14 105 89
14 106 40
14 107 5
14 108 14
14 109 71
14 110 67
14 111 84
14 112 10
14 113 66
14 114 60
14 115 10
14 116 71
14 117 18
14 118 47
14 119 52
15 16 31
15 17 37
15 18 99
15 19 28
15 20 45
15 21 96
15 22 48
15 23 1
15 24 64
15 25 7
15 26 96
15 27 89
15 28 89
15 29 34
15 30 89
15 31 83
15 32 91
15 33 57
15 34 11
15 35 94
15 36 83
15 37 88
15 38 33
15 39 51
15 40 100
15 41 20
15 42 24
15 43 1
15 44 24
15 45 89
15 46 52
15 47 94
15 48 56
15 49 43
15 50 97
15 51 77
15 52 37
15 53 70
15 54 17
15 55 11
15 56 88
15 57 43
15 58 64
15 59 66
15 60 50
15 61 24
15 62 53
15 63 9
15 64 34
15 65 84
15 66 72
15 67 5
15 68 11
15 69 86
15 70 95
15 71 65
15 72 72
15 73 29
15 74 15
15 75 32
15 76 66
15 77 35
15 78 33
15 79 5
15 80 73
15 81 92
15 82 37
15 83 36
15 84 17
15 85 2
15 86 46
15 87 63
15 88 56
15 89 49
15 90 21
15 91 85
15 92 92
15 93 42
15 94 67
15 95 88
15 96 20
15 97 80
15 98 18
15 99 62
15 100 76
15 101 19
15 102 100
15 103 91
15 104 1
15 105 61
15 106 4
15 107 65
15 108 89
15 109 79
15 110 45
15 111 26
15 112 62
15 113 97
15 114 83
15 115 85
15 116 47
15 117 93
15 118 91
15 119 40
16 17 71
16 18 28
16 19 99
16 20 28
16 21 6
16 22 36
16 23 40
16 24 41
16 25 34
16 26 46
16 27 31
16 28 86
16 29 86
16 30 20
16 31 39
16 32 52
16 33 71
16 34 72
16 35 82
16 36 88
16 37 100
16 38 48
16 39 100
16 40 26
16 41 34
16 42 56
16 43 54
16 44 78
16 45 51
16 46 28
16 47 48
16 48 3
16 49 59
16 50 5
16 51 41
16 52 100
16 53 83
16 54 24
16 55 55
16 56 63
16 57 32
16 58 86
16 59 28
16 60 70
16 61 67
16 62 61
16 63 14
16 64 99
16 65 32
16 66 50
16 67 96
16 68 59
16 69 50
16 70 29
16 71 17
16 72 65
16 73 65
16 74 33
16 75 90
16 76 56
16 77 48
16 78 88
16 79 22
16 80 25
16 81 88
16 82 33
16 83 29
16 84 54
16 85 23
16 86 9
16 87 5
16 88 17
16 89 3
16 90 58
16 91 15
16 92 94
16 93 86
16 94 9
16 95 79
16 96 76
16 97 93
16 98 35
16 99 52
16 100 21
16 101 25
16 102 7
16 103 91
16 104 71
16 105 73
16 106 37
16 107 86
16 108 40
16 109 15
16 110 35
16 111 45
16 112 24
16 113 53
16 114 60
16 115 23
16 116 56
16 117 89
16 118 24
16 119 97
17 18 35
17 19 73
17 20 8
17 21 50
17 22 67
17 23 35
17 24 23
17 25 12
17 26 99
17 27 10
17 28 93
17 29 21
17 30 2
17 31 77
17 32 25
17 33 62
17 34 100
17 35 87
17 36 43
17 37 45
17 38 31
17 39 1
17 40 8
17 41 94
17 42 6
17 43 86
17 44 97
17 45 74
17 46 22
17 47 17
17 48 17
17 49 39
17 50 48
17 51 93
17 52 87
17 53 34
17 54 62
17 55 18
17 56 100
17 57 70
17 58 1
17 59 64
17 60 34
17 61 20
17 62 12
17 63 62
17 64 86
17 65 42
17 66 92
17 67 83
17 68 29
17 69 90
17 70 53
17 71 82
17 72 23
17 73 67
17 74 21
17 75 99
17 76 14
17 77 8
17 78 4
17 79 72
17 80 3
17 81 68
17 82 33
17 83 32
17 84 2
17 85 52
17 86 23
17 87 43
17 88 17
17 89 38
17 90 83
17 91 62
17 92 21
17 93 12
17 94 23
17 95 75
17 96 47
17 97 63
17 98 33
17 99 87
17 100 80
17 101 58
17 102 47
17 103 9
17 104 5
17 105 98
17 106 98
17 107 65
17 108 59
17 109 48
17 110 10
17 111 75
17 112 27
17 113 24
17 114 80
17 115 20
17 116 30
17 117 60
17 118 43
17 119 59
18 19 9
18 20 14
18 21 67
18 22 19
18 23 35
18 24 58
18 25 59
18 26 100
18 27 53
18 28 61
18 29 95
18 30 94
18 31 15
18 32 76
18 33 14
18 34 82
18 35 29
18 36 98
18 37 60
18 38 4
18 39 78
18 40 99
18 41 36
18 42 63
18 43 6
18 44 18
18 45 36
18 46 43
18 47 22
18 48 67
18 49 41
18 50 19
18 51 63
18 52 10
18 53 70
18 54 1
18 55 81
18 56 56
18 57 51
18 58 26
18 59 6
18 60 14
18 61 45
18 62 19
18 63 85
18 64 48
18 65 1
18 66 27
18 67 94
18 68 73
18 69 62
18 70 24
18 71 47
18 72 95
18 73 95
18 74 12
18 75 49
18 76 66
18 77 89
18 78 5
18 79 46
18 80 46
18 81 72
18 82 59
18 83 72
18 84 42
18 85 88
18 86 3
18 87 42
18 88 64
18 89 27
18 90 15
18 91 90
18 92 60
18 93 18
18 94 72
18 95 80
18 96 61
18 97 18
18 98 31
18 99 25
18 100 6
18 101 19
18 102 17
18 103 97
18 104 16
18 105 3
18 106 69
18 107 17
18 108 35
18 109 94
18 110 21
18 111 94
18 112 8
18 113 37
18 114 39
18 115 23
18 116 51
18 117 74
18 118 2
18 119 78
19 20 37
19 21 96
19 22 93
19 23 74
19 24 87
19 25 57
19 26 12
19 27 62
19 28 60
19 29 52
19 30 97
19 31 49
19 32 68
19 33 52
19 34 89
19 35 100
19 36 80
19 37 45
19 38 99
19 39 1
19 40 3
19 41 88
19 42 20
19 43 28
19 44 77
19 45 84
19 46 56
19 47 78
19 48 33
19 49 82
19 50 59
19 51 81
19 52 86
19 53 59
19 54 81
19 55 9
19 56 53
19 57 73
19 58 39
19 59 83
19 60 28
19 61 85
19 62 53
19 63 9
19 64 8
19 65 51
19 66 22
19 67 19
19 68 33
19 69 81
19 70 89
19 71 57
19 72 67
19 73 9
19 74 59
19 75 76
19 76 29
19 77 54
19 78 14
19 79 33
19 80 54
19 81 44
19 82 82
19 83 81
19 84 88
19 85 85
19 86 91
19 87 59
19 88 42
19 89 27
19 90 84
19 91 29
19 92 88
19 93 45
19 94 88
19 95 77
19 96 14
19 97 12
19 98 51
19 99 19
19 100 69
19 101 60
19 102 51
19 103 28
19 104 94
19 105 78
19 106 71
19 107 80
19 108 85
19 109 97
19 110 82
19 111 56
19 112 13
19 113 37
19 114 88
19 115 3
19 116 99
19 117 72
19 118 21
19 119 26
20 21 83
20 22 96
20 23 33
20 24 59
20 25 53
20 26 68
20 27 100
20 28 47
20 29 70
20 30 65
20 31 15
20 32 56
20 33 80
20 34 88
20 35 56
20 36 47
20 37 94
20 38 91
20 39 56
20 40 41
20 41 51
20 42 35
20 43 8
20 44 75
20 45 14
20 46 32
20 47 77
20 48 12
20 49 42
20 50 36
20 51 50
20 52 22
20 53 67
20 54 15
20 55 57
20 56 96
20 57 15
20 58 22
20 59 35
20 60 89
20 61 19
20 62 46
20 63 89
20 64 72
20 65 31
20 66 37
20 67 61
20 68 52
20 69 35
20 70 28
20 71 98
20 72 62
20 73 5
20 74 90
20 75 74
20 76 15
20 77 74
20 78 1
20 79 96
20 80 50
20 81 11
20 82 17
20 83 33
20 84 48
20 85 44
20 86 84
20 87 73
20 88 17
20 89 45
20 90 18
20 91 50
20 92 57
20 93 23
20 94 52
20 95 26
20 96 60
20 97 9
20 98 74
20 99 15
20 100 61
20 101 17
20 102 100
20 103 24
20 104 80
20 105 82
20 106 61
20 107 62
20 108 5
20 109 16
20 110 97
20 111 56
20 112 61
20 113 58
20 114 47
20 115 91
20 116 84
20 117 69
20 118 72
20 119 85
21 22 89
21 23 42
21 24 45
21 25 51
21 26 10
21 27 3
21 28 24
21 29 8
21 30 33
21 31 72
21 32 40
21 33 78
21 34 31
21 35 1
21 36 39
21 37 91
21 38 65
21 39 3
21 40 20
21 41 7
21 42 89
21 43 72
21 44 52
21 45 47
21 46 5
21 47 41
21 48 15
21 49 42
21 50 6
21 51 92
21 52 47
21 53 55
21 54 74
21 55 61
21 56 54
21 57 95
21 58 61
21 59 100
21 60 84
21 61 33
21 62 29
21 63 97
21 64 42
21 65 53
21 66 45
21 67 82
21 68 32
21 69 22
21 70 94
21 71 79
21 72 74
21 73 30
21 74 56
21 75 77
21 76 39
21 77 24
21 78 40
21 79 42
21 80 2
21 81 79
21 82 48
21 83 83
21 84 54
21 85 50
21 86 44
21 87 84
21 88 75
21 89 49
21 90 26
21 91 20
21 92 84
21 93 16
21 94 32
21 95 92
21 96 50
21 97 7
21 98 78
21 99 29
21 100 79
21 101 8
21 102 71
21 103 94
21 104 90
21 105 2
21 106 23
21 107 77
21 108 23
21 109 42
21 110 33
21 111 92
21 112 5
21 113 22
21 114 32
21 115 20
21 116 78
21 117 28
21 118 81
21 119 52
22 23 30
22 24 88
22 25 95
22 26 67
22 27 29
22 28 83
22 29 50
22 30 63
22 31 19
22 32 61
22 33 76
22 34 44
22 35 13
22 36 21
22 37 95
22 38 73
22 39 88
22 40 43
22 41 67
22 42 55
22 43 30
22 44 34
22 45 7
22 46 73
22 47 81
22 48 58
22 49 66
22 50 31
22 51 72
22 52 64
22 53 93
22 54 63
22 55 15
22 56 36
22 57 26
22 58 11
22 59 33
22 60 25
22 61 16
22 62 13
22 63 67
22 64 97
22 65 65
22 66 13
22 67 90
22 68 14
22 69 55
22 70 97
22 71 53
22 72 75
22 73 39
22 74 41
22 75 7
22 76 89
22 77 67
22 78 97
22 79 18
22 80 88
22 81 78
22 82 10
22 83 28
22 84 85
22 85 75
22 86 90
22 87 66
22 88 11
22 89 47
22 90 24
22 91 41
22 92 29
22 93 77
22 94 75
22 95 85
22 96 47
22 97 95
22 98 83
22 99 85
22 100 100
22 101 3
22 102 6
22 103 32
22 104 29
22 105 69
22 106 19
22 107 19
22 108 41
22 109 59
22 110 70
22 111 43
22 112 52
22 113 56
22 114 92
22 115 61
22 116 85
22 117 46
22 118 7
22 119 5
23 24 14
23 25 24
23 26 22
23 27 8
23 28 73
23 29 41
23 30 54
23 31 7
23 32 28
23 33 24
23 34 33
23 35 81
23 36 80
23 37 78
23 38 94
23 39 17
23 40 32
23 41 42
23 42 56
23 43 36
23 44 38
23 45 97
23 46 12
23 47 40
23 48 12
23 49 76
23 50 89
23 51 65
23 52 39
23 53 28
23 54 69
23 55 86
23 56 15
23 57 35
23 58 34
23 59 85
23 60 42
23 61 14
23 62 45
23 63 53
23 64 25
23 65 66
23 66 89
23 67 61
23 68 20
23 69 19
23 70 65
23 71 59
23 72 85
23 73 40
23 74 92
23 75 98
23 76 27
23 77 68
23 78 53
23 79 44
23 80 78
23 81 99
23 82 43
23 83 26
23 84 14
23 85 40
23 86 19
23 87 22
23 88 99
23 89 9
23 90 76
23 91 43
23 92 70
23 93 69
23 94 85
23 95 96
23 96 33
23 97 79
23 98 46
23 99 46
23 100 68
23 101 92
23 102 38
23 103 51
23 104 17
23 105 71
23 106 79
23 107 41
23 108 39
23 109 71
23 110 89
23 111 4
23 112 7
23 113 80
23 114 61
23 115 6
23 116 79
23 117 53
23 118 54
23 119 13
24 25 63
24 26 52
24 27 99
24 28 88
24 29 64
24 30 8
24 31 20
24 32 34
24 33 61
24 34 29
24 35 38
24 36 75
24 37 9
24 38 13
24 39 52
24 40 57
24 41 91
24 42 25
24 43 20
24 44 83
24 45 76
24 46 64
24 47 87
24 48 41
24 49 27
24 50 39
24 51 79
24 52 49
24 53 85
24 54 94
24 55 61
24 56 8
24 57 92
24 58 78
24 59 88
24 60 64
24 61 27
24 62 37
24 63 63
24 64 38
24 65 1
24 66 62
24 67 75
24 68 6
24 69 58
24 70 34
24 71 53
24 72 16
24 73 20
24 74 45
24 75 38
24 76 90
24 77 34
24 78 11
24 79 71
24 80 17
24 81 89
24 82 45
24 83 13
24 84 22
24 85 7
24 86 55
24 87 59
24 88 4
24 89 70
24 90 85
24 91 49
24 92 27
24 93 94
24 94 66
24 95 86
24 96 46
24 97 79
24 98 3
24 99 34
24 100 74
24 101 48
24 102 80
24 103 66
24 104 74
24 105 11
24 106 22
24 107 51
24 108 73
24 109 24
24 110 60
24 111 77
24 112 52
24 113 14
24 114 54
24 115 67
24 116 79
24 117 91
24 118 90
24 119 72
25 26 65
25 27 42
25 28 26
25 29 17
25 30 83
25 31 70
25 32 47
25 33 10
25 34 17
25 35 27
25 36 60
25 37 91
25 38 51
25 39 58
25 40 75
25 41 100
25 42 98
25 43 53
25 44 98
25 45 33
25 46 64
25 47 48
25 48 61
25 49 46
25 50 6
25 51 46
25 52 38
25 53 91
25 54 75
25 55 73
25 56 31
25 57 26
25 58 8
25 59 50
25 60 35
25 61 73
25 62 36
25 63 46
25 64 100
25 65 44
25 66 14
25 67 43
25 68 5
25 69 96
25 70 36
25 71 38
25 72 47
25 73 84
25 74 36
25 75 54
25 76 13
25 77 2
25 78 80
25 79 27
25 80 88
25 81 34
25 82 20
25 83 56
25 84 37
25 85 45
25 86 32
25 87 31
25 88 16
25 89 76
25 90 31
25 91 7
25 92 45
25 93 5
25 94 41
25 95 58
25 96 29
25 97 29
25 98 33
25 99 44
25 100 59
25 101 19
25 102 92
25 103 30
25 104 23
25 105 2
25 106 94
25 107 50
25 108 26
25 109 28
25 110 19
25 111 62
25 112 74
25 113 64
25 114 34
25 115 27
25 116 88
25 117 79
25 118 3
25 119 81
26 27 67
26 28 95
26 29 43
26 30 100
26 31 52
26 32 2
26 33 66
26 34 3
26 35 55
26 36 84
26 37 58
26 38 30
26 39 67
26 40 91
26 41 22
26 42 72
26 43 84
26 44 54
26 45 92
26 46 59
26 47 18
26 48 75
26 49 17
26 50 28
26 51 81
26 52 47
26 53 100
26 54 3
26 55 91
26 56 59
26 57 31
26 58 59
26 59 81
26 60 36
26 61 14
26 62 79
26 63 56
26 64 31
26 65 80
26 66 99
26 67 51
26 68 35
26 69 35
26 70 9
26 71 52
26 72 2
26 73 64
26 74 86
26 75 79
26 76 68
26 77 14
26 78 75
26 79 85
26 80 47
26 81 97
26 82 97
26 83 8
26 84 62
26 85 87
26 86 80
26 87 44
26 88 5
26 89 60
26 90 35
26 91 5
26 92 19
26 93 60
26 94 7
26 95 46
26 96 93
26 97 97
26 98 39
26 99 35
26 100 51
26 101 42
26 102 33
26 103 46
26 104 69
26 105 73
26 106 93
26 107 23
26 108 38
26 109 100
26 110 60
26 111 7
26 112 38
26 113 3
26 114 69
26 115 11
26 116 25
26 117 69
26 118 14
26 119 53
27 28 2
27 29 63
27 30 53
27 31 82
27 32 39
27 33 7
27 34 22
27 35 35
27 36 48
27 37 65
27 38 99
27 39 56
27 40 60
27 41 71
27 42 96
27 43 31
27 44 95
27 45 54
27 46 97
27 47 3
27 48 12
27 49 41
27 50 8
27 51 83
27 52 20
27 53 68
27 54 99
27 55 37
27 56 13
27 57 80
27 58 38
27 59 60
27 60 92
27 61 96
27 62 44
27 63 11
27 64 2
27 65 94
27 66 65
27 67 20
27 68 85
27 69 8
27 70 56
27 71 78
27 72 28
27 73 11
27 74 3
27 75 80
27 76 67
27 77 14
27 78 70
27 79 45
27 80 89
27 81 3
27 82 34
27 83 44
27 84 36
27 85 65
27 86 2
27 87 58
27 88 30
27 89 40
27 90 3
27 91 94
27 92 8
27 93 60
27 94 62
27 95 84
27 96 55
27 97 4
27 98 13
27 99 9
27 100 45
27 101 21
27 102 62
27 103 52
27 104 22
27 105 21
27 106 45
27 107 37
27 108 30
27 109 83
27 110 91
27 111 81
27 112 63
27 113 39
27 114 63
27 115 23
27 116 26
27 117 27
27 118 51
27 119 63
28 29 28
28 30 29
28 31 89
28 32 16
28 33 73
28 34 51
28 35 96
28 36 37
28 37 20
28 38 64
28 39 9
28 40 21
28 41 80
28 42 99
28 43 89
28 44 35
28 45 96
28 46 35
28 47 71
28 48 20
28 49 69
28 50 57
28 51 40
28 52 15
28 53 93
28 54 26
28 55 1
28 56 13
28 57 34
28 58 41
28 59 54
28 60 50
28 61 44
28 62 23
28 63 18
28 64 17
28 65 78
28 66 80
28 67 44
28 68 17
28 69 55
28 70 74
28 71 42
28 72 39
28 73 11
28 74 38
28 75 95
28 76 18
28 77 20
28 78 67
28 79 4
28 80 43
28 81 38
28 82 43
28 83 55
28 84 57
28 85 41
28 86 34
28 87 81
28 88 28
28 89 53
28 90 82
28 91 25
28 92 15
28 93 56
28 94 16
28 95 22
28 96 35
28 97 3
28 98 69
28 99 4
28 100 77
28 101 88
28 102 11
28 103 14
28 104 41
28 105 34
28 106 4
28 107 95
28 108 20
28 109 60
28 110 48
28 111 73
28 112 70
28 113 19
28 114 35
28 115 47
28 116 60
28 117 23
28 118 7
28 119 53
29 30 67
29 31 2
29 32 21
29 33 55
29 34 8
29 35 32
29 36 78
29 37 100
29 38 29
29 39 98
29 40 38
29 41 5
29 42 46
29 43 66
29 44 24
29 45 81
29 46 44
29 47 80
29 48 75
29 49 23
29 50 12
29 51 46
29 52 4
29 53 87
29 54 74
29 55 18
29 56 26
29 57 70
29 58 83
29 59 45
29 60 74
29 61 13
29 62 62
29 63 13
29 64 60
29 65 18
29 66 57
29 67 64
29 68 43
29 69 2
29 70 40
29 71 95
29 72 52
29 73 16
29 74 46
29 75 59
29 76 97
29 77 48
29 78 23
29 79 44
29 80 36
29 81 59
29 82 70
29 83 92
29 84 25
29 85 14
29 86 64
29 87 68
29 88 44
29 89 79
29 90 28
29 91 78
29 92 97
29 93 57
29 94 53
29 95 74
29 96 8
29 97 85
29 98 16
29 99 45
29 100 37
29 101 26
29 102 34
29 103 61
29 104 26
29 105 42
29 106 4
29 107 7
29 108 8
29 109 55
29 110 92
29 111 100
29 112 54
29 113 28
29 114 74
29 115 10
29 116 63
29 117 72
29 118 62
29 119 76
30 31 73
30 32 35
30 33 52
30 34 26
30 35 81
30 36 83
30 37 50
30 38 92
30 39 17
30 40 76
30 41 38
30 42 66
30 43 68
30 44 33
30 45 28
30 46 99
30 47 7
30 48 84
30 49 48
30 50 53
30 51 88
30 52 48
30 53 74
30 54 38
30 55 56
30 56 38
30 57 89
30 58 94
30 59 67
30 60 25
30 61 44
30 62 13
30 63 88
30 64 89
30 65 13
30 66 69
30 67 63
30 68 6
30 69 3
30 70 26
30 71 15
30 72 54
30 73 85
30 74 34
30 75 6
30 76 5
30 77 65
30 78 69
30 79 42
30 80 40
30 81 40
30 82 53
30 83 63
30 84 52
30 85 66
30 86 4
30 87 82
30 88 86
30 89 85
30 90 91
30 91 37
30 92 60
30 93 63
30 94 6
30 95 99
30 96 25
30 97 73
30 98 85
30 99 75
30 100 98
30 101 54
30 102 69
30 103 8
30 104 74
30 105 93
30 106 21
30 107 12
30 108 5
30 109 8
30 110 83
30 111 20
30 112 5
30 113 30
30 114 18
30 115 14
30 116 58
30 117 11
30 118 45
30 119 31
31 32 10
31 33 15
31 34 67
31 35 24
31 36 55
31 37 15
31 38 88
31 39 26
31 40 47
31 41 15
31 42 54
31 43 85
31 44 99
31 45 67
31 46 100
31 47 14
31 48 56
31 49 63
31 50 11
31 51 20
31 52 12
31 53 10
31 54 66
31 55 27
31 56 80
31 57 55
31 58 24
31 59 28
31 60 79
31 61 17
31 62 51
31 63 68
31 64 4
31 65 72
31 66 18
31 67 51
31 68 44
31 69 39
31 70 38
31 71 15
31 72 38
31 73 26
31 74 10
31 75 35
31 76 23
31 77 11
31 78 40
31 79 67
31 80 88
31 81 81
31 82 61
31 83 31
31 84 18
31 85 74
31 86 27
31 87 84
31 88 72
31 89 90
31 90 65
31 91 16
31 92 15
31 93 96
31 94 34
31 95 33
31 96 2
31 97 83
31 98 87
31 99 74
31 100 32
31 101 63
31 102 22
31 103 84
31 104 9
31 105 31
31 106 12
31 107 14
31 108 7
31 109 85
31 110 48
31 111 44
31 112 4
31 113 82
31 114 99
31 115 17
31 116 81
31 117 39
31 118 21
31 119 16
32 33 85
32 34 70
32 35 100
32 36 20
32 37 62
32 38 82
32 39 8
32 40 48
32 41 79
32 42 55
32 43 69
32 44 9
32 45 93
32 46 58
32 47 88
32 48 56
32 49 41
32 50 45
32 51 65
32 52 71
32 53 12
32 54 28
32 55 44
32 56 15
32 57 97
32 58 92
32 59 2
32 60 61
32 61 93
32 62 42
32 63 84
32 64 11
32 65 68
32 66 87
32 67 83
32 68 19
32 69 64
32 70 76
32 71 92
32 72 57
32 73 23
32 74 83
32 75 29
32 76 34
32 77 93
32 78 10
32 79 49
32 80 42
32 81 32
32 82 76
32 83 54
32 84 45
32 85 42
32 86 57
32 87 13
32 88 9
32 89 31
32 90 78
32 91 25
32 92 49
32 93 94
32 94 64
32 95 84
32 96 22
32 97 43
32 98 93
32 99 100
32 100 21
32 101 1
32 102 98
32 103 75
32 104 52
32 105 91
32 106 41
32 107 53
32 108 28
32 109 75
32 110 77
32 111 16
32 112 96
32 113 70
32 114 77
32 115 1
32 116 72
32 117 67
32 118 99
32 119 64
33 34 89
33 35 88
33 36 31
33 37 41
33 38 92
33 39 26
33 40 52
33 41 73
33 42 42
33 43 2
33 44 33
33 45 53
33 46 71
33 47 91
33 48 84
33 49 12
33 50 94
33 51 25
33 52 43
33 53 22
33 54 40
33 55 5
33 56 77
33 57 92
33 58 66
33 59 36
33 60 93
33 61 25
33 62 3
33 63 2
33 64 100
33 65 5
33 66 31
33 67 77
33 68 14
33 69 83
33 70 71
33 71 84
33 72 81
33 73 92
33 74 40
33 75 100
33 76 36
33 77 26
33 78 81
33 79 24
33 80 8
33 81 11
33 82 67
33 83 10
33 84 5
33 85 70
33 86 12
33 87 18
33 88 21
33 89 66
33 90 79
33 91 34
33 92 25
33 93 64
33 94 96
33 95 40
33 96 42
33 97 26
33 98 45
33 99 16
33 100 13
33 101 56
33 102 23
33 103 11
33 104 90
33 105 7
33 106 70
33 107 32
33 108 94
33 109 93
33 110 15
33 111 65
33 112 42
33 113 88
33 114 26
33 115 89
33 116 100
33 117 14
33 118 78
33 119 97
34 35 72
34 36 31
34 37 10
34 38 11
34 39 42
34 40 50
34 41 91
34 42 47
34 43 88
34 44 77
34 45 21
34 46 68
34 47 66
34 48 6
34 49 76
34 50 95
34 51 28
34 52 6
34 53 68
34 54 91
34 55 23
34 56 96
34 57 78
34 58 85
34 59 1
34 60 32
34 61 33
34 62 3
34 63 25
34 64 40
34 65 44
34 66 30
34 67 13
34 68 38
34 69 10
34 70 38
34 71 34
34 72 70
34 73 75
34 74 6
34 75 49
34 76 55
34 77 2
34 78 45
34 79 8
34 80 55
34 81 50
34 82 42
34 83 24
34 84 72
34 85 95
34 86 74
34 87 23
34 88 88
34 89 79
34 90 32
34 91 75
34 92 53
34 93 2
34 94 72
34 95 73
34 96 42
34 97 46
34 98 13
34 99 49
34 100 22
34 101 16
34 102 20
34 103 1
34 104 78
34 105 14
34 106 86
34 107 91
34 108 98
34 109 98
34 110 17
34 111 11
34 112 2
34 113 16
34 114 1
34 115 61
34 116 41
34 117 94
34 118 74
34 119 79
35 36 75
35 37 24
35 38 38
35 39 79
35 40 19
35 41 59
35 42 24
35 43 83
35 44 40
35 45 8
35 46 100
35 47 47
35 48 26
35 49 80
35 50 40
35 51 88
35 52 22
35 53 72
35 54 57
35 55 66
35 56 58
35 57 19
35 58 90
35 59 91
35 60 20
35 61 65
35 62 69
35 63 13
35 64 79
35 65 97
35 66 14
35 67 56
35 68 72
35 69 59
35 70 95
35 71 32
35 72 47
35 73 78
35 74 39
35 75 37
35 76 79
35 77 79
35 78 72
35 79 83
35 80 74
35 81 30
35 82 53
35 83 16
35 84 95
35 85 27
35 86 85
35 87 70
35 88 42
35 89 61
35 90 58
35 91 39
35 92 83
35 93 3
35 94 58
35 95 21
35 96 59
35 97 61
35 98 27
35 99 20
35 100 27
35 101 96
35 102 82
35 103 38
35 104 43
35 105 61
35 106 42
35 107 47
35 108 35
35 109 19
35 110 69
35 111 94
35 112 26
35 113 69
35 114 43
35 115 57
35 116 83
35 117 2
35 118 92
35 119 13
36 37 33
36 38 44
36 39 50
36 40 78
36 41 84
36 42 19
36 43 10
36 44 49
36 45 13
36 46 45
36 47 67
36 48 61
36 49 43
36 50 17
36 51 89
36 52 2
36 53 44
36 54 9
36 55 38
36 56 21
36 57 63
36 58 42
36 59 64
36 60 35
36 61 63
36 62 17
36 63 44
36 64 51
36 65 84
36 66 5
36 67 31
36 68 99
36 69 41
36 70 98
36 71 86
36 72 38
36 73 7
36 74 61
36 75 94
36 76 68
36 77 88
36 78 33
36 79 17
36 80 54
36 81 100
36 82 28
36 83 35
36 84 95
36 85 61
36 86 26
36 87 96
36 88 39
36 89 69
36 90 86
36 91 16
36 92 40
36 93 44
36 94 25
36 95 60
36 96 57
36 97 26
36 98 11
36 99 72
36 100 8
36 101 72
36 102 61
36 103 73
36 104 45
36 105 34
36 106 57
36 107 76
36 108 38
36 109 99
36 110 15
36 111 87
36 112 85
36 113 8
36 114 75
36 115 18
36 116 96
36 117 57
36 118 40
36 119 81
37 38 62
37 39 79
37 40 97
37 41 84
37 42 8
37 43 29
37 44 19
37 45 74
37 46 74
37 47 45
37 48 13
37 49 38
37 50 29
37 51 4
37 52 66
37 53 80
37 54 34
37 55 49
37 56 28
37 57 61
37 58 85
37 59 2
37 60 49
37 61 56
37 62 99
37 63 64
37 64 91
37 65 89
37 66 61
37 67 98
37 68 39
37 69 77
37 70 29
37 71 95
37 72 100
37 73 61
37 74 9
37 75 95
37 76 86
37 77 38
37 78 77
37 79 1
37 80 72
37 81 5
37 82 9
37 83 54
37 84 22
37 85 91
37 86 16
37 87 94
37 88 66
37 89 79
37 90 22
37 91 98
37 92 16
37 93 96
37 94 8
37 95 45
37 96 62
37 97 45
37 98 27
37 99 46
37 100 81
37 101 37
37 102 65
37 103 96
37 104 28
37 105 61
37 106 55
37 107 9
37 108 62
37 109 73
37 110 100
37 111 47
37 112 51
37 113 51
37 114 5
37 115 90
37 116 54
37 117 58
37 118 53
37 119 10
38 39 2
38 40 26
38 41 47
38 42 22
38 43 22
38 44 98
38 45 78
38 46 84
38 47 74
38 48 95
38 49 96
38 50 1
38 51 88
38 52 42
38 53 82
38 54 35
38 55 93
38 56 74
38 57 72
38 58 83
38 59 71
38 60 66
38 61 23
38 62 11
38 63 68
38 64 39
38 65 24
38 66 79
38 67 45
38 68 41
38 69 64
38 70 13
38 71 87
38 72 93
38 73 89
38 74 2
38 75 80
38 76 80
38 77 77
38 78 77
38 79 52
38 80 47
38 81 52
38 82 35
38 83 44
38 84 8
38 85 45
38 86 70
38 87 90
38 88 44
38 89 32
38 90 3
38 91 24
38 92 17
38 93 25
38 94 54
38 95 30
38 96 11
38 97 68
38 98 42
38 99 18
38 100 47
38 101 89
38 102 90
38 103 53
38 104 94
38 105 99
38 106 97
38 107 76
38 108 75
38 109 97
38 110 10
38 111 60
38 112 75
38 113 7
38 114 8
38 115 55
38 116 59
38 117 66
38 118 27
38 119 36
39 40 54
39 41 54
39 42 21
39 43 72
39 44 57
39 45 39
39 46 73
39 47 78
39 48 95
39 49 69
39 50 34
39 51 42
39 52 47
39 53 54
39 54 55
39 55 98
39 56 53
39 57 42
39 58 47
39 59 32
39 60 21
39 61 90
39 62 87
39 63 43
39 64 91
39 65 96
39 66 72
39 67 39
39 68 65
39 69 2
39 70 68
39 71 12
39 72 63
39 73 77
39 74 25
39 75 33
39 76 61
39 77 38
39 78 51
39 79 75
39 80 23
39 81 39
39 82 15
39 83 10
39 84 88
39 85 1
39 86 69
39 87 67
39 88 11
39 89 27
39 90 5
39 91 79
39 92 80
39 93 41
39 94 25
39 95 85
39 96 30
39 97 20
39 98 7
39 99 12
39 100 95
39 101 32
39 102 18
39 103 69
39 104 30
39 105 34
39 106 31
39 107 86
39 108 23
39 109 94
39 110 99
39 111 62
39 112 37
39 113 23
39 114 40
39 115 23
39 116 96
39 117 15
39 118 85
39 119 72
40 41 83
40 42 1
40 43 3
40 44 44
40 45 91
40 46 56
40 47 60
40 48 33
40 49 69
40 50 18
40 51 85
40 52 78
40 53 31
40 54 44
40 55 52
40 56 65
40 57 77
40 58 59
40 59 20
40 60 75
40 61 69
40 62 96
40 63 58
40 64 63
40 65 72
40 66 34
40 67 26
40 68 60
40 69 38
40 70 47
40 71 84
40 72 4
40 73 87
40 74 22
40 75 45
40 76 73
40 77 75
40 78 88
40 79 2
40 80 70
40 81 87
40 82 8
40 83 44
40 84 76
40 85 45
40 86 13
40 87 3
40 88 73
40 89 34
40 90 47
40 91 80
40 92 66
40 93 92
40 94 66
40 95 44
40 96 16
40 97 99
40 98 60
40 99 76
40 100 94
40 101 96
40 102 30
40 103 6
40 104 26
40 105 59
40 106 8
40 107 9
40 108 65
40 109 92
40 110 44
40 111 60
40 112 78
40 113 18
40 114 30
40 115 56
40 116 17
40 117 96
40 118 11
40 119 22
41 42 87
41 43 73
41 44 23
41 45 39
41 46 82
41 47 100
41 48 18
41 49 75
41 50 73
41 51 95
41 52 25
41 53 63
41 54 78
41 55 9
41 56 77
41 57 78
41 58 55
41 59 65
41 60 95
41 61 19
41 62 64
41 63 32
41 64 81
41 65 78
41 66 60
41 67 45
41 68 23
41 69 43
41 70 50
41 71 78
41 72 26
41 73 7
41 74 90
41 75 64
41 76 44
41 77 32
41 78 12
41 79 55
41 80 11
41 81 82
41 82 94
41 83 75
41 84 97
41 85 96
41 86 43
41 87 39
41 88 32
41 89 89
41 90 15
41 91 4
41 92 23
41 93 41
41 94 94
41 95 74
41 96 18
41 97 10
41 98 21
41 99 79
41 100 87
41 101 9
41 102 82
41 103 14
41 104 86
41 105 52
41 106 21
41 107 26
41 108 10
41 109 41
41 110 53
41 111 30
41 112 88
41 113 66
41 114 64
41 115 33
41 116 44
41 117 91
41 118 75
41 119 78
42 43 100
42 44 40
42 45 42
42 46 19
42 47 70
42 48 5
42 49 63
42 50 26
42 51 1
42 52 50
42 53 49
42 54 59
42 55 15
42 56 86
42 57 84
42 58 94
42 59 56
42 60 77
42 61 82
42 62 99
42 63 1
42 64 21
42 65 75
42 66 85
42 67 90
42 68 68
42 69 17
42 70 61
42 71 63
42 72 68
42 73 21
42 74 22
42 75 79
42 76 19
42 77 13
42 78 88
42 79 82
42 80 48
42 81 56
42 82 47
42 83 45
42 84 60
42 85 73
42 86 44
42 87 56
42 88 9
42 89 8
42 90 58
42 91 32
42 92 35
42 93 8
42 94 70
42 95 42
42 96 69
42 97 12
42 98 25
42 99 33
42 100 48
42 101 89
42 102 61
42 103 70
42 104 10
42 105 81
42 106 54
42 107 84
42 108 74
42 109 44
42 110 83
42 111 98
42 112 72
42 113 100
42 114 88
42 115 64
42 116 53
42 117 62
42 118 60
42 119 57
43 44 57
43 45 40
43 46 4
43 47 42
43 48 40
43 49 1
43 50 50
43 51 16
43 52 24
43 53 50
43 54 24
43 55 8
43 56 99
43 57 18
43 58 96
43 59 88
43 60 48
43 61 17
43 62 34
43 63 38
43 64 38
43 65 71
43 66 21
43 67 57
43 68 4
43 69 80
43 70 56
43 71 92
43 72 82
43 73 62
43 74 99
43 75 32
43 76 51
43 77 31
43 78 39
43 79 45
43 80 61
43 81 55
43 82 53
43 83 94
43 84 39
43 85 31
43 86 93
43 87 34
43 88 74
43 89 35
43 90 67
43 91 7
43 92 43
43 93 61
43 94 15
43 95 94
43 96 83
43 97 10
43 98 45
43 99 43
43 100 4
43 101 87
43 102 55
43 103 21
43 104 35
43 105 44
43 106 73
43 107 61
43 108 92
43 109 49
43 110 61
43 111 11
43 112 6
43 113 48
43 114 12
43 115 3
43 116 55
43 117 7
43 118 57
43 119 5
44 45 61
44 46 69
44 47 56
44 48 36
44 49 15
44 50 86
44 51 63
44 52 3
44 53 91
44 54 91
44 55 11
44 56 29
44 57 39
44 58 89
44 59 49
44 60 61
44 61 20
44 62 31
44 63 87
44 64 8
44 65 49
44 66 59
44 67 10
44 68 14
44 69 72
44 70 86
44 71 72
44 72 7
44 73 43
44 74 85
44 75 44
44 76 9
44 77 5
44 78 59
44 79 45
44 80 79
44 81 29
44 82 81
44 83 65
44 84 38
44 85 22
44 86 27
44 87 4
44 88 70
44 89 2
44 90 11
44 91 16
44 92 71
44 93 57
44 94 44
44 95 57
44 96 16
44 97 36
44 98 58
44 99 10
44 100 65
44 101 70
44 102 22
44 103 94
44 104 90
44 105 66
44 106 59
44 107 57
44 108 52
44 109 11
44 110 23
44 111 5
44 112 4
44 113 64
44 114 71
44 115 26
44 116 9
44 117 56
44 118 84
44 119 57
45 46 31
45 47 77
45 48 95
45 49 75
45 50 94
45 51 15
45 52 99
45 53 75
45 54 51
45 55 68
45 56 9
45 57 67
45 58 31
45 59 51
45 60 63
45 61 35
45 62 23
45 63 64
45 64 2
45 65 29
45 66 86
45 67 67
45 68 31
45 69 95
45 70 98
45 71 88
45 72 41
45 73 17
45 74 57
45 75 63
45 76 53
45 77 31
45 78 88
45 79 18
45 80 1
45 81 76
45 82 31
45 83 27
45 84 73
45 85 56
45 86 30
45 87 39
45 88 9
45 89 51
45 90 18
45 91 53
45 92 59
45 93 64
45 94 23
45 95 87
45 96 46
45 97 21
45 98 67
45 99 85
45 100 71
45 101 94
45 102 35
45 103 75
45 104 91
45 105 66
45 106 5
45 107 23
45 108 32
45 109 27
45 110 42
45 111 14
45 112 73
45 113 27
45 114 80
45 115 43
45 116 31
45 117 10
45 118 55
45 119 85
46 47 13
46 48 58
46 49 97
46 50 55
46 51 43
46 52 67
46 53 96
46 54 27
46 55 19
46 56 79
46 57 48
46 58 78
46 59 32
46 60 65
46 61 91
46 62 13
46 63 28
46 64 52
46 65 36
46 66 65
46 67 28
46 68 10
46 69 49
46 70 84
46 71 20
46 72 61
46 73 97
46 74 35
46 75 66
46 76 81
46 77 95
46 78 83
46 79 31
46 80 1
46 81 30
46 82 77
46 83 22
46 84 45
46 85 15
46 86 1
46 87 78
46 88 77
46 89 18
46 90 65
46 91 13
46 92 37
46 93 63
46 94 25
46 95 20
46 96 65
46 97 50
46 98 54
46 99 40
46 100 30
46 101 47
46 102 7
46 103 68
46 104 31
46 105 64
46 106 90
46 107 81
46 108 6
46 109 58
46 110 63
46 111 8
46 112 97
46 113 22
46 114 22
46 115 25
46 116 81
46 117 14
46 118 51
46 119 75
47 48 45
47 49 29
47 50 38
47 51 46
47 52 74
47 53 58
47 54 61
47 55 55
47 56 7
47 57 43
47 58 67
47 59 21
47 60 2
47 61 100
47 62 33
47 63 3
47 64 52
47 65 50
47 66 71
47 67 99
47 68 11
47 69 77
47 70 10
47 71 43
47 72 65
47 73 11
47 74 91
47 75 55
47 76 89
47 77 62
47 78 84
47 79 37
47 80 48
47 81 21
47 82 61
47 83 77
47 84 65
47 85 24
47 86 63
47 87 8
47 88 35
47 89 31
47 90 65
47 91 92
47 92 75
47 93 72
47 94 17
47 95 5
47 96 52
47 97 3
47 98 22
47 99 22
47 100 66
47 101 25
47 102 21
47 103 2
47 104 42
47 105 64
47 106 74
47 107 68
47 108 45
47 109 31
47 110 76
47 111 53
47 112 81
47 113 97
47 114 42
47 115 9
47 116 27
47 117 20
47 118 48
47 119 44
48 49 99
48 50 9
48 51 64
48 52 22
48 53 71
48 54 8
48 55 47
48 56 1
48 57 82
48 58 39
48 59 65
48 60 73
48 61 87
48 62 53
48 63 4
48 64 22
48 65 74
48 66 19
48 67 26
48 68 83
48 69 18
48 70 73
48 71 48
48 72 28
48 73 73
48 74 80
48 75 44
48 76 18
48 77 21
48 78 19
48 79 52
48 80 58
48 81 77
48 82 2
48 83 72
48 84 14
48 85 21
48 86 85
48 87 67
48 88 49
48 89 100
48 90 1
48 91 28
48 92 21
48 93 27
48 94 98
48 95 87
48 96 28
48 97 64
48 98 69
48 99 82
48 100 17
48 101 80
48 102 65
48 103 6
48 104 87
48 105 85
48 106 44
48 107 26
48 108 43
48 109 40
48 110 83
48 111 38
48 112 58
48 113 51
48 114 6
48 115 71
48 116 27
48 117 28
48 118 14
48 119 31
49 50 94
49 51 5
49 52 2
49 53 86
49 54 32
49 55 38
49 56 10
49 57 50
49 58 39
49 59 83
49 60 84
49 61 60
49 62 72
49 63 6
49 64 44
49 65 47
49 66 95
49 67 41
49 68 93
49 69 99
49 70 49
49 71 45
49 72 82
49 73 60
49 74 80
49 75 46
49 76 74
49 77 30
49 78 9
49 79 11
49 80 35
49 81 94
49 82 9
49 83 63
49 84 70
49 85 74
49 86 9
49 87 97
49 88 100
49 89 82
49 90 59
49 91 50
49 92 19
49 93 20
49 94 95
49 95 31
49 96 33
49 97 49
49 98 68
49 99 61
49 100 61
49 101 42
49 102 59
49 103 21
49 104 80
49 105 15
49 106 78
49 107 90
49 108 75
49 109 12
49 110 8
49 111 70
49 112 75
49 113 30
49 114 72
49 115 1
49 116 1
49 117 98
49 118 70
49 119 58
50 51 73
50 52 16
50 53 24
50 54 3
50 55 23
50 56 77
50 57 37
50 58 2
50 59 96
50 60 2
50 61 29
50 62 37
50 63 23
50 64 32
50 65 32
50 66 98
50 67 19
50 68 20
50 69 66
50 70 2
50 71 64
50 72 94
50 73 12
50 74 53
50 75 3
50 76 27
50 77 63
50 78 65
50 79 78
50 80 45
50 81 83
50 82 45
50 83 7
50 84 81
50 85 93
50 86 23
50 87 34
50 88 49
50 89 90
50 90 17
50 91 99
50 92 83
50 93 31
50 94 81
50 95 55
50 96 30
50 97 41
50 98 78
50 99 95
50 100 85
50 101 3
50 102 3
50 103 66
50 104 93
50 105 76
50 106 40
50 107 64
50 108 21
50 109 34
50 110 18
50 111 86
50 112 96
50 113 98
50 114 89
50 115 40
50 116 79
50 117 96
50 118 2
50 119 77
51 52 42
51 53 12
51 54 40
51 55 47
51 56 54
51 57 57
51 58 28
51 59 91
51 60 21
51 61 32
51 62 32
51 63 63
51 64 22
51 65 82
51 66 74
51 67 100
51 68 66
51 69 47
51 70 73
51 71 6
51 72 55
51 73 35
51 74 18
51 75 9
51 76 44
51 77 15
51 78 1
51 79 20
51 80 21
51 81 39
51 82 69
51 83 36
51 84 75
51 85 3
51 86 59
51 87 30
51 88 35
51 89 9
51 90 57
51 91 72
51 92 49
51 93 54
51 94 78
51 95 50
51 96 47
51 97 85
51 98 82
51 99 56
51 100 62
51 101 59
51 102 90
51 103 64
51 104 91
51 105 89
51 106 71
51 107 87
51 108 73
51 109 82
51 110 64
51 111 15
51 112 47
51 113 13
51 114 52
51 115 11
51 116 80
51 117 6
51 118 35
51 119 8
52 53 65
52 54 67
52 55 72
52 56 90
52 57 40
52 58 45
52 59 16
52 60 64
52 61 97
52 62 48
52 63 33
52 64 94
52 65 9
52 66 87
52 67 28
52 68 8
52 69 55
52 70 6
52 71 99
52 72 73
52 73 52
52 74 40
52 75 64
52 76 4
52 77 50
52 78 9
52 79 41
52 80 30
52 81 45
52 82 63
52 83 59
52 84 81
52 85 8
52 86 69
52 87 88
52 88 2
52 89 72
52 90 65
52 91 72
52 92 3
52 93 70
52 94 38
52 95 31
52 96 12
52 97 59
52 98 44
52 99 17
52 100 16
52 101 15
52 102 18
52 103 48
52 104 74
52 105 41
52 106 24
52 107 23
52 108 93
52 109 79
52 110 15
52 111 50
52 112 4
52 113 75
52 114 41
52 115 33
52 116 45
52 117 48
52 118 73
52 119 52
53 54 28
53 55 55
53 56 32
53 57 67
53 58 48
53 59 40
53 60 38
53 61 66
53 62 5
53 63 19
53 64 80
53 65 16
53 66 64
53 67 100
53 68 79
53 69 61
53 70 17
53 71 72
53 72 38
53 73 43
53 74 56
53 75 11
53 76 55
53 77 82
53 78 74
53 79 90
53 80 56
53 81 52
53 82 75
53 83 22
53 84 21
53 85 59
53 86 59
53 87 18
53 88 11
53 89 17
53 90 88
53 91 41
53 92 51
53 93 88
53 94 84
53 95 94
53 96 65
53 97 89
53 98 30
53 99 94
53 100 20
53 101 77
53 102 32
53 103 91
53 104 37
53 105 72
53 106 3
53 107 13
53 108 70
53 109 9
53 110 58
53 111 13
53 112 73
53 113 82
53 114 15
53 115 22
53 116 99
53 117 80
53 118 48
53 119 42
54 55 85
54 56 49
54 57 90
54 58 71
54 59 8
54 60 100
54 61 8
54 62 81
54 63 48
54 64 61
54 65 16
54 66 54
54 67 23
54 68 16
54 69 36
54 70 63
54 71 87
54 72 1
54 73 57
54 74 50
54 75 54
54 76 30
54 77 15
54 78 5
54 79 52
54 80 49
54 81 82
54 82 46
54 83 95
54 84 41
54 85 59
54 86 91
54 87 14
54 88 39
54 89 93
54 90 15
54 91 55
54 92 55
54 93 23
54 94 72
54 95 37
54 96 97
54 97 24
54 98 1
54 99 48
54 100 54
54 101 6
54 102 81
54 103 91
54 104 76
54 105 6
54 106 39
54 107 15
54 108 78
54 109 40
54 110 1
54 111 8
54 112 28
54 113 83
54 114 75
54 115 91
54 116 53
54 117 1
54 118 53
54 119 21
55 56 6
55 57 65
55 58 72
55 59 97
55 60 65
55 61 77
55 62 93
55 63 4
55 64 66
55 65 76
55 66 85
55 67 48
55 68 94
55 69 24
55 70 62
55 71 8
55 72 64
55 73 57
55 74 87
55 75 59
55 76 7
55 77 17
55 78 63
55 79 11
55 80 100
55 81 53
55 82 95
55 83 57
55 84 36
55 85 10
55 86 91
55 87 40
55 88 43
55 89 100
55 90 69
55 91 55
55 92 94
55 93 62
55 94 80
55 95 87
55 96 45
55 97 84
55 98 64
55 99 66
55 100 28
55 101 70
55 102 1
55 103 14
55 104 25
55 105 54
55 106 15
55 107 11
55 108 91
55 109 62
55 110 93
55 111 23
55 112 77
55 113 99
55 114 97
55 115 24
55 116 42
55 117 65
55 118 86
55 119 75
56 57 16
56 58 47
56 59 100
56 60 59
56 61 45
56 62 34
56 63 61
56 64 89
56 65 37
56 66 77
56 67 4
56 68 37
56 69 33
56 70 88
56 71 9
56 72 53
56 73 25
56 74 60
56 75 8
56 76 40
56 77 17
56 78 5
56 79 20
56 80 18
56 81 76
56 82 56
56 83 2
56 84 29
56 85 12
56 86 48
56 87 43
56 88 91
56 89 98
56 90 27
56 91 90
56 92 84
56 93 72
56 94 2
56 95 5
56 96 39
56 97 17
56 98 43
56 99 85
56 100 43
56 101 18
56 102 6
56 103 51
56 104 34
56 105 77
56 106 12
56 107 52
56 108 89
56 109 56
56 110 34
56 111 50
56 112 58
56 113 53
56 114 33
56 115 36
56 116 57
56 117 59
56 118 34
56 119 42
57 58 37
57 59 4
57 60 78
57 61 24
57 62 8
57 63 41
57 64 3
57 65 60
57 66 6
57 67 6
57 68 63
57 69 22
57 70 44
57 71 19
57 72 26
57 73 35
57 74 61
57 75 51
57 76 55
57 77 4
57 78 57
57 79 1
57 80 4
57 81 63
57 82 48
57 83 79
57 84 7
57 85 62
57 86 89
57 87 81
57 88 80
57 89 61
57 90 87
57 91 11
57 92 85
57 93 34
57 94 74
57 95 54
57 96 100
57 97 59
57 98 67
57 99 1
57 100 28
57 101 43
57 102 34
57 103 93
57 104 19
57 105 83
57 106 86
57 107 72
57 108 28
57 109 91
57 110 62
57 111 36
57 112 30
57 113 89
57 114 91
57 115 45
57 116 25
57 117 46
57 118 31
57 119 3
58 59 54
58 60 6
58 61 14
58 62 84
58 63 12
58 64 66
58 65 37
58 66 25
58 67 10
58 68 100
58 69 26
58 70 20
58 71 29
58 72 57
58 73 24
58 74 33
58 75 13
58 76 71
58 77 8
58 78 24
58 79 98
58 80 29
58 81 98
58 82 20
58 83 46
58 84 84
58 85 55
58 86 17
58 87 37
58 88 37
58 89 80
58 90 74
58 91 1
58 92 69
58 93 92
58 94 35
58 95 67
58 96 100
58 97 96
58 98 30
58 99 76
58 100 81
58 101 72
58 102 24
58 103 95
58 104 34
58 105 74
58 106 23
58 107 57
58 108 46
58 109 49
58 110 80
58 111 60
58 112 46
58 113 9
58 114 42
58 115 8
58 116 38
58 117 60
58 118 97
58 119 9
59 60 68
59 61 23
59 62 49
59 63 78
59 64 77
59 65 77
59 66 19
59 67 39
59 68 51
59 69 100
59 70 43
59 71 15
59 72 13
59 73 96
59 74 10
59 75 5
59 76 92
59 77 32
59 78 50
59 79 27
59 80 14
59 81 83
59 82 30
59 83 85
59 84 90
59 85 31
59 86 83
59 87 19
59 88 96
59 89 19
59 90 29
59 91 21
59 92 82
59 93 81
59 94 56
59 95 9
59 96 6
59 97 13
59 98 44
59 99 38
59 100 13
59 101 96
59 102 55
59 103 46
59 104 41
59 105 81
59 106 89
59 107 91
59 108 89
59 109 88
59 110 82
59 111 95
59 112 50
59 113 50
59 114 72
59 115 83
59 116 67
59 117 59
59 118 8
59 119 93
60 61 30
60 62 94
60 63 53
60 64 15
60 65 2
60 66 45
60 67 13
60 68 19
60 69 38
60 70 90
60 71 31
60 72 80
60 73 21
60 74 53
60 75 60
60 76 58
60 77 47
60 78 25
60 79 29
60 80 22
60 81 46
60 82 3
60 83 60
60 84 73
60 85 100
60 86 26
60 87 95
60 88 24
60 89 77
60 90 5
60 91 96
60 92 8
60 93 7
60 94 43
60 95 33
60 96 87
60 97 71
60 98 45
60 99 1
60 100 66
60 101 84
60 102 51
60 103 11
60 104 37
60 105 82
60 106 85
60 107 23
60 108 54
60 109 96
60 110 30
60 111 99
60 112 73
60 113 48
60 114 98
60 115 82
60 116 53
60 117 48
60 118 49
60 119 13
61 62 95
61 63 85
61 64 28
61 65 18
61 66 100
61 67 97
61 68 78
61 69 5
61 70 29
61 71 11
61 72 40
61 73 65
61 74 4
61 75 79
61 76 60
61 77 21
61 78 61
61 79 73
61 80 86
61 81 99
61 82 36
61 83 28
61 84 59
61 85 97
61 86 18
61 87 19
61 88 71
61 89 48
61 90 65
61 91 88
61 92 72
61 93 100
61 94 70
61 95 62
61 96 40
61 97 11
61 98 74
61 99 8
61 100 68
61 101 61
61 102 57
61 103 49
61 104 35
61 105 43
61 106 74
61 107 63
61 108 11
61 109 10
61 110 12
61 111 10
61 112 56
61 113 64
61 114 19
61 115 68
61 116 64
61 117 63
61 118 69
61 119 41
62 63 84
62 64 85
62 65 47
62 66 60
62 67 66
62 68 2
62 69 18
62 70 43
62 71 36
62 72 22
62 73 92
62 74 31
62 75 57
62 76 58
62 77 70
62 78 7
62 79 5
62 80 45
62 81 99
62 82 21
62 83 84
62 84 85
62 85 39
62 86 9
62 87 88
62 88 22
62 89 92
62 90 54
62 91 72
62 92 92
62 93 23
62 94 17
62 95 88
62 96 56
62 97 20
62 98 22
62 99 47
62 100 59
62 101 55
62 102 79
62 103 66
62 104 85
62 105 97
62 106 49
62 107 29
62 108 48
62 109 85
62 110 35
62 111 21
62 112 100
62 113 36
62 114 92
62 115 64
62 116 95
62 117 49
62 118 17
62 119 41
63 64 90
63 65 96
63 66 98
63 67 83
63 68 23
63 69 39
63 70 87
63 71 45
63 72 40
63 73 67
63 74 23
63 75 24
63 76 53
63 77 94
63 78 19
63 79 38
63 80 57
63 81 91
63 82 62
63 83 4
63 84 14
63 85 89
63 86 42
63 87 82
63 88 99
63 89 89
63 90 1
63 91 68
63 92 60
63 93 56
63 94 67
63 95 67
63 96 46
63 97 24
63 98 44
63 99 93
63 100 55
63 101 23
63 102 86
63 103 25
63 104 39
63 105 16
63 106 4
63 107 60
63 108 40
63 109 64
63 110 50
63 111 8
63 112 61
63 113 46
63 114 57
63 115 5
63 116 51
63 117 66
63 118 43
63 119 18
64 65 30
64 66 31
64 67 63
64 68 69
64 69 73
64 70 67
64 71 12
64 72 22
64 73 19
64 74 7
64 75 67
64 76 43
64 77 32
64 78 85
64 79 63
64 80 21
64 81 80
64 82 39
64 83 45
64 84 95
64 85 40
64 86 31
64 87 59
64 88 99
64 89 7
64 90 77
64 91 3
64 92 56
64 93 20
64 94 99
64 95 62
64 96 2
64 97 43
64 98 32
64 99 83
64 100 50
64 101 27
64 102 15
64 103 100
64 104 24
64 105 34
64 106 8
64 107 67
64 108 15
64 109 32
64 110 53
64 111 64
64 112 60
64 113 6
64 114 8
64 115 80
64 116 67
64 117 6
64 118 76
64 119 25
65 66 56
65 67 65
65 68 35
65 69 52
65 70 63
65 71 6
65 72 24
65 73 16
65 74 11
65 75 24
65 76 92
65 77 59
65 78 64
65 79 6
65 80 72
65 81 30
65 82 42
65 83 35
65 84 40
65 85 42
65 86 2
65 87 37
65 88 92
65 89 54
65 90 43
65 91 80
65 92 78
65 93 95
65 94 87
65 95 21
65 96 83
65 97 91
65 98 36
65 99 44
65 100 25
65 101 61
65 102 61
65 103 60
65 104 67
65 105 54
65 106 32
65 107 79
65 108 10
65 109 30
65 110 25
65 111 18
65 112 100
65 113 51
65 114 21
65 115 67
65 116 65
65 117 30
65 118 100
65 119 14
66 67 19
66 68 100
66 69 71
66 70 66
66 71 10
66 72 33
66 73 67
66 74 95
66 75 70
66 76 93
66 77 1
66 78 62
66 79 87
66 80 31
66 81 27
66 82 10
66 83 83
66 84 91
66 85 10
66 86 35
66 87 20
66 88 83
66 89 94
66 90 19
66 91 55
66 92 30
66 93 73
66 94 24
66 95 58
66 96 73
66 97 85
66 98 79
66 99 22
66 100 28
66 101 83
66 102 43
66 103 100
66 104 87
66 105 92
66 106 97
66 107 13
66 108 97
66 109 92
66 110 62
66 111 50
66 112 21
66 113 22
66 114 21
66 115 91
66 116 24
66 117 46
66 118 50
66 119 63
67 68 26
67 69 2
67 70 2
67 71 58
67 72 23
67 73 15
67 74 70
67 75 23
67 76 55
67 77 22
67 78 83
67 79 94
67 80 35
67 81 13
67 82 26
67 83 21
67 84 37
67 85 53
67 86 80
67 87 91
67 88 97
67 89 56
67 90 31
67 91 4
67 92 7
67 93 23
67 94 21
67 95 61
67 96 32
67 97 91
67 98 94
67 99 67
67 100 67
67 101 27
67 102 99
67 103 53
67 104 95
67 105 63
67 106 39
67 107 46
67 108 11
67 109 94
67 110 11
67 111 21
67 112 53
67 113 38
67 114 83
67 115 13
67 116 51
67 117 38
67 118 12
67 119 71
68 69 51
68 70 4
68 71 99
68 72 27
68 73 2
68 74 97
68 75 100
68 76 48
68 77 52
68 78 73
68 79 77
68 80 25
68 81 53
68 82 33
68 83 16
68 84 96
68 85 74
68 86 13
68 87 13
68 88 89
68 89 90
68 90 12
68 91 7
68 92 44
68 93 22
68 94 92
68 95 8
68 96 79
68 97 24
68 98 17
68 99 20
68 100 61
68 101 25
68 102 53
68 103 65
68 104 23
68 105 62
68 106 89
68 107 3
68 108 63
68 109 92
68 110 48
68 111 88
68 112 8
68 113 79
68 114 20
68 115 43
68 116 73
68 117 41
68 118 61
68 119 97
69 70 47
69 71 19
69 72 50
69 73 70
69 74 3
69 75 88
69 76 26
69 77 78
69 78 69
69 79 46
69 80 54
69 81 31
69 82 21
69 83 23
69 84 59
69 85 40
69 86 65
69 87 32
69 88 48
69 89 98
69 90 90
69 91 30
69 92 33
69 93 86
69 94 78
69 95 48
69 96 88
69 97 69
69 98 13
69 99 81
69 100 91
69 101 2
69 102 9
69 103 24
69 104 81
69 105 18
69 106 53
69 107 46
69 108 49
69 109 43
69 110 48
69 111 14
69 112 83
69 113 58
69 114 37
69 115 46
69 116 16
69 117 75
69 118 84
69 119 43
70 71 60
70 72 74
70 73 61
70 74 12
70 75 2
70 76 21
70 77 53
70 78 3
70 79 21
70 80 61
70 81 33
70 82 98
70 83 68
70 84 69
70 85 88
70 86 98
70 87 61
70 88 55
70 89 80
70 90 57
70 91 61
70 92 92
70 93 75
70 94 68
70 95 65
70 96 36
70 97 84
70 98 69
70 99 79
70 100 61
70 101 25
70 102 14
70 103 34
70 104 19
70 105 5
70 106 46
70 107 4
70 108 66
70 109 64
70 110 99
70 111 61
70 112 57
70 113 78
70 114 63
70 115 24
70 116 53
70 117 53
70 118 78
70 119 48
71 72 70
71 73 64
71 74 7
71 75 58
71 76 40
71 77 46
71 78 43
71 79 52
71 80 95
71 81 16
71 82 61
71 83 88
71 84 91
71 85 40
71 86 48
71 87 6
71 88 24
71 89 22
71 90 66
71 91 68
71 92 69
71 93 33
71 94 9
71 95 62
71 96 92
71 97 96
71 98 54
71 99 45
71 100 21
71 101 75
71 102 43
71 103 72
71 104 76
71 105 35
71 106 98
71 107 52
71 108 28
71 109 85
71 110 19
71 111 94
71 112 72
71 113 13
71 114 99
71 115 20
71 116 72
71 117 1
71 118 47
71 119 37
72 73 86
72 74 50
72 75 99
72 76 91
72 77 14
72 78 47
72 79 44
72 80 62
72 81 57
72 82 67
72 83 85
72 84 28
72 85 30
72 86 58
72 87 19
72 88 74
72 89 24
72 90 28
72 91 7
72 92 2
72 93 95
72 94 38
72 95 25
72 96 96
72 97 36
72 98 63
72 99 12
72 100 70
72 101 2
72 102 70
72 103 68
72 104 76
72 105 9
72 106 46
72 107 75
72 108 11
72 109 82
72 110 62
72 111 1
72 112 23
72 113 65
72 114 85
72 115 22
72 116 92
72 117 51
72 118 77
72 119 30
73 74 50
73 75 33
73 76 98
73 77 86
73 78 84
73 79 98
73 80 67
73 81 48
73 82 79
73 83 62
73 84 10
73 85 67
73 86 56
73 87 93
73 88 66
73 89 12
73 90 20
73 91 80
73 92 23
73 93 84
73 94 97
73 95 12
73 96 60
73 97 95
73 98 85
73 99 68
73 100 46
73 101 20
73 102 88
73 103 3
73 104 32
73 105 84
73 106 43
73 107 14
73 108 13
73 109 79
73 110 53
73 111 79
73 112 48
73 113 39
73 114 34
73 115 49
73 116 67
73 117 25
73 118 78
73 119 71
74 75 51
74 76 10
74 77 57
74 78 97
74 79 79
74 80 21
74 81 96
74 82 32
74 83 40
74 84 32
74 85 43
74 86 81
74 87 47
74 88 17
74 89 92
74 90 28
74 91 92
74 92 46
74 93 83
74 94 100
74 95 27
74 96 6
74 97 66
74 98 50
74 99 87
74 100 38
74 101 72
74 102 9
74 103 25
74 104 19
74 105 78
74 106 26
74 107 69
74 108 79
74 109 14
74 110 44
74 111 15
74 112 58
74 113 14
74 114 11
74 115 70
74 116 35
74 117 92
74 118 9
74 119 68
75 76 26
75 77 56
75 78 35
75 79 82
75 80 59
75 81 91
75 82 54
75 83 55
75 84 17
75 85 15
75 86 40
75 87 64
75 88 61
75 89 52
75 90 42
75 91 1
75 92 42
75 93 23
75 94 75
75 95 94
75 96 39
75 97 36
75 98 67
75 99 34
75 100 89
75 101 2
75 102 84
75 103 27
75 104 56
75 105 28
75 106 96
75 107 13
75 108 58
75 109 26
75 110 55
75 111 5
75 112 20
75 113 17
75 114 91
75 115 18
75 116 31
75 117 74
75 118 48
75 119 14
76 77 100
76 78 86
76 79 54
76 80 25
76 81 64
76 82 39
76 83 35
76 84 9
76 85 19
76 86 78
76 87 83
76 88 93
76 89 6
76 90 14
76 91 38
76 92 27
76 93 26
76 94 9
76 95 20
76 96 54
76 97 80
76 98 11
76 99 92
76 100 14
76 101 78
76 102 87
76 103 63
76 104 11
76 105 19
76 106 47
76 107 92
76 108 38
76 109 63
76 110 65
76 111 78
76 112 58
76 113 97
76 114 30
76 115 45
76 116 90
76 117 57
76 118 66
76 119 16
77 78 49
77 79 47
77 80 29
77 81 47
77 82 74
77 83 37
77 84 96
77 85 40
77 86 82
77 87 29
77 88 3
77 89 2
77 90 23
77 91 24
77 92 10
77 93 92
77 94 9
77 95 10
77 96 72
77 97 3
77 98 46
77 99 51
77 100 97
77 101 10
77 102 81
77 103 8
77 104 69
77 105 95
77 106 12
77 107 30
77 108 13
77 109 17
77 110 65
77 111 80
77 112 66
77 113 25
77 114 92
77 115 98
77 116 40
77 117 43
77 118 8
77 119 33
78 79 63
78 80 31
78 81 77
78 82 70
78 83 10
78 84 76
78 85 97
78 86 9
78 87 44
78 88 83
78 89 82
78 90 20
78 91 8
78 92 60
78 93 50
78 94 86
78 95 60
78 96 47
78 97 45
78 98 81
78 99 49
78 100 17
78 101 21
78 102 70
78 103 87
78 104 33
78 105 84
78 106 63
78 107 6
78 108 98
78 109 56
78 110 41
78 111 95
78 112 84
78 113 81
78 114 51
78 115 33
78 116 25
78 117 10
78 118 78
78 119 72
79 80 41
79 81 35
79 82 55
79 83 91
79 84 40
79 85 69
79 86 64
79 87 62
79 88 54
79 89 36
79 90 64
79 91 84
79 92 4
79 93 94
79 94 33
79 95 82
79 96 65
79 97 96
79 98 97
79 99 96
79 100 4
79 101 2
79 102 69
79 103 6
79 104 61
79 105 28
79 106 24
79 107 42
79 108 72
79 109 56
79 110 64
79 111 20
79 112 63
79 113 40
79 114 21
79 115 81
79 116 53
79 117 69
79 118 67
79 119 68
80 81 12
80 82 92
80 83 32
80 84 34
80 85 54
80 86 65
80 87 27
80 88 98
80 89 3
80 90 3
80 91 49
80 92 27
80 93 95
80 94 69
80 95 96
80 96 71
80 97 88
80 98 1
80 99 85
80 100 19
80 101 92
80 102 81
80 103 68
80 104 74
80 105 11
80 106 12
80 107 58
80 108 68
80 109 3
80 110 71
80 111 11
80 112 37
80 113 8
80 114 93
80 115 54
80 116 78
80 117 29
80 118 19
80 119 99
81 82 40
81 83 51
81 84 25
81 85 54
81 86 67
81 87 84
81 88 48
81 89 34
81 90 72
81 91 99
81 92 83
81 93 72
81 94 5
81 95 52
81 96 56
81 97 39
81 98 40
81 99 47
81 100 3
81 101 8
81 102 30
81 103 91
81 104 78
81 105 16
81 106 16
81 107 74
81 108 90
81 109 49
81 110 77
81 111 91
81 112 30
81 113 91
81 114 34
81 115 51
81 116 36
81 117 33
81 118 48
81 119 84
82 83 96
82 84 92
82 85 52
82 86 97
82 87 19
82 88 81
82 89 48
82 90 37
82 91 99
82 92 73
82 93 77
82 94 6
82 95 5
82 96 8
82 97 20
82 98 23
82 99 70
82 100 34
82 101 90
82 102 41
82 103 81
82 104 6
82 105 41
82 106 33
82 107 3
82 108 62
82 109 57
82 110 9
82 111 35
82 112 85
82 113 53
82 114 4
82 115 89
82 116 70
82 117 1
82 118 39
82 119 18
83 84 44
83 85 83
83 86 71
83 87 98
83 88 55
83 89 61
83 90 53
83 91 34
83 92 28
83 93 58
83 94 48
83 95 87
83 96 48
83 97 79
83 98 35
83 99 68
83 100 8
83 101 48
83 102 80
83 103 51
83 104 13
83 105 98
83 106 95
83 107 16
83 108 92
83 109 97
83 110 17
83 111 90
83 112 94
83 113 29
83 114 45
83 115 14
83 116 76
83 117 39
83 118 62
83 119 8
84 85 42
84 86 4
84 87 21
84 88 77
84 89 15
84 90 81
84 91 22
84 92 39
84 93 66
84 94 69
84 95 100
84 96 8
84 97 76
84 98 84
84 99 98
84 100 16
84 101 7
84 102 66
84 103 66
84 104 76
84 105 80
84 106 70
84 107 67
84 108 50
84 109 48
84 110 5
84 111 88
84 112 14
84 113 30
84 114 54
84 115 54
84 116 98
84 117 2
84 118 1
84 119 57
85 86 79
85 87 45
85 88 9
85 89 59
85 90 70
85 91 15
85 92 40
85 93 15
85 94 64
85 95 52
85 96 36
85 97 39
85 98 70
85 99 81
85 100 47
85 101 31
85 102 25
85 103 88
85 104 22
85 105 29
85 106 83
85 107 17
85 108 57
85 109 98
85 110 80
85 111 98
85 112 64
85 113 88
85 114 76
85 115 23
85 116 15
85 117 92
85 118 45
85 119 67
86 87 80
86 88 24
86 89 62
86 90 81
86 91 85
86 92 27
86 93 18
86 94 69
86 95 4
86 96 12
86 97 45
86 98 92
86 99 33
86 100 68
86 101 49
86 102 69
86 103 53
86 104 45
86 105 21
86 106 41
86 107 96
86 108 30
86 109 94
86 110 25
86 111 2
86 112 42
86 113 77
86 114 37
86 115 66
86 116 89
86 117 41
86 118 60
86 119 58
87 88 99
87 89 28
87 90 92
87 91 91
87 92 85
87 93 66
87 94 84
87 95 75
87 96 60
87 97 81
87 98 10
87 99 9
87 100 15
87 101 25
87 102 81
87 103 89
87 104 49
87 105 70
87 106 90
87 107 30
87 108 29
87 109 13
87 110 23
87 111 94
87 112 14
87 113 35
87 114 57
87 115 34
87 116 24
87 117 15
87 118 20
87 119 26
88 89 35
88 90 25
88 91 44
88 92 49
88 93 55
88 94 57
88 95 82
88 96 92
88 97 80
88 98 28
88 99 41
88 100 38
88 101 90
88 102 24
88 103 92
88 104 85
88 105 14
88 106 7
88 107 36
88 108 17
88 109 97
88 110 18
88 111 29
88 112 20
88 113 43
88 114 96
88 115 81
88 116 43
88 117 95
88 118 92
88 119 72
89 90 100
89 91 27
89 92 17
89 93 29
89 94 70
89 95 84
89 96 95
89 97 61
89 98 76
89 99 68
89 100 58
89 101 13
89 102 69
89 103 40
89 104 89
89 105 22
89 106 14
89 107 77
89 108 64
89 109 42
89 110 39
89 111 70
89 112 13
89 113 40
89 114 50
89 115 90
89 116 93
89 117 45
89 118 37
89 119 88
90 91 54
90 92 52
90 93 100
90 94 68
90 95 1
90 96 30
90 97 18
90 98 48
90 99 71
90 100 72
90 101 55
90 102 53
90 103 64
90 104 22
90 105 16
90 106 55
90 107 11
90 108 54
90 109 59
90 110 4
90 111 4
90 112 34
90 113 96
90 114 59
90 115 50
90 116 49
90 117 51
90 118 21
90 119 43
91 92 67
91 93 35
91 94 71
91 95 70
91 96 38
91 97 13
91 98 3
91 99 75
91 100 82
91 101 13
91 102 35
91 103 54
91 104 16
91 105 37
91 106 42
91 107 73
91 108 85
91 109 7
91 110 54
91 111 82
91 112 81
91 113 69
91 114 61
91 115 23
91 116 66
91 117 6
91 118 93
91 119 16
92 93 19
92 94 16
92 95 49
92 96 46
92 97 26
92 98 66
92 99 89
92 100 8
92 101 46
92 102 15
92 103 94
92 104 46
92 105 60
92 106 98
92 107 100
92 108 34
92 109 9
92 110 56
92 111 99
92 112 3
92 113 68
92 114 9
92 115 33
92 116 78
92 117 75
92 118 30
92 119 92
93 94 91
93 95 28
93 96 38
93 97 38
93 98 76
93 99 36
93 100 92
93 101 5
93 102 69
93 103 97
93 104 59
93 105 47
93 106 89
93 107 88
93 108 11
93 109 13
93 110 33
93 111 65
93 112 45
93 113 90
93 114 34
93 115 68
93 116 85
93 117 80
93 118 98
93 119 97
94 95 53
94 96 78
94 97 46
94 98 40
94 99 13
94 100 76
94 101 78
94 102 41
94 103 79
94 104 32
94 105 96
94 106 18
94 107 97
94 108 16
94 109 78
94 110 45
94 111 13
94 112 22
94 113 26
94 114 42
94 115 20
94 116 46
94 117 72
94 118 27
94 119 10
95 96 63
95 97 71
95 98 48
95 99 51
95 100 84
95 101 20
95 102 36
95 103 93
95 104 91
95 105 83
95 106 51
95 107 98
95 108 55
95 109 81
95 110 1
95 111 96
95 112 19
95 113 53
95 114 77
95 115 43
95 116 63
95 117 9
95 118 70
95 119 28
96 97 72
96 98 56
96 99 23
96 100 65
96 101 17
96 102 69
96 103 87
96 104 87
96 105 37
96 106 28
96 107 4
96 108 44
96 109 44
96 110 77
96 111 8
96 112 29
96 113 59
96 114 30
96 115 31
96 116 10
96 117 70
96 118 17
96 119 83
97 98 28
97 99 41
97 100 15
97 101 91
97 102 9
97 103 46
97 104 44
97 105 41
97 106 34
97 107 42
97 108 27
97 109 50
97 110 4
97 111 36
97 112 29
97 113 18
97 114 63
97 115 8
97 116 55
97 117 86
97 118 72
97 119 53
98 99 82
98 100 67
98 101 59
98 102 20
98 103 74
98 104 77
98 105 86
98 106 51
98 107 31
98 108 81
98 109 50
98 110 56
98 111 8
98 112 65
98 113 45
98 114 5
98 115 27
98 116 22
98 117 78
98 118 69
98 119 73
99 100 27
99 101 29
99 102 88
99 103 19
99 104 50
99 105 70
99 106 35
99 107 2
99 108 14
99 109 65
99 110 14
99 111 63
99 112 30
99 113 39
99 114 53
99 115 82
99 116 35
99 117 6
99 118 1
99 119 63
100 101 80
100 102 34
100 103 83
100 104 79
100 105 2
100 106 90
100 107 68
100 108 27
100 109 98
100 110 96
100 111 49
100 112 46
100 113 4
100 114 54
100 115 43
100 116 65
100 117 75
100 118 42
100 119 78
101 102 84
101 103 41
101 104 83
101 105 6
101 106 70
101 107 69
101 108 61
101 109 61
101 110 21
101 111 42
101 112 65
101 113 98
101 114 54
101 115 51
101 116 6
101 117 38
101 118 94
101 119 82
102 103 70
102 104 30
102 105 2
102 106 90
102 107 75
102 108 53
102 109 19
102 110 48
102 111 47
102 112 93
102 113 31
102 114 48
102 115 66
102 116 33
102 117 86
102 118 41
102 119 1
103 104 45
103 105 96
103 106 100
103 107 6
103 108 95
103 109 12
103 110 14
103 111 68
103 112 77
103 113 47
103 114 37
103 115 27
103 116 59
103 117 20
103 118 44
103 119 73
104 105 69
104 106 9
104 107 46
104 108 74
104 109 45
104 110 18
104 111 31
104 112 28
104 113 62
104 114 2
104 115 43
104 116 82
104 117 93
104 118 99
104 119 98
105 106 43
105 107 12
105 108 51
105 109 70
105 110 68
105 111 77
105 112 17
105 113 65
105 114 10
105 115 68
105 116 11
105 117 21
105 118 57
105 119 24
106 107 24
106 108 82
106 109 29
106 110 40
106 111 19
106 112 22
106 113 34
106 114 49
106 115 12
106 116 60
106 117 80
106 118 88
106 119 98
107 108 12
107 109 17
107 110 48
107 111 40
107 112 1
107 113 88
107 114 32
107 115 3
107 116 21
107 117 34
107 118 39
107 119 28
108 109 24
108 110 11
108 111 80
108 112 10
108 113 83
108 114 76
108 115 76
108 116 88
108 117 29
108 118 74
108 119 73
109 110 44
109 111 30
109 112 71
109 113 24
109 114 100
109 115 46
109 116 23
109 117 49
109 118 20
109 119 35
110 111 3
110 112 5
110 113 57
110 114 35
110 115 68
110 116 82
110 117 23
110 118 70
110 119 19
111 112 74
111 113 2
111 114 46
111 115 94
111 116 62
111 117 31
111 118 40
111 119 53
112 113 53
112 114 58
112 115 57
112 116 5
112 117 46
112 118 99
112 119 13
113 114 48
113 115 81
113 116 91
113 117 43
113 118 32
113 119 29
114 115 36
114 116 97
114 117 74
114 118 45
114 119 27
115 116 60
115 117 18
115 118 66
115 119 100
116 117 77
116 118 36
116 119 39
117 118 58
117 119 86
118 119 34
