120 7140
0 1 45
0 2 85
0 3 67
0 4 85
0 5 65
0 6 14
0 7 30
0 8 13
0 9 35
0 10 9
0 11 25
0 12 40
0 13 55
0 14 68
0 15 85
0 16 50
0 17 6
0 18 31
0 19 31
0 20 100
0 21 57
0 22 15
0 23 30
0 24 45
0 25 15
0 26 15
0 27 100
0 28 59
0 29 80
0 30 58
0 31 56
0 32 28
0 33 98
0 34 11
0 35 36
0 36 32
0 37 91
0 38 90
0 39 92
0 40 63
0 41 6
0 42 6
0 43 80
0 44 21
0 45 32
0 46 64
0 47 87
0 48 49
0 49 70
0 50 16
0 51 84
0 52 55
0 53 43
0 54 66
0 55 47
0 56 52
0 57 49
0 58 97
0 59 14
0 60 16
0 61 67
0 62 7
0 63 94
0 64 67
0 65 16
0 66 96
0 67 67
0 68 11
0 69 19
0 70 53
0 71 100
0 72 1
0 73 54
0 74 91
0 75 69
0 76 15
0 77 95
0 78 9
0 79 34
0 80 29
0 81 60
0 82 7
0 83 52
0 84 60
0 85 16
0 86 47
0 87 51
0 88 44
0 89 81
0 90 60
0 91 68
0 92 72
0 93 27
0 94 25
0 95 33
0 96 92
0 97 67
0 98 45
0 99 72
0 100 47
0 101 75
0 102 34
0 103 73
0 104 100
0 105 85
0 106 83
0 107 97
0 108 54
0 109 7
0 110 71
0 111 99
0 112 39
0 113 69
0 114 19
0 115 39
0 116 76
0 117 67
0 118 82
0 119 74
1 2 94
1 3 96
1 4 29
1 5 32
1 6 37
1 7 48
1 8 61
1 9 12
1 10 73
1 11 35
1 12 62
1 13 51
1 14 30
1 15 74
1 16 32
1 17 37
1 18 77
1 19 98
1 20 49
1 21 69
1 22 23
1 23 85
1 24 9
1 25 37
1 26 41
1 27 88
1 28 77
1 29 81
1 30 12
1 31 22
1 32 36
1 33 95
1 34 74
1 35 55
1 36 56
1 37 92
1 38 57
1 39 19
1 40 54
1 41 28
1 42 86
1 43 99
1 44 23
1 45 55
1 46 90
1 47 70
1 48 6
1 49 71
1 50 57
1 51 100
1 52 41
1 53 6
1 54 86
1 55 70
1 56 3
1 57 70
1 58 9
1 59 89
1 60 36
1 61 20
1 62 12
1 63 10
1 64 7
1 65 83
1 66 48
1 67 42
1 68 12
1 69 24
1 70 91
1 71 60
1 72 6
1 73 61
1 74 43
1 75 32
1 76 93
1 77 81
1 78 85
1 79 51
1 80 18
1 81 38
1 82 44
1 83 86
1 84 88
1 85 26
1 86 33
1 87 25
1 88 67
1 89 83
1 90 6
1 91 40
1 92 97
1 93 5
1 94 57
1 95 56
1 96 97
1 97 10
1 98 47
1 99 22
1 100 28
1 101 36
1 102 52
1 103 18
1 104 4
1 105 81
1 106 73
1 107 49
1 108 35
1 109 69
1 110 30
1 111 92
1 112 60
1 113 81
1 114 83
1 115 80
1 116 46
1 117 14
1 118 79
1 119 67
2 3 94
2 4 56
2 5 80
2 6 69
2 7 93
2 8 22
2 9 67
2 10 5
2 11 59
2 12 32
2 13 41
2 14 29
2 15 34
2 16 83
2 17 63
2 18 24
2 19 99
2 20 77
2 21 9
2 22 52
2 23 68
2 24 30
2 25 15
2 26 6
2 27 36
2 28 25
2 29 76
2 30 59
2 31 79
2 32 14
2 33 57
2 34 4
2 35 56
2 36 14
2 37 5
2 38 32
2 39 51
2 40 15
2 41 13
2 42 92
2 43 44
2 44 76
2 45 22
2 46 54
2 47 56
2 48 67
2 49 55
2 50 58
2 51 25
2 52 81
2 53 75
2 54 94
2 55 87
2 56 17
2 57 84
2 58 1
2 59 100
2 60 15
2 61 78
2 62 94
2 63 53
2 64 37
2 65 77
2 66 14
2 67 82
2 68 37
2 69 19
2 70 75
2 71 11
2 72 86
2 73 46
2 74 97
2 75 48
2 76 41
2 77 25
2 78 33
2 79 4
2 80 36
2 81 36
2 82 93
2 83 97
2 84 82
2 85 62
2 86 95
2 87 40
2 88 93
2 89 30
2 90 69
2 91 80
2 92 100
2 93 74
2 94 27
2 95 12
2 96 88
2 97 33
2 98 23
2 99 69
2 100 86
2 101 38
2 102 16
2 103 90
2 104 28
2 105 85
2 106 98
2 107 63
2 108 45
2 109 5
2 110 94
2 111 38
2 112 78
2 113 38
2 114 25
2 115 83
2 116 61
2 117 30
2 118 92
2 119 78
3 4 7
3 5 16
3 6 46
3 7 42
3 8 17
3 9 28
3 10 60
3 11 82
3 12 27
3 13 60
3 14 2
3 15 10
3 16 80
3 17 69
3 18 59
3 19 34
3 20 99
3 21 33
3 22 60
3 23 81
3 24 67
3 25 65
3 26 72
3 27 23
3 28 12
3 29 67
3 30 34
3 31 1
3 32 34
3 33 66
3 34 78
3 35 71
3 36 24
3 37 63
3 38 26
3 39 65
3 40 37
3 41 68
3 42 83
3 43 73
3 44 89
3 45 76
3 46 29
3 47 39
3 48 85
3 49 74
3 50 87
3 51 25
3 52 66
3 53 47
3 54 1
3 55 74
3 56 47
3 57 1
3 58 95
3 59 44
3 60 35
3 61 31
3 62 43
3 63 6
3 64 53
3 65 21
3 66 69
3 67 100
3 68 3
3 69 86
3 70 6
3 71 82
3 72 92
3 73 22
3 74 79
3 75 75
3 76 99
3 77 86
3 78 14
3 79 25
3 80 44
3 81 70
3 82 18
3 83 71
3 84 6
3 85 69
3 86 4
3 87 64
3 88 57
3 89 96
3 90 88
3 91 62
3 92 89
3 93 90
3 94 3
3 95 19
3 96 42
3 97 78
3 98 17
3 99 98
3 100 84
3 101 3
3 102 73
3 103 43
3 104 95
3 105 48
3 106 20
3 107 13
3 108 99
3 109 11
3 110 14
3 111 96
3 112 91
3 113 54
3 114 49
3 115 12
3 116 25
3 117 92
3 118 31
3 119 68
4 5 62
4 6 87
4 7 33
4 8 92
4 9 64
4 10 49
4 11 37
4 12 37
4 13 76
4 14 55
4 15 38
4 16 66
4 17 37
4 18 91
4 19 60
4 20 81
4 21 9
4 22 96
4 23 48
4 24 3
4 25 17
4 26 12
4 27 85
4 28 16
4 29 88
4 30 72
4 31 9
4 32 56
4 33 83
4 34 63
4 35 61
4 36 40
4 37 31
4 38 15
4 39 96
4 40 70
4 41 61
4 42 11
4 43 64
4 44 65
4 45 8
4 46 91
4 47 55
4 48 77
4 49 97
4 50 8
4 51 53
4 52 83
4 53 93
4 54 72
4 55 65
4 56 14
4 57 68
4 58 78
4 59 86
4 60 37
4 61 62
4 62 59
4 63 78
4 64 51
4 65 59
4 66 16
4 67 74
4 68 5
4 69 85
4 70 41
4 71 96
4 72 78
4 73 34
4 74 82
4 75 48
4 76 1
4 77 54
4 78 7
4 79 90
4 80 43
4 81 51
4 82 79
4 83 8
4 84 44
4 85 2
4 86 60
4 87 36
4 88 91
4 89 47
4 90 47
4 91 43
4 92 55
4 93 4
4 94 74
4 95 100
4 96 36
4 97 66
4 98 40
4 99 16
4 100 52
4 101 59
4 102 58
4 103 88
4 104 12
4 105 67
4 106 7
4 107 2
4 108 62
4 109 2
4 110 36
4 111 75
4 112 38
4 113 26
4 114 24
4 115 78
4 116 46
4 117 88
4 118 29
4 119 13
5 6 25
5 7 90
5 8 48
5 9 53
5 10 10
5 11 12
5 12 80
5 13 86
5 14 26
5 15 89
5 16 24
5 17 25
5 18 7
5 19 47
5 20 94
5 21 71
5 22 32
5 23 35
5 24 58
5 25 10
5 26 81
5 27 80
5 28 90
5 29 66
5 30 90
5 31 40
5 32 79
5 33 21
5 34 17
5 35 44
5 36 25
5 37 5
5 38 91
5 39 52
5 40 54
5 41 17
5 42 63
5 43 56
5 44 34
5 45 68
5 46 7
5 47 28
5 48 86
5 49 69
5 50 53
5 51 62
5 52 82
5 53 21
5 54 36
5 55 17
5 56 65
5 57 57
5 58 2
5 59 16
5 60 85
5 61 98
5 62 88
5 63 49
5 64 44
5 65 40
5 66 87
5 67 79
5 68 68
5 69 94
5 70 61
5 71 40
5 72 51
5 73 78
5 74 53
5 75 65
5 76 97
5 77 74
5 78 97
5 79 16
5 80 12
5 81 67
5 82 31
5 83 49
5 84 59
5 85 29
5 86 33
5 87 73
5 88 27
5 89 12
5 90 90
5 91 50
5 92 18
5 93 91
5 94 40
5 95 87
5 96 83
5 97 4
5 98 30
5 99 57
5 100 55
5 101 33
5 102 79
5 103 31
5 104 8
5 105 74
5 106 67
5 107 93
5 108 42
5 109 95
5 110 33
5 111 20
5 112 61
5 113 54
5 114 7
5 115 76
5 116 72
5 117 56
5 118 70
5 119 5
6 7 29
6 8 75
6 9 82
6 10 35
6 11 32
6 12 46
6 13 34
6 14 64
6 15 12
6 16 45
6 17 94
6 18 85
6 19 64
6 20 4
6 21 56
6 22 60
6 23 35
6 24 34
6 25 8
6 26 78
6 27 36
6 28 65
6 29 74
6 30 18
6 31 50
6 32 92
6 33 57
6 34 40
6 35 59
6 36 44
6 37 58
6 38 17
6 39 64
6 40 1
6 41 79
6 42 64
6 43 66
6 44 11
6 45 2
6 46 88
6 47 26
6 48 26
6 49 13
6 50 6
6 51 11
6 52 8
6 53 78
6 54 66
6 55 28
6 56 93
6 57 46
6 58 20
6 59 24
6 60 39
6 61 64
6 62 7
6 63 51
6 64 45
6 65 68
6 66 7
6 67 71
6 68 69
6 69 44
6 70 3
6 71 14
6 72 96
6 73 50
6 74 1
6 75 90
6 76 88
6 77 25
6 78 19
6 79 70
6 80 27
6 81 18
6 82 62
6 83 64
6 84 94
6 85 78
6 86 96
6 87 34
6 88 29
6 89 40
6 90 11
6 91 8
6 92 64
6 93 91
6 94 6
6 95 16
6 96 30
6 97 81
6 98 71
6 99 86
6 100 32
6 101 24
6 102 28
6 103 87
6 104 63
6 105 59
6 106 17
6 107 26
6 108 58
6 109 8
6 110 57
6 111 20
6 112 39
6 113 17
6 114 83
6 115 15
6 116 58
6 117 16
6 118 46
6 119 74
7 8 83
7 9 85
7 10 51
7 11 81
7 12 6
7 13 72
7 14 37
7 15 63
7 16 30
7 17 97
7 18 11
7 19 34
7 20 93
7 21 79
7 22 96
7 23 89
7 24 40
7 25 64
7 26 80
7 27 99
7 28 36
7 29 43
7 30 15
7 31 85
7 32 95
7 33 72
7 34 35
7 35 64
7 36 97
7 37 97
7 38 89
7 39 79
7 40 55
7 41 52
7 42 43
7 43 74
7 44 49
7 45 12
7 46 68
7 47 92
7 48 21
7 49 70
7 50 43
7 51 25
7 52 24
7 53 77
7 54 2
7 55 76
7 56 68
7 57 54
7 58 24
7 59 2
7 60 32
7 61 76
7 62 84
7 63 8
7 64 38
7 65 59
7 66 25
7 67 16
7 68 97
7 69 2
7 70 50
7 71 42
7 72 99
7 73 28
7 74 28
7 75 30
7 76 50
7 77 16
7 78 5
7 79 14
7 80 80
7 81 55
7 82 20
7 83 18
7 84 57
7 85 61
7 86 48
7 87 58
7 88 95
7 89 45
7 90 86
7 91 35
7 92 96
7 93 66
7 94 98
7 95 24
7 96 57
7 97 25
7 98 7
7 99 62
7 100 18
7 101 80
7 102 47
7 103 1
7 104 63
7 105 70
7 106 37
7 107 97
7 108 44
7 109 5
7 110 91
7 111 45
7 112 93
7 113 88
7 114 38
7 115 12
7 116 32
7 117 72
7 118 2
7 119 50
8 9 30
8 10 57
8 11 49
8 12 65
8 13 68
8 14 18
8 15 90
8 16 16
8 17 87
8 18 14
8 19 10
8 20 76
8 21 64
8 22 48
8 23 18
8 24 82
8 25 76
8 26 96
8 27 43
8 28 22
8 29 41
8 30 62
8 31 87
8 32 4
8 33 30
8 34 41
8 35 27
8 36 80
8 37 80
8 38 38
8 39 57
8 40 94
8 41 62
8 42 24
8 43 56
8 44 89
8 45 98
8 46 8
8 47 38
8 48 20
8 49 83
8 50 61
8 51 35
8 52 19
8 53 16
8 54 12
8 55 87
8 56 85
8 57 84
8 58 94
8 59 83
8 60 47
8 61 46
8 62 60
8 63 35
8 64 41
8 65 37
8 66 96
8 67 26
8 68 49
8 69 78
8 70 56
8 71 29
8 72 53
8 73 92
8 74 72
8 75 40
8 76 8
8 77 65
8 78 90
8 79 33
8 80 79
8 81 88
8 82 21
8 83 4
8 84 52
8 85 15
8 86 81
8 87 75
8 88 35
8 89 33
8 90 21
8 91 3
8 92 6
8 93 32
8 94 1
8 95 8
8 96 53
8 97 68
8 98 11
8 99 47
8 100 51
8 101 11
8 102 16
8 103 39
8 104 10
8 105 78
8 106 79
8 107 77
8 108 74
8 109 5
8 110 85
8 111 77
8 112 93
8 113 71
8 114 38
8 115 14
8 116 25
8 117 8
8 118 26
8 119 16
9 10 69
9 11 58
9 12 97
9 13 84
9 14 50
9 15 62
9 16 20
9 17 91
9 18 30
9 19 85
9 20 30
9 21 65
9 22 76
9 23 67
9 24 88
9 25 90
9 26 91
9 27 58
9 28 74
9 29 53
9 30 42
9 31 30
9 32 24
9 33 16
9 34 15
9 35 91
9 36 6
9 37 28
9 38 21
9 39 84
9 40 89
9 41 91
9 42 57
9 43 35
9 44 35
9 45 86
9 46 47
9 47 88
9 48 70
9 49 3
9 50 15
9 51 43
9 52 75
9 53 58
9 54 72
9 55 6
9 56 56
9 57 80
9 58 68
9 59 77
9 60 82
9 61 69
9 62 87
9 63 65
9 64 46
9 65 23
9 66 5
9 67 38
9 68 70
9 69 32
9 70 41
9 71 66
9 72 34
9 73 18
9 74 65
9 75 7
9 76 42
9 77 49
9 78 94
9 79 93
9 80 24
9 81 98
9 82 77
9 83 28
9 84 95
9 85 9
9 86 47
9 87 61
9 88 94
9 89 88
9 90 43
9 91 31
9 92 92
9 93 54
9 94 70
9 95 2
9 96 78
9 97 34
9 98 79
9 99 12
9 100 69
9 101 30
9 102 4
9 103 42
9 104 1
9 105 11
9 106 33
9 107 59
9 108 38
9 109 80
9 110 73
9 111 85
9 112 47
9 113 24
9 114 34
9 115 47
9 116 48
9 117 9
9 118 93
9 119 45
10 11 92
10 12 38
10 13 85
10 14 11
10 15 92
10 16 78
10 17 76
10 18 57
10 19 55
10 20 47
10 21 31
10 22 20
10 23 16
10 24 35
10 25 43
10 26 20
10 27 28
10 28 39
10 29 2
10 30 42
10 31 94
10 32 72
10 33 46
10 34 70
10 35 8
10 36 76
10 37 42
10 38 8
10 39 54
10 40 26
10 41 19
10 42 89
10 43 94
10 44 85
10 45 36
10 46 51
10 47 79
10 48 27
10 49 40
10 50 25
10 51 48
10 52 69
10 53 51
10 54 6
10 55 77
10 56 48
10 57 69
10 58 65
10 59 7
10 60 58
10 61 61
10 62 83
10 63 8
10 64 28
10 65 16
10 66 72
10 67 42
10 68 79
10 69 81
10 70 59
10 71 45
10 72 54
10 73 93
10 74 16
10 75 9
10 76 29
10 77 71
10 78 85
10 79 77
10 80 31
10 81 40
10 82 35
10 83 96
10 84 22
10 85 87
10 86 68
10 87 70
10 88 1
10 89 62
10 90 91
10 91 46
10 92 80
10 93 19
10 94 20
10 95 89
10 96 19
10 97 64
10 98 9
10 99 4
10 100 1
10 101 70
10 102 6
10 103 27
10 104 5
10 105 5
10 106 69
10 107 27
10 108 97
10 109 35
10 110 62
10 111 23
10 112 77
10 113 63
10 114 8
10 115 93
10 116 34
10 117 43
10 118 77
10 119 4
11 12 36
11 13 66
11 14 51
11 15 77
11 16 57
11 17 13
11 18 79
11 19 99
11 20 36
11 21 44
11 22 65
11 23 69
11 24 11
11 25 33
11 26 19
11 27 3
11 28 49
11 29 94
11 30 76
11 31 42
11 32 49
11 33 87
11 34 100
11 35 82
11 36 28
11 37 89
11 38 46
11 39 43
11 40 62
11 41 91
11 42 99
11 43 18
11 44 72
11 45 3
11 46 77
11 47 85
11 48 35
11 49 64
11 50 64
11 51 10
11 52 17
11 53 95
11 54 77
11 55 93
11 56 34
11 57 94
11 58 87
11 59 27
11 60 15
11 61 97
11 62 46
11 63 90
11 64 89
11 65 78
11 66 75
11 67 64
11 68 96
11 69 20
11 70 90
11 71 53
11 72 7
11 73 24
11 74 38
11 75 31
11 76 27
11 77 54
11 78 96
11 79 46
11 80 30
11 81 71
11 82 85
11 83 42
11 84 96
11 85 100
11 86 49
11 87 82
11 88 35
11 89 18
11 90 55
11 91 55
11 92 69
11 93 23
11 94 18
11 95 92
11 96 80
11 97 69
11 98 9
11 99 15
11 100 32
11 101 97
11 102 67
11 103 53
11 104 84
11 105 24
11 106 85
11 107 4
11 108 3
11 109 68
11 110 32
11 111 3
11 112 81
11 113 68
11 114 99
11 115 34
11 116 13
11 117 39
11 118 91
11 119 88
12 13 33
12 14 68
12 15 95
12 16 64
12 17 23
12 18 47
12 19 22
12 20 52
12 21 34
12 22 38
12 23 25
12 24 15
12 25 15
12 26 97
12 27 21
12 28 13
12 29 46
12 30 46
12 31 38
12 32 28
12 33 62
12 34 71
12 35 70
12 36 30
12 37 39
12 38 57
12 39 32
12 40 86
12 41 9
12 42 53
12 43 25
12 44 26
12 45 93
12 46 53
12 47 56
12 48 59
12 49 40
12 50 18
12 51 85
12 52 48
12 53 77
12 54 38
12 55 91
12 56 93
12 57 5
12 58 43
12 59 71
12 60 84
12 61 94
12 62 34
12 63 91
12 64 82
12 65 2
12 66 3
12 67 29
12 68 49
12 69 51
12 70 1
12 71 6
12 72 87
12 73 42
12 74 27
12 75 68
12 76 75
12 77 95
12 78 46
12 79 6
12 80 73
12 81 50
12 82 64
12 83 69
12 84 95
12 85 2
12 86 36
12 87 79
12 88 94
12 89 55
12 90 45
12 91 65
12 92 95
12 93 55
12 94 97
12 95 1
12 96 3
12 97 98
12 98 91
12 99 92
12 100 11
12 101 84
12 102 63
12 103 100
12 104 54
12 105 78
12 106 100
12 107 70
12 108 63
12 109 68
12 110 98
12 111 43
12 112 61
12 113 73
12 114 85
12 115 100
12 116 65
12 117 11
12 118 56
12 119 17
13 14 2
13 15 82
13 16 17
13 17 25
13 18 98
13 19 73
13 20 26
13 21 38
13 22 99
13 23 89
13 24 29
13 25 61
13 26 81
13 27 93
13 28 89
13 29 25
13 30 31
13 31 11
13 32 34
13 33 87
13 34 66
13 35 65
13 36 61
13 37 41
13 38 81
13 39 22
13 40 11
13 41 82
13 42 84
13 43 57
13 44 87
13 45 70
13 46 5
13 47 11
13 48 69
13 49 47
13 50 11
13 51 23
13 52 21
13 53 35
13 54 53
13 55 43
13 56 65
13 57 5
13 58 57
13 59 13
13 60 18
13 61 24
13 62 67
13 63 42
13 64 27
13 65 10
13 66 12
13 67 24
13 68 83
13 69 41
13 70 51
13 71 34
13 72 56
13 73 11
13 74 33
13 75 15
13 76 27
13 77 81
13 78 91
13 79 52
13 80 84
13 81 82
13 82 24
13 83 70
13 84 28
13 85 30
13 86 61
13 87 79
13 88 91
13 89 55
13 90 75
13 91 41
13 92 68
13 93 56
13 94 2
13 95 17
13 96 31
13 97 54
13 98 19
13 99 81
13 100 95
13 101 51
13 102 72
13 103 73
13 104 8
13 105 60
13 106 89
13 107 64
13 108 23
13 109 24
13 110 91
13 111 8
13 112 62
13 113 48
13 114 9
13 115 36
13 116 7
13 117 53
13 118 19
13 119 93
14 15 62
14 16 2
14 17 20
14 18 74
14 19 69
14 20 38
14 21 79
14 22 55
14 23 89
14 24 20
14 25 75
14 26 38
14 27 91
14 28 57
14 29 12
14 30 47
14 31 34
14 32 41
14 33 21
14 34 59
14 35 25
14 36 90
14 37 80
14 38 95
14 39 27
14 40 16
14 41 38
14 42 61
14 43 97
14 44 58
14 45 85
14 46 33
14 47 17
14 48 90
14 49 73
14 50 13
14 51 31
14 52 80
14 53 83
14 54 79
14 55 97
14 56 13
14 57 80
14 58 4
14 59 60
14 60 59
14 61 41
14 62 1
14 63 5
14 64 6
14 65 61
14 66 16
14 67 36
14 68 67
14 69 42
14 70 45
14 71 61
14 72 55
14 73 11
14 74 23
14 75 100
14 76 47
14 77 6
14 78 7
14 79 91
14 80 26
14 81 47
14 82 87
14 83 44
14 84 70
14 85 40
14 86 96
14 87 50
14 88 22
14 89 46
14 90 73
14 91 91
14 92 36
14 93 99
14 94 78
14 95 18
14 96 93
14 97 85
14 98 67
14 99 40
14 100 73
14 101 98
14 102 42
14 103 32
14 104 44
14 105 99
14 106 1
14 107 82
14 108 32
14 109 28
14 110 23
14 111 43
14 112 71
14 113 50
14 114 33
14 115 37
14 116 8
14 117 44
14 118 20
14 119 84
15 16 77
15 17 63
15 18 16
15 19 89
15 20 7
15 21 2
15 22 39
15 23 94
15 24 56
15 25 21
15 26 35
15 27 65
15 28 43
15 29 10
15 30 80
15 31 91
15 32 20
15 33 95
15 34 79
15 35 19
15 36 89
15 37 48
15 38 80
15 39 88
15 40 20
15 41 30
15 42 97
15 43 52
15 44 96
15 45 37
15 46 29
15 47 41
15 48 69
15 49 40
15 50 33
15 51 81
15 52 83
15 53 94
15 54 63
15 55 8
15 56 58
15 57 48
15 58 75
15 59 24
15 60 57
15 61 14
15 62 96
15 63 93
15 64 69
15 65 14
15 66 60
15 67 46
15 68 94
15 69 63
15 70 37
15 71 50
15 72 96
15 73 96
15 74 12
15 75 24
15 76 1
15 77 74
15 78 33
15 79 69
15 80 8
15 81 97
15 82 97
15 83 24
15 84 55
15 85 77
15 86 38
15 87 86
15 88 32
15 89 30
15 90 90
15 91 17
15 92 88
15 93 100
15 94 96
15 95 58
15 96 79
15 97 69
15 98 7
15 99 89
15 100 87
15 101 36
15 102 31
15 103 6
15 104 50
15 105 37
15 106 31
15 107 29
15 108 100
15 109 46
15 110 68
15 111 21
15 112 99
15 113 84
15 114 57
15 115 95
15 116 39
15 117 91
15 118 22
15 119 34
16 17 91
16 18 68
16 19 7
16 20 61
16 21 37
16 22 7
16 23 39
16 24 62
16 25 46
16 26 53
16 27 84
16 28 29
16 29 9
16 30 16
16 31 55
16 32 62
16 33 78
16 34 23
16 35 10
16 36 53
16 37 51
16 38 26
16 39 56
16 40 30
16 41 1
16 42 88
16 43 70
16 44 69
16 45 39
16 46 84
16 47 50
16 48 48
16 49 62
16 50 73
16 51 5
16 52 97
16 53 7
16 54 22
16 55 72
16 56 85
16 57 15
16 58 60
16 59 33
16 60 73
16 61 7
16 62 91
16 63 57
16 64 21
16 65 71
16 66 64
16 67 63
16 68 47
16 69 71
16 70 16
16 71 98
16 72 46
16 73 82
16 74 14
16 75 100
16 76 8
16 77 60
16 78 33
16 79 66
16 80 20
16 81 7
16 82 85
16 83 41
16 84 4
16 85 97
16 86 64
16 87 58
16 88 37
16 89 50
16 90 13
16 91 55
16 92 40
16 93 68
16 94 49
16 95 47
16 96 18
16 97 78
16 98 99
16 99 98
16 100 51
16 101 35
16 102 46
16 103 73
16 104 86
16 105 80
16 106 81
16 107 73
16 108 56
16 109 76
16 110 79
16 111 76
16 112 69
16 113 37
16 114 71
16 115 69
16 116 89
16 117 21
16 118 74
16 119 8
17 18 59
17 19 35
17 20 4
17 21 74
17 22 59
17 23 50
17 24 69
17 25 48
17 26 36
17 27 10
17 28 33
17 29 57
17 30 2
17 31 100
17 32 62
17 33 9
17 34 30
17 35 10
17 36 85
17 37 51
17 38 10
17 39 77
17 40 21
17 41 30
17 42 95
17 43 93
17 44 83
17 45 14
17 46 90
17 47 48
17 48 54
17 49 61
17 50 75
17 51 27
17 52 89
17 53 24
17 54 26
17 55 67
17 56 63
17 57 39
17 58 100
17 59 62
17 60 86
17 61 48
17 62 18
17 63 89
17 64 80
17 65 51
17 66 62
17 67 32
17 68 84
17 69 28
17 70 21
17 71 15
17 72 30
17 73 54
17 74 1
17 75 86
17 76 59
17 77 58
17 78 55
17 79 37
17 80 57
17 81 24
17 82 44
17 83 20
17 84 53
17 85 18
17 86 79
17 87 38
17 88 53
17 89 25
17 90 97
17 91 54
17 92 9
17 93 30
17 94 93
17 95 60
17 96 89
17 97 46
17 98 36
17 99 96
17 100 79
17 101 21
17 102 19
17 103 29
17 104 44
17 105 29
17 106 90
17 107 70
17 108 69
17 109 33
17 110 81
17 111 62
17 112 14
17 113 10
17 114 6
17 115 76
17 116 89
17 117 39
17 118 26
17 119 8
18 19 5
18 20 41
18 21 5
18 22 63
18 23 55
18 24 1
18 25 50
18 26 43
18 27 6
18 28 62
18 29 7
18 30 68
18 31 22
18 32 46
18 33 46
18 34 93
18 35 51
18 36 10
18 37 15
18 38 61
18 39 73
18 40 64
18 41 90
18 42 55
18 43 18
18 44 85
18 45 78
18 46 99
18 47 88
18 48 60
18 49 3
18 50 19
18 51 69
18 52 10
18 53 100
18 54 91
18 55 69
18 56 37
18 57 59
18 58 78
18 59 51
18 60 58
18 61 79
18 62 97
18 63 25
18 64 88
18 65 43
18 66 10
18 67 94
18 68 69
18 69 73
18 70 7
18 71 3
18 72 54
18 73 78
18 74 100
18 75 28
18 76 72
18 77 98
18 78 53
18 79 85
18 80 80
18 81 51
18 82 49
18 83 78
18 84 53
18 85 8
18 86 69
18 87 98
18 88 84
18 89 73
18 90 16
18 91 96
18 92 62
18 93 25
18 94 64
18 95 48
18 96 32
18 97 98
18 98 36
18 99 97
18 100 24
18 101 85
18 102 11
18 103 75
18 104 72
18 105 3
18 106 47
18 107 98
18 108 80
18 109 26
18 110 59
18 111 5
18 112 4
18 113 10
18 114 67
18 115 59
18 116 3
18 117 72
18 118 54
18 119 21
19 20 6
19 21 34
19 22 27
19 23 43
19 24 13
19 25 100
19 26 59
19 27 44
19 28 31
19 29 51
19 30 95
19 31 83
19 32 81
19 33 26
19 34 89
19 35 79
19 36 37
19 37 21
19 38 61
19 39 64
19 40 56
19 41 36
19 42 6
19 43 14
19 44 25
19 45 72
19 46 36
19 47 18
19 48 62
19 49 82
19 50 79
19 51 60
19 52 46
19 53 89
19 54 79
19 55 37
19 56 27
19 57 92
19 58 48
19 59 43
19 60 48
19 61 95
19 62 63
19 63 83
19 64 85
19 65 68
19 66 5
19 67 66
19 68 94
19 69 72
19 70 70
19 71 71
19 72 14
19 73 31
19 74 19
19 75 53
19 76 12
19 77 100
19 78 30
19 79 100
19 80 98
19 81 79
19 82 6
19 83 50
19 84 21
19 85 12
19 86 75
19 87 20
19 88 59
19 89 18
19 90 74
19 91 100
19 92 75
19 93 25
19 94 25
19 95 43
19 96 5
19 97 58
19 98 97
19 99 100
19 100 5
19 101 61
19 102 3
19 103 78
19 104 100
19 105 91
19 106 92
19 107 77
19 108 48
19 109 56
19 110 7
19 111 82
19 112 15
19 113 12
19 114 50
19 115 17
19 116 11
19 117 29
19 118 20
19 119 42
20 21 6
20 22 98
20 23 42
20 24 55
20 25 90
20 26 61
20 27 22
20 28 31
20 29 89
20 30 32
20 31 35
20 32 70
20 33 59
20 34 23
20 35 24
20 36 65
20 37 55
20 38 60
20 39 63
20 40 46
20 41 53
20 42 60
20 43 18
20 44 56
20 45 25
20 46 67
20 47 86
20 48 42
20 49 89
20 50 3
20 51 96
20 52 33
20 53 64
20 54 18
20 55 80
20 56 89
20 57 6
20 58 99
20 59 41
20 60 43
20 61 31
20 62 34
20 63 99
20 64 93
20 65 32
20 66 3
20 67 5
20 68 55
20 69 50
20 70 71
20 71 44
20 72 36
20 73 15
20 74 35
20 75 100
20 76 96
20 77 3
20 78 8
20 79 59
20 80 92
20 81 61
20 82 55
20 83 64
20 84 84
20 85 19
20 86 67
20 87 96
20 88 86
20 89 70
20 90 80
20 91 64
20 92 84
20 93 23
20 94 20
20 95 8
20 96 55
20 97 43
20 98 67
20 99 63
20 100 85
20 101 54
20 102 62
20 103 72
20 104 74
20 105 81
20 106 77
20 107 20
20 108 11
20 109 44
20 110 59
20 111 83
20 112 11
20 113 31
20 114 92
20 115 20
20 116 62
20 117 64
20 118 14
20 119 42
21 22 39
21 23 81
21 24 67
21 25 25
21 26 36
21 27 86
21 28 14
21 29 48
21 30 3
21 31 48
21 32 10
21 33 38
21 34 66
21 35 23
21 36 82
21 37 10
21 38 71
21 39 26
21 40 37
21 41 10
21 42 91
21 43 91
21 44 44
21 45 11
21 46 47
21 47 47
21 48 89
21 49 34
21 50 45
21 51 71
21 52 97
21 53 37
21 54 88
21 55 90
21 56 26
21 57 95
21 58 33
21 59 73
21 60 71
21 61 15
21 62 98
21 63 34
21 64 65
21 65 10
21 66 90
21 67 31
21 68 94
21 69 52
21 70 87
21 71 80
21 72 10
21 73 62
21 74 6
21 75 44
21 76 5
21 77 39
21 78 83
21 79 69
21 80 76
21 81 53
21 82 10
21 83 34
21 84 74
21 85 10
21 86 28
21 87 83
21 88 48
21 89 42
21 90 87
21 91 87
21 92 7
21 93 76
21 94 38
21 95 31
21 96 38
21 97 34
21 98 33
21 99 97
21 100 47
21 101 32
21 102 25
21 103 13
21 104 1
21 105 62
21 106 2
21 107 96
21 108 66
21 109 38
21 110 42
21 111 100
21 112 9
21 113 100
21 114 1
21 115 88
21 116 50
21 117 68
21 118 39
21 119 46
22 23 79
22 24 64
22 25 25
22 26 80
22 27 37
22 28 16
22 29 60
22 30 46
22 31 48
22 32 88
22 33 48
22 34 79
22 35 91
22 36 38
22 37 78
22 38 48
22 39 86
22 40 25
22 41 28
22 42 46
22 43 17
22 44 92
22 45 60
22 46 49
22 47 26
22 48 66
22 49 8
22 50 65
22 51 27
22 52 25
22 53 47
22 54 19
22 55 32
22 56 70
22 57 70
22 58 59
22 59 10
22 60 10
22 61 40
22 62 84
22 63 47
22 64 77
22 65 12
22 66 29
22 67 8
22 68 26
22 69 31
22 70 59
22 71 34
22 72 43
22 73 82
22 74 58
22 75 19
22 76 53
22 77 29
22 78 16
22 79 20
22 80 97
22 81 42
22 82 57
22 83 96
22 84 35
22 85 100
22 86 70
22 87 34
22 88 19
22 89 89
22 90 8
22 91 43
22 92 43
22 93 44
22 94 28
22 95 65
22 96 92
22 97 35
22 98 31
22 99 50
22 100 65
22 101 8
22 102 30
22 103 36
22 104 91
22 105 11
22 106 21
22 107 8
22 108 58
22 109 59
22 110 6
22 111 63
22 112 63
22 113 85
22 114 66
22 115 81
22 116 2
22 117 31
22 118 10
22 119 100
23 24 71
23 25 8
23 26 34
23 27 77
23 28 75
23 29 55
23 30 98
23 31 11
23 32 92
23 33 68
23 34 9
23 35 80
23 36 90
23 37 29
23 38 93
23 39 14
23 40 17
23 41 17
23 42 64
23 43 7
23 44 35
23 45 36
23 46 48
23 47 68
23 48 86
23 49 62
23 50 24
23 51 72
23 52 70
23 53 9
23 54 11
23 55 30
23 56 74
23 57 71
23 58 94
23 59 9
23 60 1
23 61 73
23 62 49
23 63 31
23 64 24
23 65 88
23 66 46
23 67 65
23 68 7
23 69 1
23 70 65
23 71 7
23 72 94
23 73 92
23 74 8
23 75 30
23 76 57
23 77 3
23 78 89
23 79 40
23 80 5
23 81 38
23 82 25
23 83 24
23 84 7
23 85 58
23 86 17
23 87 19
23 88 92
23 89 4
23 90 1
23 91 76
23 92 17
23 93 95
23 94 44
23 95 25
23 96 42
23 97 99
23 98 94
23 99 38
23 100 42
23 101 58
23 102 62
23 103 58
23 104 49
23 105 25
23 106 50
23 107 22
23 108 8
23 109 64
23 110 9
23 111 84
23 112 58
23 113 9
23 114 81
23 115 26
23 116 35
23 117 67
23 118 67
23 119 7
24 25 42
24 26 98
24 27 95
24 28 94
24 29 79
24 30 20
24 31 74
24 32 40
24 33 95
24 34 74
24 35 9
24 36 96
24 37 22
24 38 34
24 39 89
24 40 47
24 41 68
24 42 27
24 43 38
24 44 70
24 45 78
24 46 13
24 47 85
24 48 82
24 49 95
24 50 73
24 51 57
24 52 54
24 53 28
24 54 97
24 55 20
24 56 38
24 57 92
24 58 94
24 59 13
24 60 62
24 61 79
24 62 15
24 63 11
24 64 95
24 65 5
24 66 60
24 67 45
24 68 45
24 69 10
24 70 43
24 71 34
24 72 28
24 73 72
24 74 51
24 75 65
24 76 90
24 77 94
24 78 16
24 79 23
24 80 44
24 81 32
24 82 29
24 83 86
24 84 44
24 85 19
24 86 21
24 87 99
24 88 41
24 89 53
24 90 96
24 91 36
24 92 70
24 93 38
24 94 43
24 95 78
24 96 31
24 97 29
24 98 15
24 99 62
24 100 1
24 101 89
24 102 6
24 103 55
24 104 72
24 105 87
24 106 93
24 107 20
24 108 15
24 109 100
24 110 43
24 111 82
24 112 91
24 113 27
24 114 96
24 115 4
24 116 100
24 117 5
24 118 53
24 119 74
25 26 75
25 27 19
25 28 28
25 29 90
25 30 38
25 31 79
25 32 69
25 33 97
25 34 81
25 35 77
25 36 49
25 37 5
25 38 45
25 39 92
25 40 36
25 41 83
25 42 88
25 43 48
25 44 62
25 45 98
25 46 21
25 47 4
25 48 24
25 49 57
25 50 14
25 51 89
25 52 25
25 53 97
25 54 10
25 55 69
25 56 27
25 57 4
25 58 37
25 59 40
25 60 77
25 61 3
25 62 9
25 63 85
25 64 11
25 65 39
25 66 30
25 67 10
25 68 68
25 69 85
25 70 17
25 71 99
25 72 77
25 73 79
25 74 58
25 75 86
25 76 51
25 77 30
25 78 88
25 79 20
25 80 4
25 81 37
25 82 38
25 83 12
25 84 13
25 85 70
25 86 43
25 87 82
25 88 79
25 89 48
25 90 50
25 91 95
25 92 21
25 93 11
25 94 15
25 95 64
25 96 20
25 97 42
25 98 83
25 99 78
25 100 7
25 101 13
25 102 55
25 103 19
25 104 53
25 105 48
25 106 31
25 107 43
25 108 85
25 109 76
25 110 5
25 111 6
25 112 50
25 113 47
25 114 28
25 115 14
25 116 24
25 117 25
25 118 25
25 119 20
26 27 47
26 28 17
26 29 62
26 30 13
26 31 79
26 32 75
26 33 46
26 34 16
26 35 32
26 36 73
26 37 77
26 38 79
26 39 64
26 40 84
26 41 27
26 42 91
26 43 32
26 44 11
26 45 73
26 46 1
26 47 79
26 48 16
26 49 99
26 50 10
26 51 44
26 52 29
26 53 23
26 54 79
26 55 40
26 56 53
26 57 47
26 58 86
26 59 1
26 60 84
26 61 98
26 62 54
26 63 1
26 64 40
26 65 100
26 66 67
26 67 43
26 68 72
26 69 19
26 70 41
26 71 67
26 72 13
26 73 92
26 74 97
26 75 30
26 76 14
26 77 97
26 78 46
26 79 97
26 80 42
26 81 9
26 82 44
26 83 69
26 84 28
26 85 5
26 86 33
26 87 68
26 88 67
26 89 43
26 90 90
26 91 32
26 92 57
26 93 1
26 94 42
26 95 93
26 96 9
26 97 55
26 98 1
26 99 99
26 100 63
26 101 33
26 102 24
26 103 95
26 104 34
26 105 19
26 106 20
26 107 25
26 108 4
26 109 85
26 110 47
26 111 2
26 112 33
26 113 5
26 114 43
26 115 91
26 116 13
26 117 4
26 118 5
26 119 51
27 28 7
27 29 50
27 30 41
27 31 55
27 32 6
27 33 5
27 34 20
27 35 6
27 36 20
27 37 72
27 38 24
27 39 94
27 40 65
27 41 60
27 42 76
27 43 18
27 44 95
27 45 13
27 46 11
27 47 47
27 48 93
27 49 77
27 50 82
27 51 5
27 52 70
27 53 89
27 54 92
27 55 55
27 56 71
27 57 63
27 58 98
27 59 68
27 60 67
27 61 83
27 62 2
27 63 21
27 64 82
27 65 48
27 66 35
27 67 14
27 68 26
27 69 2
27 70 79
27 71 10
27 72 81
27 73 54
27 74 17
27 75 90
27 76 20
27 77 50
27 78 33
27 79 73
27 80 23
27 81 19
27 82 59
27 83 4
27 84 6
27 85 57
27 86 32
27 87 71
27 88 99
27 89 54
27 90 6
27 91 91
27 92 48
27 93 38
27 94 88
27 95 46
27 96 28
27 97 69
27 98 67
27 99 26
27 100 23
27 101 48
27 102 50
27 103 25
27 104 17
27 105 88
27 106 19
27 107 13
27 108 66
27 109 12
27 110 96
27 111 24
27 112 49
27 113 74
27 114 67
27 115 99
27 116 66
27 117 2
27 118 99
27 119 49
28 29 54
28 30 100
28 31 28
28 32 52
28 33 48
28 34 30
28 35 59
28 36 1
28 37 33
28 38 39
28 39 8
28 40 18
28 41 17
28 42 70
28 43 21
28 44 96
28 45 39
28 46 63
28 47 11
28 48 77
28 49 82
28 50 54
28 51 87
28 52 10
28 53 88
28 54 74
28 55 98
28 56 25
28 57 38
28 58 44
28 59 19
28 60 34
28 61 25
28 62 65
28 63 62
28 64 30
28 65 89
28 66 22
28 67 20
28 68 9
28 69 34
28 70 7
28 71 81
28 72 53
28 73 14
28 74 52
28 75 61
28 76 60
28 77 78
28 78 89
28 79 73
28 80 54
28 81 97
28 82 12
28 83 100
28 84 95
28 85 70
28 86 2
28 87 60
28 88 95
28 89 63
28 90 64
28 91 55
28 92 93
28 93 15
28 94 30
28 95 67
28 96 53
28 97 82
28 98 83
28 99 36
28 100 39
28 101 19
28 102 12
28 103 95
28 104 69
28 105 73
28 106 91
28 107 58
28 108 98
28 109 76
28 110 31
28 111 90
28 112 47
28 113 23
28 114 47
28 115 77
28 116 40
28 117 13
28 118 99
28 119 22
29 30 80
29 31 22
29 32 55
29 33 55
29 34 22
29 35 94
29 36 73
29 37 89
29 38 78
29 39 80
29 40 77
29 41 80
29 42 53
29 43 27
29 44 86
29 45 65
29 46 23
29 47 71
29 48 5
29 49 35
29 50 32
29 51 7
29 52 69
29 53 18
29 54 64
29 55 57
29 56 74
29 57 25
29 58 52
29 59 83
29 60 34
29 61 10
29 62 63
29 63 19
29 64 1
29 65 16
29 66 55
29 67 42
29 68 47
29 69 42
29 70 71
29 71 88
29 72 85
29 73 84
29 74 49
29 75 100
29 76 29
29 77 85
29 78 48
29 79 93
29 80 79
29 81 90
29 82 31
29 83 45
29 84 77
29 85 4
29 86 49
29 87 16
29 88 39
29 89 29
29 90 59
29 91 96
29 92 45
29 93 46
29 94 63
29 95 51
29 96 37
29 97 48
29 98 60
29 99 84
29 100 43
29 101 23
29 102 28
29 103 82
29 104 42
29 105 47
29 106 39
29 107 2
29 108 24
29 109 90
29 110 1
29 111 89
29 112 47
29 113 25
29 114 2
29 115 83
29 116 46
29 117 14
29 118 7
29 119 70
30 31 32
30 32 9
30 33 50
30 34 100
30 35 19
30 36 45
30 37 55
30 38 94
30 39 70
30 40 78
30 41 99
30 42 78
30 43 44
30 44 52
30 45 91
30 46 97
30 47 61
30 48 38
30 49 7
30 50 19
30 51 14
30 52 88
30 53 100
30 54 63
30 55 46
30 56 86
30 57 54
30 58 91
30 59 33
30 60 36
30 61 5
30 62 7
30 63 74
30 64 38
30 65 30
30 66 20
30 67 25
30 68 31
30 69 22
30 70 68
30 71 5
30 72 77
30 73 70
30 74 2
30 75 30
30 76 34
30 77 14
30 78 61
30 79 76
30 80 22
30 81 95
30 82 93
30 83 72
30 84 21
30 85 75
30 86 96
30 87 23
30 88 8
30 89 58
30 90 83
30 91 20
30 92 8
30 93 41
30 94 84
30 95 62
30 96 91
30 97 84
30 98 40
30 99 54
30 100 79
30 101 58
30 102 95
30 103 4
30 104 19
30 105 37
30 106 54
30 107 46
30 108 88
30 109 7
30 110 76
30 111 5
30 112 35
30 113 89
30 114 40
30 115 50
30 116 52
30 117 21
30 118 73
30 119 97
31 32 54
31 33 80
31 34 49
31 35 66
31 36 99
31 37 91
31 38 17
31 39 42
31 40 83
31 41 91
31 42 87
31 43 1
31 44 85
31 45 36
31 46 40
31 47 44
31 48 62
31 49 64
31 50 12
31 51 97
31 52 50
31 53 77
31 54 22
31 55 54
31 56 8
31 57 51
31 58 78
31 59 45
31 60 61
31 61 24
31 62 35
31 63 60
31 64 65
31 65 80
31 66 65
31 67 43
31 68 77
31 69 9
31 70 76
31 71 69
31 72 31
31 73 45
31 74 79
31 75 12
31 76 65
31 77 32
31 78 64
31 79 70
31 80 6
31 81 93
31 82 86
31 83 80
31 84 6
31 85 5
31 86 67
31 87 16
31 88 13
31 89 62
31 90 5
31 91 72
31 92 41
31 93 82
31 94 54
31 95 41
31 96 9
31 97 2
31 98 87
31 99 7
31 100 76
31 101 82
31 102 65
31 103 100
31 104 48
31 105 64
31 106 38
31 107 39
31 108 68
31 109 88
31 110 97
31 111 14
31 112 7
31 113 89
31 114 9
31 115 40
31 116 83
31 117 33
31 118 85
31 119 44
32 33 13
32 34 94
32 35 80
32 36 86
32 37 27
32 38 53
32 39 78
32 40 8
32 41 36
32 42 94
32 43 19
32 44 26
32 45 33
32 46 18
32 47 21
32 48 53
32 49 56
32 50 15
32 51 77
32 52 18
32 53 86
32 54 79
32 55 2
32 56 11
32 57 90
32 58 49
32 59 36
32 60 88
32 61 30
32 62 7
32 63 32
32 64 85
32 65 52
32 66 49
32 67 33
32 68 31
32 69 25
32 70 39
32 71 41
32 72 57
32 73 65
32 74 82
32 75 61
32 76 6
32 77 52
32 78 94
32 79 61
32 80 89
32 81 3
32 82 2
32 83 16
32 84 79
32 85 50
32 86 37
32 87 98
32 88 36
32 89 10
32 90 47
32 91 74
32 92 88
32 93 23
32 94 85
32 95 13
32 96 11
32 97 63
32 98 1
32 99 86
32 100 42
32 101 70
32 102 23
32 103 66
32 104 35
32 105 17
32 106 54
32 107 26
32 108 9
32 109 100
32 110 21
32 111 70
32 112 98
32 113 96
32 114 57
32 115 90
32 116 84
32 117 58
32 118 97
32 119 48
33 34 24
33 35 38
33 36 5
33 37 62
33 38 58
33 39 6
33 40 74
33 41 47
33 42 28
33 43 13
33 44 81
33 45 31
33 46 72
33 47 67
33 48 25
33 49 83
33 50 38
33 51 20
33 52 94
33 53 41
33 54 58
33 55 42
33 56 12
33 57 6
33 58 24
33 59 83
33 60 6
33 61 39
33 62 75
33 63 46
33 64 39
33 65 87
33 66 73
33 67 44
33 68 60
33 69 15
33 70 99
33 71 15
33 72 24
33 73 93
33 74 36
33 75 22
33 76 77
33 77 13
33 78 58
33 79 5
33 80 38
33 81 9
33 82 79
33 83 32
33 84 47
33 85 84
33 86 62
33 87 70
33 88 96
33 89 86
33 90 95
33 91 3
33 92 72
33 93 49
33 94 74
33 95 69
33 96 3
33 97 58
33 98 22
33 99 4
33 100 43
33 101 72
33 102 66
33 103 32
33 104 87
33 105 100
33 106 72
33 107 90
33 108 88
33 109 96
33 110 28
33 111 21
33 112 54
33 113 14
33 114 73
33 115 17
33 116 17
33 117 94
33 118 36
33 119 76
34 35 81
34 36 68
34 37 26
34 38 56
34 39 9
34 40 17
34 41 25
34 42 87
34 43 31
34 44 11
34 45 13
34 46 77
34 47 84
34 48 51
34 49 65
34 50 74
34 51 68
34 52 22
34 53 47
34 54 100
34 55 92
34 56 84
34 57 53
34 58 50
34 59 5
34 60 13
34 61 13
34 62 90
34 63 96
34 64 4
34 65 46
34 66 26
34 67 43
34 68 16
34 69 60
34 70 81
34 71 58
34 72 16
34 73 65
34 74 67
34 75 40
34 76 90
34 77 43
34 78 43
34 79 94
34 80 69
34 81 77
34 82 39
34 83 38
34 84 10
34 85 64
34 86 21
34 87 96
34 88 47
34 89 67
34 90 63
34 91 49
34 92 35
34 93 18
34 94 90
34 95 13
34 96 72
34 97 76
34 98 69
34 99 57
34 100 84
34 101 93
34 102 23
34 103 94
34 104 55
34 105 21
34 106 90
34 107 69
34 108 76
34 109 88
34 110 10
34 111 18
34 112 6
34 113 17
34 114 21
34 115 64
34 116 88
34 117 23
34 118 75
34 119 39
35 36 93
35 37 21
35 38 71
35 39 26
35 40 57
35 41 3
35 42 9
35 43 45
35 44 36
35 45 24
35 46 57
35 47 1
35 48 13
35 49 76
35 50 80
35 51 50
35 52 27
35 53 36
35 54 81
35 55 66
35 56 87
35 57 34
35 58 10
35 59 26
35 60 86
35 61 65
35 62 1
35 63 3
35 64 100
35 65 23
35 66 9
35 67 70
35 68 23
35 69 99
35 70 44
35 71 18
35 72 23
35 73 86
35 74 49
35 75 39
35 76 30
35 77 85
35 78 46
35 79 62
35 80 69
35 81 86
35 82 11
35 83 41
35 84 26
35 85 88
35 86 70
35 87 31
35 88 25
35 89 3
35 90 93
35 91 22
35 92 33
35 93 54
35 94 69
35 95 98
35 96 2
35 97 79
35 98 39
35 99 22
35 100 50
35 101 26
35 102 40
35 103 15
35 104 11
35 105 96
35 106 8
35 107 19
35 108 74
35 109 52
35 110 14
35 111 37
35 112 42
35 113 26
35 114 99
35 115 86
35 116 83
35 117 22
35 118 64
35 119 16
36 37 39
36 38 60
36 39 11
36 40 80
36 41 89
36 42 50
36 43 91
36 44 21
36 45 7
36 46 67
36 47 62
36 48 55
36 49 76
36 50 57
36 51 14
36 52 36
36 53 6
36 54 2
36 55 1
36 56 73
36 57 23
36 58 50
36 59 89
36 60 42
36 61 67
36 62 42
36 63 4
36 64 76
36 65 60
36 66 32
36 67 81
36 68 1
36 69 77
36 70 36
36 71 68
36 72 28
36 73 69
36 74 1
36 75 24
36 76 15
36 77 16
36 78 34
36 79 34
36 80 70
36 81 16
36 82 7
36 83 1
36 84 56
36 85 28
36 86 55
36 87 23
36 88 57
36 89 44
36 90 76
36 91 42
36 92 94
36 93 100
36 94 99
36 95 97
36 96 2
36 97 75
36 98 71
36 99 21
36 100 14
36 101 3
36 102 37
36 103 86
36 104 72
36 105 2
36 106 55
36 107 92
36 108 23
36 109 4
36 110 10
36 111 6
36 112 67
36 113 18
36 114 22
36 115 85
36 116 11
36 117 32
36 118 27
36 119 46
37 38 48
37 39 26
37 40 18
37 41 1
37 42 60
37 43 73
37 44 93
37 45 76
37 46 2
37 47 59
37 48 31
37 49 81
37 50 57
37 51 53
37 52 46
37 53 52
37 54 30
37 55 75
37 56 55
37 57 92
37 58 12
37 59 46
37 60 12
37 61 90
37 62 3
37 63 17
37 64 87
37 65 77
37 66 85
37 67 52
37 68 71
37 69 98
37 70 30
37 71 63
37 72 36
37 73 84
37 74 67
37 75 18
37 76 79
37 77 20
37 78 44
37 79 64
37 80 85
37 81 75
37 82 66
37 83 34
37 84 38
37 85 51
37 86 40
37 87 4
37 88 41
37 89 26
37 90 10
37 91 97
37 92 81
37 93 91
37 94 32
37 95 94
37 96 16
37 97 17
37 98 20
37 99 38
37 100 75
37 101 24
37 102 4
37 103 14
37 104 17
37 105 64
37 106 87
37 107 38
37 108 87
37 109 45
37 110 7
37 111 66
37 112 62
37 113 50
37 114 32
37 115 76
37 116 76
37 117 89
37 118 34
37 119 85
38 39 83
38 40 14
38 41 67
38 42 94
38 43 29
38 44 67
38 45 90
38 46 80
38 47 42
38 48 60
38 49 69
38 50 39
38 51 15
38 52 83
38 53 75
38 54 32
38 55 95
38 56 26
38 57 98
38 58 41
38 59 4
38 60 86
38 61 57
38 62 85
38 63 25
38 64 87
38 65 58
38 66 33
38 67 92
38 68 78
38 69 89
38 70 46
38 71 2
38 72 14
38 73 55
38 74 48
38 75 64
38 76 74
38 77 11
38 78 10
38 79 85
38 80 91
38 81 63
38 82 38
38 83 98
38 84 81
38 85 14
38 86 22
38 87 28
38 88 63
38 89 63
38 90 43
38 91 39
38 92 64
38 93 34
38 94 81
38 95 52
38 96 66
38 97 21
38 98 4
38 99 53
38 100 60
38 101 68
38 102 17
38 103 43
38 104 42
38 105 74
38 106 71
38 107 45
38 108 49
38 109 50
38 110 58
38 111 52
38 112 33
38 113 41
38 114 27
38 115 100
38 116 64
38 117 58
38 118 2
38 119 10
39 40 5
39 41 6
39 42 67
39 43 92
39 44 70
39 45 3
39 46 11
39 47 66
39 48 86
39 49 69
39 50 43
39 51 45
39 52 25
39 53 98
39 54 18
39 55 31
39 56 14
39 57 87
39 58 25
39 59 79
39 60 9
39 61 68
39 62 56
39 63 58
39 64 45
39 65 82
39 66 15
39 67 57
39 68 69
39 69 27
39 70 68
39 71 95
39 72 100
39 73 6
39 74 72
39 75 24
39 76 92
39 77 35
39 78 78
39 79 1
39 80 22
39 81 39
39 82 36
39 83 87
39 84 4
39 85 99
39 86 100
39 87 60
39 88 80
39 89 82
39 90 30
39 91 74
39 92 24
39 93 68
39 94 38
39 95 68
39 96 99
39 97 37
39 98 61
39 99 12
39 100 83
39 101 88
39 102 47
39 103 99
39 104 4
39 105 2
39 106 61
39 107 8
39 108 74
39 109 81
39 110 61
39 111 83
39 112 24
39 113 17
39 114 35
39 115 83
39 116 19
39 117 57
39 118 89
39 119 54
40 41 26
40 42 91
40 43 34
40 44 95
40 45 26
40 46 90
40 47 66
40 48 15
40 49 8
40 50 16
40 51 15
40 52 76
40 53 67
40 54 90
40 55 53
40 56 19
40 57 9
40 58 77
40 59 31
40 60 90
40 61 48
40 62 52
40 63 76
40 64 19
40 65 22
40 66 84
40 67 63
40 68 68
40 69 71
40 70 60
40 71 26
40 72 89
40 73 76
40 74 92
40 75 28
40 76 68
40 77 76
40 78 13
40 79 35
40 80 2
40 81 34
40 82 10
40 83 26
40 84 86
40 85 92
40 86 44
40 87 2
40 88 92
40 89 72
40 90 42
40 91 68
40 92 92
40 93 28
40 94 64
40 95 77
40 96 86
40 97 97
40 98 69
40 99 80
40 100 17
40 101 88
40 102 89
40 103 79
40 104 21
40 105 4
40 106 26
40 107 65
40 108 7
40 109 82
40 110 71
40 111 6
40 112 28
40 113 85
40 114 49
40 115 17
40 116 73
40 117 22
40 118 25
40 119 52
41 42 71
41 43 4
41 44 71
41 45 100
41 46 35
41 47 66
41 48 86
41 49 44
41 50 30
41 51 46
41 52 30
41 53 87
41 54 78
41 55 58
41 56 13
41 57 83
41 58 78
41 59 85
41 60 56
41 61 61
41 62 1
41 63 73
41 64 40
41 65 3
41 66 77
41 67 74
41 68 46
41 69 96
41 70 39
41 71 49
41 72 25
41 73 28
41 74 89
41 75 80
41 76 68
41 77 19
41 78 7
41 79 93
41 80 69
41 81 14
41 82 98
41 83 94
41 84 57
41 85 94
41 86 56
41 87 60
41 88 22
41 89 100
41 90 68
41 91 21
41 92 51
41 93 35
41 94 82
41 95 3
41 96 38
41 97 37
41 98 8
41 99 26
41 100 71
41 101 85
41 102 74
41 103 48
41 104 95
41 105 51
41 106 92
41 107 19
41 108 59
41 109 79
41 110 46
41 111 72
41 112 53
41 113 95
41 114 71
41 115 37
41 116 60
41 117 2
41 118 69
41 119 14
42 43 64
42 44 22
42 45 65
42 46 57
42 47 61
42 48 77
42 49 68
42 50 85
42 51 77
42 52 25
42 53 100
42 54 14
42 55 58
42 56 41
42 57 15
42 58 48
42 59 54
42 60 11
42 61 90
42 62 28
42 63 73
42 64 41
42 65 23
42 66 84
42 67 45
42 68 39
42 69 40
42 70 2
42 71 13
42 72 73
42 73 6
42 74 52
42 75 5
42 76 99
42 77 90
42 78 25
42 79 19
42 80 15
42 81 55
42 82 23
42 83 7
42 84 42
42 85 43
42 86 84
42 87 49
42 88 86
42 89 33
42 90 32
42 91 32
42 92 57
42 93 19
42 94 47
42 95 39
42 96 32
42 97 48
42 98 95
42 99 67
42 100 95
42 101 90
42 102 90
42 103 6
42 104 91
42 105 20
42 106 96
42 107 17
42 108 48
42 109 73
42 110 3
42 111 98
42 112 6
42 113 33
42 114 91
42 115 80
42 116 60
42 117 23
42 118 12
42 119 1
43 44 22
43 45 49
43 46 57
43 47 99
43 48 37
43 49 76
43 50 12
43 51 98
43 52 100
43 53 43
43 54 97
43 55 22
43 56 70
43 57 69
43 58 45
43 59 7
43 60 89
43 61 78
43 62 97
43 63 55
43 64 43
43 65 26
43 66 94
43 67 46
43 68 28
43 69 3
43 70 56
43 71 76
43 72 99
43 73 58
43 74 96
43 75 60
43 76 61
43 77 30
43 78 57
43 79 15
43 80 96
43 81 48
43 82 19
43 83 28
43 84 73
43 85 53
43 86 50
43 87 50
43 88 23
43 89 15
43 90 11
43 91 23
43 92 46
43 93 50
43 94 83
43 95 82
43 96 100
43 97 60
43 98 46
43 99 21
43 100 29
43 101 14
43 102 61
43 103 42
43 104 56
43 105 3
43 106 24
43 107 35
43 108 26
43 109 44
43 110 89
43 111 23
43 112 56
43 113 61
43 114 100
43 115 80
43 116 25
43 117 36
43 118 85
43 119 99
44 45 7
44 46 11
44 47 56
44 48 94
44 49 97
44 50 75
44 51 61
44 52 61
44 53 7
44 54 38
44 55 81
44 56 42
44 57 2
44 58 69
44 59 57
44 60 48
44 61 52
44 62 7
44 63 95
44 64 78
44 65 77
44 66 1
44 67 85
44 68 19
44 69 23
44 70 18
44 71 52
44 72 16
44 73 87
44 74 65
44 75 50
44 76 51
44 77 82
44 78 22
44 79 98
44 80 7
44 81 63
44 82 28
44 83 36
44 84 27
44 85 15
44 86 35
44 87 95
44 88 95
44 89 3
44 90 45
44 91 79
44 92 15
44 93 88
44 94 96
44 95 32
44 96 92
44 97 84
44 98 10
44 99 55
44 100 12
44 101 35
44 102 30
44 103 79
44 104 65
44 105 94
44 106 92
44 107 64
44 108 59
44 109 83
44 110 36
44 111 77
44 112 93
44 113 54
44 114 11
44 115 21
44 116 74
44 117 98
44 118 28
44 119 73
45 46 92
45 47 7
45 48 81
45 49 59
45 50 66
45 51 66
45 52 37
45 53 10
45 54 9
45 55 40
45 56 95
45 57 33
45 58 30
45 59 90
45 60 11
45 61 44
45 62 82
45 63 60
45 64 5
45 65 21
45 66 86
45 67 34
45 68 88
45 69 50
45 70 15
45 71 65
45 72 94
45 73 81
45 74 79
45 75 49
45 76 5
45 77 20
45 78 69
45 79 89
45 80 86
45 81 9
45 82 42
45 83 35
45 84 6
45 85 86
45 86 72
45 87 90
45 88 28
45 89 17
45 90 3
45 91 98
45 92 49
45 93 18
45 94 76
45 95 42
45 96 3
45 97 49
45 98 25
45 99 5
45 100 43
45 101 45
45 102 15
45 103 71
45 104 72
45 105 6
45 106 88
45 107 51
45 108 5
45 109 30
45 110 63
45 111 92
45 112 24
45 113 75
45 114 41
45 115 35
45 116 70
45 117 92
45 118 62
45 119 34
46 47 15
46 48 69
46 49 8
46 50 1
46 51 94
46 52 73
46 53 100
46 54 99
46 55 44
46 56 53
46 57 18
46 58 7
46 59 62
46 60 53
46 61 13
46 62 98
46 63 41
46 64 97
46 65 1
46 66 54
46 67 77
46 68 69
46 69 52
46 70 29
46 71 96
46 72 95
46 73 48
46 74 46
46 75 64
46 76 20
46 77 65
46 78 87
46 79 27
46 80 13
46 81 100
46 82 13
46 83 11
46 84 72
46 85 8
46 86 92
46 87 59
46 88 43
46 89 36
46 90 88
46 91 77
46 92 77
46 93 25
46 94 71
46 95 56
46 96 48
46 97 89
46 98 51
46 99 47
46 100 93
46 101 57
46 102 93
46 103 28
46 104 34
46 105 47
46 106 22
46 107 38
46 108 46
46 109 28
46 110 36
46 111 3
46 112 70
46 113 23
46 114 94
46 115 69
46 116 25
46 117 85
46 118 92
46 119 18
47 48 88
47 49 47
47 50 33
47 51 73
47 52 68
47 53 71
47 54 36
47 55 78
47 56 16
47 57 13
47 58 14
47 59 34
47 60 22
47 61 7
47 62 17
47 63 47
47 64 38
47 65 68
47 66 87
47 67 93
47 68 55
47 69 29
47 70 86
47 71 81
47 72 10
47 73 29
47 74 28
47 75 73
47 76 65
47 77 15
47 78 95
47 79 67
47 80 99
47 81 60
47 82 96
47 83 18
47 84 32
47 85 75
47 86 38
47 87 64
47 88 22
47 89 82
47 90 25
47 91 25
47 92 82
47 93 95
47 94 13
47 95 5
47 96 18
47 97 68
47 98 20
47 99 6
47 100 93
47 101 31
47 102 67
47 103 92
47 104 94
47 105 35
47 106 62
47 107 16
47 108 92
47 109 63
47 110 43
47 111 10
47 112 57
47 113 7
47 114 41
47 115 34
47 116 96
47 117 9
47 118 8
47 119 100
48 49 51
48 50 57
48 51 79
48 52 1
48 53 45
48 54 31
48 55 7
48 56 66
48 57 40
48 58 90
48 59 94
48 60 9
48 61 1
48 62 72
48 63 97
48 64 19
48 65 55
48 66 77
48 67 33
48 68 16
48 69 30
48 70 48
48 71 23
48 72 57
48 73 16
48 74 97
48 75 3
48 76 38
48 77 89
48 78 20
48 79 52
48 80 64
48 81 20
48 82 30
48 83 27
48 84 70
48 85 39
48 86 66
48 87 39
48 88 56
48 89 38
48 90 19
48 91 50
48 92 32
48 93 66
48 94 43
48 95 74
48 96 72
48 97 69
48 98 34
48 99 55
48 100 87
48 101 87
48 102 77
48 103 71
48 104 16
48 105 46
48 106 15
48 107 56
48 108 85
48 109 86
48 110 48
48 111 23
48 112 52
48 113 54
48 114 8
48 115 75
48 116 97
48 117 19
48 118 2
48 119 51
49 50 25
49 51 17
49 52 41
49 53 59
49 54 50
49 55 36
49 56 77
49 57 52
49 58 24
49 59 91
49 60 57
49 61 18
49 62 94
49 63 1
49 64 62
49 65 91
49 66 80
49 67 78
49 68 75
49 69 12
49 70 60
49 71 29
49 72 46
49 73 19
49 74 16
49 75 19
49 76 91
49 77 94
49 78 23
49 79 39
49 80 65
49 81 56
49 82 38
49 83 66
49 84 67
49 85 56
49 86 88
49 87 30
49 88 95
49 89 38
49 90 61
49 91 99
49 92 89
49 93 53
49 94 79
49 95 85
49 96 63
49 97 39
49 98 72
49 99 10
49 100 19
49 101 78
49 102 16
49 103 84
49 104 55
49 105 41
49 106 72
49 107 65
49 108 24
49 109 91
49 110 68
49 111 62
49 112 1
49 113 89
49 114 15
49 115 5
49 116 98
49 117 6
49 118 61
49 119 95
50 51 54
50 52 81
50 53 56
50 54 94
50 55 30
50 56 95
50 57 83
50 58 27
50 59 84
50 60 14
50 61 8
50 62 15
50 63 9
50 64 4
50 65 73
50 66 5
50 67 8
50 68 85
50 69 83
50 70 99
50 71 46
50 72 32
50 73 75
50 74 62
50 75 69
50 76 7
50 77 3
50 78 29
50 79 94
50 80 17
50 81 38
50 82 37
50 83 52
50 84 67
50 85 8
50 86 64
50 87 2
50 88 94
50 89 96
50 90 72
50 91 99
50 92 41
50 93 60
50 94 59
50 95 43
50 96 15
50 97 25
50 98 18
50 99 28
50 100 100
50 101 76
50 102 8
50 103 48
50 104 86
50 105 17
50 106 6
50 107 38
50 108 77
50 109 8
50 110 59
50 111 30
50 112 32
50 113 38
50 114 4
50 115 43
50 116 72
50 117 44
50 118 68
50 119 69
51 52 62
51 53 41
51 54 32
51 55 60
51 56 92
51 57 89
51 58 68
51 59 8
51 60 35
51 61 34
51 62 64
51 63 64
51 64 84
51 65 25
51 66 14
51 67 48
51 68 7
51 69 23
51 70 9
51 71 88
51 72 63
51 73 92
51 74 14
51 75 57
51 76 62
51 77 22
51 78 47
51 79 77
51 80 99
51 81 8
51 82 51
51 83 87
51 84 51
51 85 73
51 86 77
51 87 70
51 88 79
51 89 65
51 90 20
51 91 91
51 92 100
51 93 58
51 94 35
51 95 81
51 96 32
51 97 67
51 98 60
51 99 41
51 100 94
51 101 30
51 102 71
51 103 41
51 104 59
51 105 27
51 106 6
51 107 19
51 108 81
51 109 62
51 110 84
51 111 87
51 112 60
51 113 28
51 114 55
51 115 12
51 116 11
51 117 70
51 118 46
51 119 38
52 53 88
52 54 56
52 55 8
52 56 41
52 57 76
52 58 93
52 59 91
52 60 52
52 61 34
52 62 18
52 63 3
52 64 34
52 65 17
52 66 86
52 67 3
52 68 41
52 69 88
52 70 63
52 71 24
52 72 63
52 73 40
52 74 53
52 75 64
52 76 14
52 77 16
52 78 60
52 79 98
52 80 88
52 81 75
52 82 56
52 83 21
52 84 45
52 85 1
52 86 45
52 87 48
52 88 85
52 89 57
52 90 74
52 91 66
52 92 39
52 93 58
52 94 40
52 95 83
52 96 56
52 97 57
52 98 56
52 99 39
52 100 12
52 101 17
52 102 36
52 103 18
52 104 11
52 105 10
52 106 48
52 107 20
52 108 44
52 109 14
52 110 58
52 111 41
52 112 91
52 113 16
52 114 99
52 115 12
52 116 40
52 117 9
52 118 90
52 119 82
53 54 2
53 55 25
53 56 20
53 57 42
53 58 63
53 59 42
53 60 5
53 61 48
53 62 49
53 63 22
53 64 66
53 65 46
53 66 72
53 67 74
53 68 36
53 69 65
53 70 17
53 71 69
53 72 62
53 73 26
53 74 43
53 75 85
53 76 27
53 77 73
53 78 46
53 79 87
53 80 4
53 81 69
53 82 84
53 83 27
53 84 79
53 85 21
53 86 18
53 87 58
53 88 49
53 89 52
53 90 23
53 91 99
53 92 56
53 93 55
53 94 89
53 95 1
53 96 47
53 97 30
53 98 49
53 99 18
53 100 36
53 101 20
53 102 27
53 103 70
53 104 100
53 105 2
53 106 29
53 107 81
53 108 21
53 109 38
53 110 25
53 111 97
53 112 39
53 113 85
53 114 25
53 115 35
53 116 83
53 117 37
53 118 80
53 119 48
54 55 13
54 56 86
54 57 23
54 58 79
54 59 87
54 60 12
54 61 94
54 62 83
54 63 99
54 64 32
54 65 94
54 66 8
54 67 50
54 68 14
54 69 10
54 70 66
54 71 2
54 72 93
54 73 66
54 74 92
54 75 19
54 76 1
54 77 62
54 78 19
54 79 97
54 80 18
54 81 19
54 82 3
54 83 48
54 84 34
54 85 77
54 86 89
54 87 23
54 88 40
54 89 55
54 90 41
54 91 59
54 92 61
54 93 42
54 94 6
54 95 59
54 96 50
54 97 75
54 98 21
54 99 89
54 100 38
54 101 56
54 102 5
54 103 70
54 104 8
54 105 51
54 106 8
54 107 69
54 108 79
54 109 74
54 110 90
54 111 62
54 112 36
54 113 23
54 114 72
54 115 38
54 116 5
54 117 68
54 118 8
54 119 53
55 56 94
55 57 34
55 58 98
55 59 3
55 60 63
55 61 81
55 62 80
55 63 68
55 64 1
55 65 68
55 66 93
55 67 99
55 68 30
55 69 17
55 70 70
55 71 62
55 72 41
55 73 91
55 74 10
55 75 92
55 76 52
55 77 51
55 78 82
55 79 51
55 80 95
55 81 27
55 82 28
55 83 41
55 84 59
55 85 50
55 86 50
55 87 26
55 88 48
55 89 87
55 90 64
55 91 86
55 92 8
55 93 29
55 94 29
55 95 87
55 96 77
55 97 80
55 98 30
55 99 53
55 100 94
55 101 5
55 102 27
55 103 45
55 104 36
55 105 41
55 106 1
55 107 11
55 108 9
55 109 28
55 110 1
55 111 74
55 112 75
55 113 83
55 114 16
55 115 58
55 116 97
55 117 62
55 118 87
55 119 12
56 57 72
56 58 83
56 59 66
56 60 84
56 61 7
56 62 57
56 63 84
56 64 44
56 65 36
56 66 35
56 67 73
56 68 81
56 69 66
56 70 52
56 71 47
56 72 13
56 73 53
56 74 56
56 75 33
56 76 29
56 77 45
56 78 6
56 79 37
56 80 77
56 81 88
56 82 59
56 83 90
56 84 16
56 85 33
56 86 75
56 87 28
56 88 92
56 89 43
56 90 10
56 91 63
56 92 37
56 93 13
56 94 41
56 95 67
56 96 26
56 97 14
56 98 2
56 99 34
56 100 65
56 101 60
56 102 21
56 103 84
56 104 26
56 105 9
56 106 29
56 107 90
56 108 89
56 109 84
56 110 5
56 111 61
56 112 70
56 113 65
56 114 60
56 115 71
56 116 15
56 117 20
56 118 54
56 119 99
57 58 41
57 59 60
57 60 68
57 61 4
57 62 97
57 63 89
57 64 8
57 65 35
57 66 70
57 67 19
57 68 47
57 69 69
57 70 9
57 71 28
57 72 25
57 73 74
57 74 62
57 75 77
57 76 50
57 77 94
57 78 51
57 79 43
57 80 14
57 81 57
57 82 81
57 83 63
57 84 44
57 85 81
57 86 86
57 87 37
57 88 15
57 89 35
57 90 34
57 91 88
57 92 48
57 93 15
57 94 93
57 95 22
57 96 82
57 97 66
57 98 82
57 99 39
57 100 21
57 101 49
57 102 32
57 103 21
57 104 100
57 105 78
57 106 32
57 107 4
57 108 63
57 109 23
57 110 18
57 111 64
57 112 92
57 113 98
57 114 43
57 115 16
57 116 90
57 117 21
57 118 40
57 119 26
58 59 64
58 60 47
58 61 27
58 62 22
58 63 70
58 64 68
58 65 44
58 66 22
58 67 45
58 68 87
58 69 99
58 70 52
58 71 71
58 72 55
58 73 52
58 74 54
58 75 33
58 76 95
58 77 82
58 78 55
58 79 55
58 80 24
58 81 64
58 82 66
58 83 86
58 84 23
58 85 78
58 86 64
58 87 48
58 88 40
58 89 82
58 90 84
58 91 53
58 92 25
58 93 4
58 94 26
58 95 33
58 96 70
58 97 41
58 98 46
58 99 34
58 100 7
58 101 52
58 102 50
58 103 15
58 104 69
58 105 54
58 106 17
58 107 19
58 108 26
58 109 18
58 110 44
58 111 74
58 112 25
58 113 11
58 114 27
58 115 93
58 116 56
58 117 45
58 118 10
58 119 16
59 60 64
59 61 44
59 62 94
59 63 50
59 64 27
59 65 19
59 66 79
59 67 95
59 68 86
59 69 5
59 70 93
59 71 29
59 72 14
59 73 58
59 74 73
59 75 58
59 76 5
59 77 40
59 78 12
59 79 43
59 80 45
59 81 6
59 82 68
59 83 41
59 84 8
59 85 25
59 86 46
59 87 21
59 88 3
59 89 62
59 90 19
59 91 16
59 92 17
59 93 56
59 94 93
59 95 12
59 96 28
59 97 65
59 98 27
59 99 63
59 100 80
59 101 68
59 102 1
59 103 64
59 104 19
59 105 20
59 106 81
59 107 33
59 108 9
59 109 1
59 110 99
59 111 21
59 112 40
59 113 30
59 114 77
59 115 19
59 116 31
59 117 10
59 118 45
59 119 61
60 61 73
60 62 83
60 63 11
60 64 22
60 65 50
60 66 9
60 67 66
60 68 10
60 69 70
60 70 34
60 71 89
60 72 75
60 73 45
60 74 11
60 75 18
60 76 15
60 77 58
60 78 29
60 79 6
60 80 61
60 81 7
60 82 26
60 83 58
60 84 11
60 85 76
60 86 53
60 87 27
60 88 99
60 89 51
60 90 72
60 91 63
60 92 69
60 93 98
60 94 54
60 95 6
60 96 5
60 97 42
60 98 86
60 99 88
60 100 6
60 101 99
60 102 70
60 103 92
60 104 14
60 105 53
60 106 19
60 107 37
60 108 98
60 109 72
60 110 100
60 111 33
60 112 67
60 113 25
60 114 61
60 115 86
60 116 51
60 117 71
60 118 34
60 119 93
61 62 42
61 63 66
61 64 15
61 65 47
61 66 73
61 67 95
61 68 96
61 69 25
61 70 50
61 71 49
61 72 33
61 73 68
61 74 58
61 75 12
61 76 100
61 77 18
61 78 64
61 79 17
61 80 94
61 81 13
61 82 19
61 83 76
61 84 70
61 85 40
61 86 12
61 87 59
61 88 34
61 89 76
61 90 18
61 91 42
61 92 94
61 93 61
61 94 21
61 95 96
61 96 47
61 97 47
61 98 79
61 99 2
61 100 11
61 101 100
61 102 62
61 103 28
61 104 73
61 105 60
61 106 55
61 107 72
61 108 79
61 109 7
61 110 82
61 111 38
61 112 60
61 113 44
61 114 94
61 115 23
61 116 94
61 117 56
61 118 75
61 119 73
62 63 99
62 64 22
62 65 77
62 66 71
62 67 35
62 68 18
62 69 6
62 70 35
62 71 9
62 72 70
62 73 87
62 74 34
62 75 93
62 76 23
62 77 10
62 78 81
62 79 53
62 80 13
62 81 88
62 82 90
62 83 19
62 84 64
62 85 35
62 86 84
62 87 17
62 88 54
62 89 26
62 90 81
62 91 14
62 92 70
62 93 69
62 94 58
62 95 36
62 96 13
62 97 12
62 98 2
62 99 31
62 100 20
62 101 44
62 102 59
62 103 46
62 104 64
62 105 20
62 106 30
62 107 75
62 108 60
62 109 29
62 110 33
62 111 4
62 112 47
62 113 44
62 114 34
62 115 17
62 116 51
62 117 29
62 118 26
62 119 48
63 64 10
63 65 40
63 66 1
63 67 91
63 68 97
63 69 75
63 70 82
63 71 87
63 72 97
63 73 81
63 74 15
63 75 64
63 76 35
63 77 52
63 78 22
63 79 60
63 80 74
63 81 51
63 82 22
63 83 14
63 84 49
63 85 87
63 86 2
63 87 49
63 88 43
63 89 32
63 90 18
63 91 17
63 92 70
63 93 98
63 94 63
63 95 4
63 96 81
63 97 95
63 98 28
63 99 12
63 100 37
63 101 95
63 102 51
63 103 24
63 104 75
63 105 100
63 106 33
63 107 55
63 108 52
63 109 16
63 110 77
63 111 49
63 112 85
63 113 56
63 114 48
63 115 91
63 116 54
63 117 12
63 118 76
63 119 43
64 65 3
64 66 84
64 67 65
64 68 49
64 69 100
64 70 92
64 71 69
64 72 8
64 73 91
64 74 73
64 75 42
64 76 72
64 77 97
64 78 83
64 79 14
64 80 59
64 81 25
64 82 26
64 83 36
64 84 33
64 85 47
64 86 38
64 87 26
64 88 80
64 89 25
64 90 7
64 91 2
64 92 70
64 93 80
64 94 81
64 95 10
64 96 61
64 97 65
64 98 62
64 99 25
64 100 12
64 101 16
64 102 99
64 103 31
64 104 49
64 105 77
64 106 45
64 107 41
64 108 10
64 109 58
64 110 81
64 111 32
64 112 12
64 113 33
64 114 48
64 115 57
64 116 53
64 117 93
64 118 9
64 119 11
65 66 58
65 67 94
65 68 24
65 69 63
65 70 42
65 71 50
65 72 25
65 73 18
65 74 26
65 75 63
65 76 55
65 77 28
65 78 29
65 79 99
65 80 97
65 81 77
65 82 33
65 83 14
65 84 36
65 85 28
65 86 53
65 87 40
65 88 39
65 89 81
65 90 84
65 91 5
65 92 23
65 93 12
65 94 81
65 95 68
65 96 99
65 97 41
65 98 38
65 99 70
65 100 9
65 101 19
65 102 89
65 103 33
65 104 27
65 105 46
65 106 35
65 107 43
65 108 44
65 109 95
65 110 80
65 111 74
65 112 70
65 113 12
65 114 5
65 115 95
65 116 28
65 117 22
65 118 26
65 119 82
66 67 5
66 68 10
66 69 50
66 70 5
66 71 52
66 72 92
66 73 28
66 74 38
66 75 89
66 76 22
66 77 60
66 78 44
66 79 32
66 80 61
66 81 82
66 82 94
66 83 36
66 84 53
66 85 57
66 86 10
66 87 79
66 88 54
66 89 88
66 90 58
66 91 44
66 92 84
66 93 92
66 94 99
66 95 33
66 96 23
66 97 15
66 98 15
66 99 17
66 100 45
66 101 96
66 102 97
66 103 45
66 104 74
66 105 92
66 106 77
66 107 23
66 108 78
66 109 60
66 110 83
66 111 43
66 112 54
66 113 96
66 114 51
66 115 97
66 116 38
66 117 33
66 118 31
66 119 96
67 68 3
67 69 55
67 70 59
67 71 23
67 72 64
67 73 55
67 74 68
67 75 14
67 76 64
67 77 61
67 78 66
67 79 45
67 80 94
67 81 45
67 82 34
67 83 7
67 84 84
67 85 95
67 86 31
67 87 85
67 88 27
67 89 25
67 90 63
67 91 32
67 92 11
67 93 71
67 94 23
67 95 33
67 96 33
67 97 10
67 98 19
67 99 22
67 100 27
67 101 98
67 102 39
67 103 41
67 104 93
67 105 24
67 106 4
67 107 82
67 108 89
67 109 49
67 110 28
67 111 75
67 112 30
67 113 57
67 114 53
67 115 44
67 116 82
67 117 7
67 118 63
67 119 24
68 69 12
68 70 35
68 71 13
68 72 96
68 73 73
68 74 76
68 75 54
68 76 99
68 77 19
68 78 61
68 79 76
68 80 3
68 81 53
68 82 40
68 83 83
68 84 94
68 85 55
68 86 26
68 87 7
68 88 5
68 89 31
68 90 95
68 91 45
68 92 70
68 93 64
68 94 66
68 95 64
68 96 19
68 97 63
68 98 71
68 99 20
68 100 23
68 101 49
68 102 91
68 103 88
68 104 81
68 105 3
68 106 57
68 107 40
68 108 99
68 109 25
68 110 38
68 111 18
68 112 10
68 113 55
68 114 63
68 115 67
68 116 79
68 117 88
68 118 48
68 119 52
69 70 57
69 71 15
69 72 32
69 73 80
69 74 58
69 75 15
69 76 18
69 77 65
69 78 1
69 79 72
69 80 46
69 81 60
69 82 49
69 83 85
69 84 35
69 85 55
69 86 59
69 87 70
69 88 71
69 89 21
69 90 91
69 91 98
69 92 63
69 93 78
69 94 21
69 95 29
69 96 25
69 97 12
69 98 57
69 99 93
69 100 16
69 101 91
69 102 18
69 103 43
69 104 54
69 105 84
69 106 88
69 107 45
69 108 33
69 109 51
69 110 93
69 111 83
69 112 4
69 113 80
69 114 87
69 115 27
69 116 42
69 117 57
69 118 66
69 119 47
70 71 72
70 72 89
70 73 35
70 74 92
70 75 29
70 76 100
70 77 29
70 78 87
70 79 37
70 80 77
70 81 44
70 82 14
70 83 64
70 84 61
70 85 51
70 86 12
70 87 21
70 88 40
70 89 80
70 90 41
70 91 18
70 92 7
70 93 5
70 94 97
70 95 99
70 96 2
70 97 89
70 98 25
70 99 29
70 100 37
70 101 23
70 102 56
70 103 19
70 104 54
70 105 66
70 106 8
70 107 57
70 108 40
70 109 79
70 110 57
70 111 96
70 112 51
70 113 69
70 114 86
70 115 5
70 116 77
70 117 17
70 118 26
70 119 62
71 72 1
71 73 24
71 74 58
71 75 96
71 76 80
71 77 35
71 78 24
71 79 26
71 80 75
71 81 1
71 82 49
71 83 51
71 84 66
71 85 98
71 86 14
71 87 21
71 88 88
71 89 58
71 90 90
71 91 19
71 92 56
71 93 65
71 94 16
71 95 63
71 96 87
71 97 100
71 98 34
71 99 24
71 100 37
71 101 99
71 102 83
71 103 62
71 104 23
71 105 62
71 106 60
71 107 65
71 108 95
71 109 65
71 110 38
71 111 67
71 112 55
71 113 56
71 114 67
71 115 84
71 116 71
71 117 72
71 118 17
71 119 70
72 73 23
72 74 5
72 75 69
72 76 94
72 77 54
72 78 28
72 79 24
72 80 38
72 81 68
72 82 93
72 83 45
72 84 81
72 85 36
72 86 36
72 87 21
72 88 85
72 89 35
72 90 47
72 91 30
72 92 42
72 93 93
72 94 4
72 95 80
72 96 43
72 97 79
72 98 90
72 99 16
72 100 90
72 101 34
72 102 96
72 103 25
72 104 91
72 105 18
72 106 22
72 107 90
72 108 22
72 109 33
72 110 40
72 111 2
72 112 39
72 113 3
72 114 83
72 115 56
72 116 2
72 117 15
72 118 65
72 119 32
73 74 73
73 75 22
73 76 52
73 77 59
73 78 85
73 79 17
73 80 75
73 81 95
73 82 3
73 83 95
73 84 87
73 85 44
73 86 59
73 87 2
73 88 66
73 89 51
73 90 86
73 91 64
73 92 85
73 93 50
73 94 27
73 95 31
73 96 88
73 97 12
73 98 15
73 99 68
73 100 7
73 101 83
73 102 40
73 103 83
73 104 49
73 105 9
73 106 99
73 107 53
73 108 41
73 109 95
73 110 91
73 111 84
73 112 30
73 113 79
73 114 62
73 115 37
73 116 13
73 117 53
73 118 31
73 119 59
74 75 47
74 76 39
74 77 55
74 78 76
74 79 54
74 80 14
74 81 83
74 82 94
74 83 71
74 84 98
74 85 50
74 86 56
74 87 50
74 88 37
74 89 46
74 90 73
74 91 15
74 92 12
74 93 5
74 94 52
74 95 57
74 96 34
74 97 46
74 98 77
74 99 73
74 100 7
74 101 76
74 102 48
74 103 37
74 104 53
74 105 47
74 106 35
74 107 1
74 108 6
74 109 52
74 110 95
74 111 18
74 112 6
74 113 13
74 114 57
74 115 4
74 116 100
74 117 40
74 118 69
74 119 27
75 76 4
75 77 98
75 78 24
75 79 76
75 80 90
75 81 83
75 82 27
75 83 10
75 84 57
75 85 27
75 86 49
75 87 6
75 88 90
75 89 65
75 90 25
75 91 22
75 92 59
75 93 58
75 94 38
75 95 59
75 96 4
75 97 11
75 98 83
75 99 46
75 100 15
75 101 10
75 102 57
75 103 2
75 104 97
75 105 14
75 106 62
75 107 65
75 108 38
75 109 96
75 110 92
75 111 86
75 112 7
75 113 82
75 114 34
75 115 29
75 116 53
75 117 87
75 118 90
75 119 7
76 77 41
76 78 4
76 79 23
76 80 58
76 81 30
76 82 91
76 83 98
76 84 99
76 85 95
76 86 20
76 87 66
76 88 56
76 89 67
76 90 61
76 91 29
76 92 94
76 93 41
76 94 76
76 95 92
76 96 24
76 97 55
76 98 93
76 99 9
76 100 87
76 101 44
76 102 86
76 103 72
76 104 39
76 105 57
76 106 72
76 107 87
76 108 35
76 109 34
76 110 51
76 111 49
76 112 87
76 113 34
76 114 78
76 115 3
76 116 85
76 117 30
76 118 18
76 119 57
77 78 24
77 79 21
77 80 23
77 81 31
77 82 29
77 83 23
77 84 8
77 85 34
77 86 74
77 87 42
77 88 21
77 89 28
77 90 69
77 91 54
77 92 95
77 93 2
77 94 47
77 95 34
77 96 24
77 97 98
77 98 40
77 99 50
77 100 88
77 101 48
77 102 49
77 103 52
77 104 79
77 105 69
77 106 29
77 107 64
77 108 3
77 109 27
77 110 37
77 111 29
77 112 28
77 113 85
77 114 68
77 115 50
77 116 55
77 117 4
77 118 15
77 119 36
78 79 81
78 80 91
78 81 29
78 82 41
78 83 64
78 84 10
78 85 66
78 86 57
78 87 62
78 88 87
78 89 29
78 90 70
78 91 84
78 92 63
78 93 13
78 94 18
78 95 33
78 96 79
78 97 89
78 98 89
78 99 67
78 100 87
78 101 43
78 102 18
78 103 19
78 104 66
78 105 97
78 106 16
78 107 41
78 108 10
78 109 11
78 110 44
78 111 6
78 112 49
78 113 100
78 114 18
78 115 11
78 116 35
78 117 35
78 118 41
78 119 28
79 80 86
79 81 21
79 82 43
79 83 92
79 84 93
79 85 8
79 86 73
79 87 14
79 88 70
79 89 50
79 90 8
79 91 41
79 92 21
79 93 58
79 94 26
79 95 26
79 96 73
79 97 60
79 98 68
79 99 50
79 100 15
79 101 40
79 102 58
79 103 8
79 104 93
79 105 52
79 106 53
79 107 96
79 108 26
79 109 71
79 110 99
79 111 73
79 112 46
79 113 25
79 114 28
79 115 55
79 116 57
79 117 75
79 118 22
79 119 41
80 81 23
80 82 18
80 83 23
80 84 9
80 85 69
80 86 42
80 87 21
80 88 9
80 89 89
80 90 39
80 91 94
80 92 63
80 93 86
80 94 1
80 95 3
80 96 38
80 97 97
80 98 4
80 99 52
80 100 73
80 101 54
80 102 91
80 103 81
80 104 70
80 105 67
80 106 91
80 107 84
80 108 58
80 109 81
80 110 86
80 111 99
80 112 36
80 113 24
80 114 21
80 115 35
80 116 89
80 117 31
80 118 39
80 119 65
81 82 26
81 83 47
81 84 82
81 85 60
81 86 81
81 87 57
81 88 28
81 89 79
81 90 70
81 91 25
81 92 79
81 93 6
81 94 70
81 95 69
81 96 55
81 97 88
81 98 23
81 99 76
81 100 68
81 101 57
81 102 30
81 103 23
81 104 20
81 105 79
81 106 34
81 107 33
81 108 51
81 109 54
81 110 27
81 111 46
81 112 35
81 113 60
81 114 83
81 115 69
81 116 90
81 117 61
81 118 76
81 119 76
82 83 16
82 84 52
82 85 88
82 86 83
82 87 31
82 88 47
82 89 14
82 90 69
82 91 72
82 92 14
82 93 24
82 94 80
82 95 74
82 96 62
82 97 18
82 98 8
82 99 13
82 100 92
82 101 82
82 102 76
82 103 41
82 104 23
82 105 50
82 106 70
82 107 18
82 108 8
82 109 67
82 110 96
82 111 67
82 112 65
82 113 78
82 114 30
82 115 28
82 116 71
82 117 63
82 118 72
82 119 25
83 84 70
83 85 17
83 86 65
83 87 62
83 88 54
83 89 20
83 90 26
83 91 4
83 92 63
83 93 6
83 94 55
83 95 45
83 96 72
83 97 33
83 98 81
83 99 37
83 100 1
83 101 6
83 102 27
83 103 82
83 104 98
83 105 13
83 106 61
83 107 51
83 108 14
83 109 60
83 110 51
83 111 64
83 112 95
83 113 31
83 114 48
83 115 34
83 116 65
83 117 16
83 118 52
83 119 82
84 85 30
84 86 29
84 87 23
84 88 36
84 89 32
84 90 77
84 91 25
84 92 3
84 93 75
84 94 57
84 95 93
84 96 95
84 97 2
84 98 52
84 99 87
84 100 14
84 101 41
84 102 61
84 103 34
84 104 58
84 105 31
84 106 58
84 107 23
84 108 4
84 109 60
84 110 12
84 111 85
84 112 35
84 113 28
84 114 41
84 115 71
84 116 2
84 117 76
84 118 10
84 119 46
85 86 44
85 87 61
85 88 79
85 89 58
85 90 37
85 91 16
85 92 65
85 93 20
85 94 30
85 95 70
85 96 39
85 97 4
85 98 3
85 99 63
85 100 80
85 101 31
85 102 52
85 103 37
85 104 15
85 105 22
85 106 38
85 107 27
85 108 85
85 109 30
85 110 74
85 111 75
85 112 68
85 113 89
85 114 91
85 115 8
85 116 93
85 117 36
85 118 55
85 119 77
86 87 47
86 88 47
86 89 73
86 90 90
86 91 5
86 92 72
86 93 73
86 94 21
86 95 6
86 96 37
86 97 66
86 98 31
86 99 41
86 100 17
86 101 20
86 102 68
86 103 35
86 104 97
86 105 51
86 106 44
86 107 74
86 108 24
86 109 71
86 110 51
86 111 48
86 112 28
86 113 16
86 114 60
86 115 21
86 116 21
86 117 98
86 118 23
86 119 65
87 88 26
87 89 90
87 90 24
87 91 92
87 92 57
87 93 8
87 94 54
87 95 97
87 96 18
87 97 49
87 98 73
87 99 39
87 100 66
87 101 89
87 102 13
87 103 55
87 104 26
87 105 41
87 106 32
87 107 10
87 108 28
87 109 49
87 110 56
87 111 21
87 112 3
87 113 58
87 114 47
87 115 38
87 116 91
87 117 95
87 118 54
87 119 61
88 89 35
88 90 35
88 91 36
88 92 44
88 93 68
88 94 90
88 95 37
88 96 12
88 97 3
88 98 5
88 99 24
88 100 26
88 101 7
88 102 84
88 103 16
88 104 5
88 105 14
88 106 13
88 107 60
88 108 72
88 109 89
88 110 69
88 111 2
88 112 64
88 113 2
88 114 58
88 115 53
88 116 52
88 117 8
88 118 12
88 119 15
89 90 89
89 91 86
89 92 43
89 93 84
89 94 16
89 95 42
89 96 48
89 97 64
89 98 43
89 99 65
89 100 94
89 101 37
89 102 88
89 103 92
89 104 89
89 105 1
89 106 26
89 107 22
89 108 83
89 109 86
89 110 17
89 111 83
89 112 99
89 113 82
89 114 3
89 115 73
89 116 9
89 117 75
89 118 20
89 119 77
90 91 6
90 92 39
90 93 66
90 94 18
90 95 92
90 96 59
90 97 89
90 98 70
90 99 22
90 100 42
90 101 93
90 102 95
90 103 29
90 104 25
90 105 65
90 106 87
90 107 17
90 108 10
90 109 64
90 110 30
90 111 10
90 112 80
90 113 6
90 114 74
90 115 91
90 116 55
90 117 32
90 118 61
90 119 33
91 92 20
91 93 30
91 94 49
91 95 55
91 96 95
91 97 66
91 98 40
91 99 8
91 100 37
91 101 12
91 102 72
91 103 90
91 104 67
91 105 89
91 106 13
91 107 96
91 108 38
91 109 38
91 110 63
91 111 52
91 112 91
91 113 21
91 114 58
91 115 40
91 116 36
91 117 97
91 118 33
91 119 58
92 93 25
92 94 58
92 95 48
92 96 7
92 97 41
92 98 61
92 99 24
92 100 44
92 101 98
92 102 29
92 103 65
92 104 1
92 105 1
92 106 35
92 107 83
92 108 100
92 109 92
92 110 39
92 111 37
92 112 70
92 113 4
92 114 12
92 115 10
92 116 6
92 117 32
92 118 69
92 119 12
93 94 42
93 95 56
93 96 2
93 97 82
93 98 2
93 99 77
93 100 85
93 101 66
93 102 90
93 103 11
93 104 76
93 105 53
93 106 31
93 107 58
93 108 7
93 109 93
93 110 57
93 111 95
93 112 28
93 113 52
93 114 43
93 115 52
93 116 10
93 117 52
93 118 21
93 119 57
94 95 6
94 96 60
94 97 27
94 98 51
94 99 43
94 100 34
94 101 88
94 102 70
94 103 61
94 104 27
94 105 14
94 106 41
94 107 99
94 108 13
94 109 57
94 110 36
94 111 94
94 112 13
94 113 31
94 114 77
94 115 78
94 116 65
94 117 76
94 118 37
94 119 45
95 96 30
95 97 45
95 98 12
95 99 19
95 100 40
95 101 100
95 102 83
95 103 8
95 104 35
95 105 50
95 106 67
95 107 95
95 108 72
95 109 24
95 110 57
95 111 69
95 112 75
95 113 24
95 114 24
95 115 68
95 116 74
95 117 52
95 118 45
95 119 58
96 97 9
96 98 31
96 99 43
96 100 96
96 101 19
96 102 53
96 103 91
96 104 38
96 105 8
96 106 41
96 107 47
96 108 43
96 109 89
96 110 59
96 111 25
96 112 32
96 113 61
96 114 42
96 115 46
96 116 67
96 117 62
96 118 76
96 119 40
97 98 48
97 99 61
97 100 54
97 101 3
97 102 37
97 103 55
97 104 13
97 105 95
97 106 88
97 107 57
97 108 91
97 109 97
97 110 23
97 111 19
97 112 20
97 113 98
97 114 41
97 115 17
97 116 68
97 117 84
97 118 82
97 119 59
98 99 68
98 100 34
98 101 30
98 102 58
98 103 77
98 104 21
98 105 9
98 106 38
98 107 64
98 108 62
98 109 4
98 110 53
98 111 73
98 112 31
98 113 16
98 114 94
98 115 44
98 116 35
98 117 69
98 118 30
98 119 93
99 100 50
99 101 86
99 102 65
99 103 42
99 104 18
99 105 57
99 106 70
99 107 96
99 108 86
99 109 22
99 110 64
99 111 38
99 112 65
99 113 13
99 114 67
99 115 66
99 116 12
99 117 79
99 118 89
99 119 83
100 101 9
100 102 7
100 103 24
100 104 95
100 105 49
100 106 25
100 107 33
100 108 63
100 109 34
100 110 78
100 111 76
100 112 83
100 113 86
100 114 79
100 115 19
100 116 73
100 117 75
100 118 76
100 119 73
101 102 91
101 103 22
101 104 54
101 105 74
101 106 24
101 107 47
101 108 44
101 109 92
101 110 22
101 111 71
101 112 3
101 113 77
101 114 78
101 115 91
101 116 78
101 117 46
101 118 9
101 119 50
102 103 9
102 104 5
102 105 14
102 106 63
102 107 32
102 108 24
102 109 35
102 110 11
102 111 9
102 112 54
102 113 7
102 114 94
102 115 66
102 116 42
102 117 44
102 118 37
102 119 55
103 104 39
103 105 42
103 106 9
103 107 90
103 108 33
103 109 26
103 110 25
103 111 23
103 112 65
103 113 34
103 114 3
103 115 74
103 116 94
103 117 75
103 118 94
103 119 92
104 105 34
104 106 38
104 107 35
104 108 12
104 109 48
104 110 48
104 111 16
104 112 62
104 113 97
104 114 10
104 115 98
104 116 61
104 117 1
104 118 46
104 119 2
105 106 32
105 107 58
105 108 42
105 109 86
105 110 2
105 111 85
105 112 46
105 113 19
105 114 100
105 115 29
105 116 94
105 117 59
105 118 98
105 119 90
106 107 50
106 108 16
106 109 90
106 110 55
106 111 96
106 112 62
106 113 64
106 114 90
106 115 55
106 116 77
106 117 41
106 118 67
106 119 92
107 108 74
107 109 96
107 110 93
107 111 24
107 112 93
107 113 84
107 114 81
107 115 43
107 116 45
107 117 83
107 118 88
107 119 86
108 109 25
108 110 69
108 111 29
108 112 49
108 113 24
108 114 94
108 115 21
108 116 53
108 117 43
108 118 46
108 119 31
109 110 32
109 111 64
109 112 29
109 113 34
109 114 22
109 115 36
109 116 35
109 117 1
109 118 64
109 119 35
110 111 19
110 112 91
110 113 7
110 114 70
110 115 26
110 116 62
110 117 9
110 118 87
110 119 77
111 112 55
111 113 91
111 114 56
111 115 1
111 116 19
111 117 34
111 118 66
111 119 19
112 113 74
112 114 27
112 115 82
112 116 14
112 117 82
112 118 42
112 119 69
113 114 13
113 115 88
113 116 63
113 117 66
113 118 2
113 119 76
114 115 13
114 116 16
114 117 22
114 118 67
114 119 78
115 116 58
115 117 62
115 118 2
115 119 21
116 117 39
116 118 32
116 119 88
117 118 1
117 119 82
118 119 56
