80 3160
0 1 71
0 2 46
0 3 70
0 4 70
0 5 31
0 6 35
0 7 16
0 8 26
0 9 90
0 10 35
0 11 48
0 12 37
0 13 89
0 14 93
0 15 19
0 16 96
0 17 95
0 18 80
0 19 69
0 20 44
0 21 48
0 22 82
0 23 87
0 24 100
0 25 49
0 26 99
0 27 96
0 28 72
0 29 89
0 30 81
0 31 84
0 32 62
0 33 84
0 34 42
0 35 91
0 36 72
0 37 36
0 38 57
0 39 44
0 40 90
0 41 43
0 42 77
0 43 14
0 44 82
0 45 71
0 46 25
0 47 25
0 48 68
0 49 7
0 50 55
0 51 23
0 52 76
0 53 86
0 54 39
0 55 39
0 56 14
0 57 27
0 58 49
0 59 52
0 60 86
0 61 4
0 62 46
0 63 61
0 64 44
0 65 5
0 66 17
0 67 92
0 68 67
0 69 96
0 70 17
0 71 9
0 72 57
0 73 93
0 74 73
0 75 95
0 76 78
0 77 33
0 78 59
0 79 10
1 2 25
1 3 97
1 4 5
1 5 9
1 6 100
1 7 36
1 8 95
1 9 22
1 10 46
1 11 26
1 12 53
1 13 61
1 14 25
1 15 2
1 16 62
1 17 95
1 18 69
1 19 32
1 20 13
1 21 3
1 22 98
1 23 16
1 24 86
1 25 27
1 26 96
1 27 75
1 28 80
1 29 89
1 30 76
1 31 81
1 32 65
1 33 58
1 34 25
1 35 17
1 36 15
1 37 90
1 38 53
1 39 5
1 40 80
1 41 98
1 42 35
1 43 35
1 44 39
1 45 63
1 46 97
1 47 41
1 48 77
1 49 42
1 50 75
1 51 76
1 52 57
1 53 81
1 54 61
1 55 65
1 56 24
1 57 41
1 58 8
1 59 46
1 60 96
1 61 59
1 62 74
1 63 100
1 64 94
1 65 66
1 66 87
1 67 94
1 68 12
1 69 18
1 70 50
1 71 47
1 72 77
1 73 35
1 74 85
1 75 35
1 76 9
1 77 11
1 78 11
1 79 27
2 3 73
2 4 27
2 5 58
2 6 87
2 7 28
2 8 17
2 9 79
2 10 14
2 11 46
2 12 63
2 13 60
2 14 56
2 15 39
2 16 94
2 17 58
2 18 42
2 19 89
2 20 62
2 21 79
2 22 10
2 23 76
2 24 50
2 25 70
2 26 90
2 27 87
2 28 37
2 29 77
2 30 42
2 31 61
2 32 43
2 33 58
2 34 45
2 35 38
2 36 18
2 37 1
2 38 12
2 39 46
2 40 1
2 41 71
2 42 52
2 43 45
2 44 9
2 45 69
2 46 15
2 47 66
2 48 84
2 49 66
2 50 35
2 51 8
2 52 20
2 53 70
2 54 48
2 55 12
2 56 98
2 57 73
2 58 55
2 59 36
2 60 33
2 61 22
2 62 38
2 63 48
2 64 53
2 65 59
2 66 1
2 67 85
2 68 72
2 69 10
2 70 87
2 71 21
2 72 77
2 73 90
2 74 25
2 75 98
2 76 6
2 77 5
2 78 96
2 79 61
3 4 61
3 5 40
3 6 99
3 7 46
3 8 9
3 9 60
3 10 90
3 11 73
3 12 97
3 13 27
3 14 45
3 15 82
3 16 59
3 17 42
3 18 3
3 19 94
3 20 75
3 21 98
3 22 47
3 23 82
3 24 12
3 25 70
3 26 42
3 27 72
3 28 38
3 29 15
3 30 74
3 31 19
3 32 79
3 33 66
3 34 95
3 35 40
3 36 94
3 37 78
3 38 56
3 39 24
3 40 14
3 41 35
3 42 32
3 43 62
3 44 83
3 45 55
3 46 99
3 47 8
3 48 89
3 49 64
3 50 25
3 51 98
3 52 71
3 53 22
3 54 32
3 55 60
3 56 16
3 57 26
3 58 94
3 59 90
3 60 12
3 61 75
3 62 71
3 63 45
3 64 49
3 65 100
3 66 39
3 67 20
3 68 11
3 69 26
3 70 48
3 71 33
3 72 50
3 73 81
3 74 72
3 75 53
3 76 39
3 77 67
3 78 80
3 79 100
4 5 59
4 6 1
4 7 92
4 8 17
4 9 38
4 10 71
4 11 48
4 12 53
4 13 58
4 14 87
4 15 40
4 16 54
4 17 16
4 18 7
4 19 37
4 20 36
4 21 78
4 22 19
4 23 24
4 24 62
4 25 84
4 26 94
4 27 64
4 28 62
4 29 23
4 30 43
4 31 11
4 32 5
4 33 37
4 34 88
4 35 76
4 36 21
4 37 53
4 38 25
4 39 39
4 40 73
4 41 5
4 42 90
4 43 66
4 44 39
4 45 7
4 46 94
4 47 38
4 48 63
4 49 96
4 50 43
4 51 27
4 52 36
4 53 13
4 54 72
4 55 71
4 56 69
4 57 27
4 58 76
4 59 76
4 60 2
4 61 64
4 62 95
4 63 7
4 64 72
4 65 9
4 66 47
4 67 80
4 68 78
4 69 80
4 70 32
4 71 98
4 72 31
4 73 94
4 74 79
4 75 39
4 76 53
4 77 22
4 78 74
4 79 46
5 6 31
5 7 99
5 8 23
5 9 61
5 10 77
5 11 6
5 12 70
5 13 40
5 14 68
5 15 26
5 16 83
5 17 10
5 18 18
5 19 89
5 20 18
5 21 29
5 22 7
5 23 87
5 24 68
5 25 97
5 26 37
5 27 10
5 28 80
5 29 76
5 30 44
5 31 46
5 32 69
5 33 94
5 34 29
5 35 62
5 36 47
5 37 58
5 38 50
5 39 41
5 40 31
5 41 88
5 42 44
5 43 74
5 44 44
5 45 28
5 46 66
5 47 4
5 48 36
5 49 68
5 50 23
5 51 36
5 52 17
5 53 80
5 54 22
5 55 63
5 56 72
5 57 2
5 58 36
5 59 94
5 60 43
5 61 12
5 62 67
5 63 45
5 64 38
5 65 82
5 66 25
5 67 10
5 68 11
5 69 57
5 70 23
5 71 55
5 72 59
5 73 70
5 74 80
5 75 82
5 76 68
5 77 80
5 78 5
5 79 52
6 7 7
6 8 78
6 9 59
6 10 33
6 11 10
6 12 69
6 13 82
6 14 1
6 15 29
6 16 42
6 17 74
6 18 23
6 19 72
6 20 56
6 21 78
6 22 15
6 23 37
6 24 33
6 25 83
6 26 46
6 27 97
6 28 15
6 29 83
6 30 19
6 31 62
6 32 78
6 33 94
6 34 90
6 35 45
6 36 57
6 37 62
6 38 68
6 39 31
6 40 97
6 41 66
6 42 36
6 43 67
6 44 14
6 45 38
6 46 84
6 47 83
6 48 8
6 49 85
6 50 12
6 51 2
6 52 63
6 53 92
6 54 29
6 55 10
6 56 68
6 57 97
6 58 83
6 59 16
6 60 83
6 61 30
6 62 35
6 63 6
6 64 26
6 65 10
6 66 28
6 67 66
6 68 14
6 69 92
6 70 14
6 71 23
6 72 75
6 73 43
6 74 33
6 75 100
6 76 77
6 77 81
6 78 51
6 79 60
7 8 1
7 9 38
7 10 78
7 11 60
7 12 48
7 13 28
7 14 4
7 15 87
7 16 85
7 17 80
7 18 53
7 19 15
7 20 45
7 21 28
7 22 59
7 23 14
7 24 72
7 25 84
7 26 82
7 27 12
7 28 34
7 29 66
7 30 61
7 31 5
7 32 23
7 33 91
7 34 3
7 35 86
7 36 15
7 37 56
7 38 7
7 39 30
7 40 26
7 41 19
7 42 18
7 43 82
7 44 64
7 45 74
7 46 48
7 47 35
7 48 28
7 49 71
7 50 19
7 51 36
7 52 54
7 53 75
7 54 87
7 55 37
7 56 17
7 57 94
7 58 39
7 59 56
7 60 11
7 61 21
7 62 2
7 63 97
7 64 40
7 65 21
7 66 80
7 67 2
7 68 76
7 69 23
7 70 12
7 71 22
7 72 9
7 73 15
7 74 40
7 75 42
7 76 86
7 77 34
7 78 2
7 79 16
8 9 82
8 10 83
8 11 96
8 12 60
8 13 95
8 14 6
8 15 49
8 16 29
8 17 93
8 18 50
8 19 46
8 20 24
8 21 46
8 22 56
8 23 22
8 24 31
8 25 92
8 26 56
8 27 16
8 28 33
8 29 80
8 30 80
8 31 28
8 32 91
8 33 75
8 34 59
8 35 50
8 36 90
8 37 50
8 38 22
8 39 71
8 40 51
8 41 67
8 42 54
8 43 90
8 44 78
8 45 4
8 46 48
8 47 36
8 48 100
8 49 14
8 50 70
8 51 32
8 52 86
8 53 29
8 54 28
8 55 66
8 56 98
8 57 30
8 58 91
8 59 37
8 60 21
8 61 96
8 62 58
8 63 26
8 64 100
8 65 93
8 66 63
8 67 24
8 68 92
8 69 47
8 70 64
8 71 100
8 72 47
8 73 15
8 74 41
8 75 36
8 76 9
8 77 23
8 78 40
8 79 81
9 10 10
9 11 28
9 12 78
9 13 24
9 14 28
9 15 48
9 16 38
9 17 56
9 18 80
9 19 19
9 20 61
9 21 69
9 22 37
9 23 3
9 24 2
9 25 51
9 26 73
9 27 42
9 28 41
9 29 32
9 30 80
9 31 63
9 32 35
9 33 33
9 34 3
9 35 53
9 36 38
9 37 24
9 38 48
9 39 43
9 40 99
9 41 71
9 42 87
9 43 70
9 44 36
9 45 88
9 46 52
9 47 35
9 48 12
9 49 11
9 50 59
9 51 22
9 52 4
9 53 1
9 54 54
9 55 43
9 56 33
9 57 13
9 58 58
9 59 56
9 60 73
9 61 17
9 62 73
9 63 26
9 64 100
9 65 68
9 66 91
9 67 20
9 68 57
9 69 47
9 70 47
9 71 38
9 72 35
9 73 79
9 74 1
9 75 19
9 76 78
9 77 86
9 78 60
9 79 9
10 11 79
10 12 63
10 13 19
10 14 68
10 15 85
10 16 21
10 17 68
10 18 44
10 19 35
10 20 43
10 21 71
10 22 90
10 23 51
10 24 48
10 25 44
10 26 28
10 27 41
10 28 94
10 29 22
10 30 84
10 31 12
10 32 62
10 33 49
10 34 94
10 35 5
10 36 17
10 37 49
10 38 53
10 39 81
10 40 83
10 41 85
10 42 70
10 43 51
10 44 9
10 45 38
10 46 20
10 47 59
10 48 75
10 49 65
10 50 66
10 51 63
10 52 63
10 53 47
10 54 27
10 55 23
10 56 28
10 57 27
10 58 43
10 59 83
10 60 76
10 61 21
10 62 95
10 63 60
10 64 68
10 65 85
10 66 5
10 67 89
10 68 29
10 69 11
10 70 100
10 71 81
10 72 33
10 73 40
10 74 17
10 75 6
10 76 11
10 77 6
10 78 84
10 79 53
11 12 30
11 13 63
11 14 59
11 15 66
11 16 4
11 17 53
11 18 24
11 19 88
11 20 4
11 21 8
11 22 62
11 23 28
11 24 60
11 25 84
11 26 38
11 27 90
11 28 18
11 29 72
11 30 94
11 31 4
11 32 65
11 33 79
11 34 12
11 35 10
11 36 31
11 37 68
11 38 23
11 39 36
11 40 4
11 41 85
11 42 57
11 43 62
11 44 74
11 45 8
11 46 91
11 47 94
11 48 13
11 49 92
11 50 69
11 51 65
11 52 69
11 53 49
11 54 73
11 55 1
11 56 7
11 57 99
11 58 30
11 59 31
11 60 74
11 61 77
11 62 24
11 63 47
11 64 29
11 65 20
11 66 9
11 67 76
11 68 79
11 69 86
11 70 43
11 71 54
11 72 6
11 73 43
11 74 79
11 75 80
11 76 40
11 77 81
11 78 33
11 79 23
12 13 86
12 14 86
12 15 4
12 16 69
12 17 46
12 18 14
12 19 26
12 20 6
12 21 84
12 22 50
12 23 57
12 24 31
12 25 73
12 26 100
12 27 19
12 28 67
12 29 4
12 30 21
12 31 47
12 32 62
12 33 9
12 34 90
12 35 98
12 36 77
12 37 34
12 38 67
12 39 88
12 40 31
12 41 29
12 42 82
12 43 100
12 44 29
12 45 7
12 46 1
12 47 53
12 48 82
12 49 48
12 50 72
12 51 75
12 52 16
12 53 58
12 54 91
12 55 97
12 56 61
12 57 28
12 58 26
12 59 38
12 60 96
12 61 70
12 62 56
12 63 53
12 64 88
12 65 73
12 66 13
12 67 47
12 68 65
12 69 50
12 70 64
12 71 71
12 72 48
12 73 32
12 74 14
12 75 65
12 76 62
12 77 51
12 78 71
12 79 69
13 14 57
13 15 64
13 16 25
13 17 17
13 18 78
13 19 83
13 20 9
13 21 45
13 22 40
13 23 41
13 24 88
13 25 51
13 26 89
13 27 7
13 28 20
13 29 53
13 30 3
13 31 25
13 32 1
13 33 5
13 34 37
13 35 24
13 36 59
13 37 33
13 38 48
13 39 22
13 40 22
13 41 52
13 42 9
13 43 65
13 44 42
13 45 34
13 46 81
13 47 99
13 48 63
13 49 14
13 50 100
13 51 81
13 52 76
13 53 99
13 54 26
13 55 65
13 56 65
13 57 37
13 58 45
13 59 3
13 60 48
13 61 55
13 62 81
13 63 52
13 64 2
13 65 71
13 66 68
13 67 51
13 68 60
13 69 32
13 70 40
13 71 42
13 72 60
13 73 90
13 74 72
13 75 40
13 76 57
13 77 58
13 78 70
13 79 93
14 15 89
14 16 62
14 17 31
14 18 55
14 19 41
14 20 15
14 21 46
14 22 31
14 23 9
14 24 60
14 25 20
14 26 66
14 27 57
14 28 4
14 29 91
14 30 35
14 31 50
14 32 89
14 33 32
14 34 31
14 35 16
14 36 8
14 37 50
14 38 17
14 39 90
14 40 18
14 41 73
14 42 69
14 43 92
14 44 83
14 45 18
14 46 77
14 47 34
14 48 87
14 49 71
14 50 99
14 51 46
14 52 20
14 53 26
14 54 12
14 55 50
14 56 79
14 57 61
14 58 9
14 59 59
14 60 5
14 61 56
14 62 15
14 63 85
14 64 48
14 65 5
14 66 95
14 67 63
14 68 73
14 69 85
14 70 19
14 71 7
14 72 61
14 73 39
14 74 70
14 75 67
14 76 10
14 77 93
14 78 49
14 79 84
15 16 19
15 17 91
15 18 6
15 19 86
15 20 15
15 21 69
15 22 86
15 23 76
15 24 4
15 25 38
15 26 19
15 27 44
15 28 57
15 29 71
15 30 57
15 31 29
15 32 79
15 33 45
15 34 71
15 35 22
15 36 23
15 37 96
15 38 83
15 39 98
15 40 14
15 41 74
15 42 62
15 43 89
15 44 72
15 45 7
15 46 40
15 47 35
15 48 94
15 49 33
15 50 84
15 51 1
15 52 60
15 53 86
15 54 71
15 55 12
15 56 18
15 57 5
15 58 60
15 59 71
15 60 23
15 61 80
15 62 93
15 63 88
15 64 5
15 65 61
15 66 92
15 67 43
15 68 21
15 69 89
15 70 42
15 71 8
15 72 44
15 73 6
15 74 9
15 75 69
15 76 49
15 77 78
15 78 7
15 79 37
16 17 83
16 18 25
16 19 8
16 20 79
16 21 81
16 22 50
16 23 95
16 24 9
16 25 29
16 26 43
16 27 98
16 28 45
16 29 96
16 30 24
16 31 7
16 32 19
16 33 96
16 34 75
16 35 75
16 36 19
16 37 16
16 38 39
16 39 20
16 40 70
16 41 14
16 42 29
16 43 85
16 44 93
16 45 64
16 46 19
16 47 52
16 48 55
16 49 46
16 50 63
16 51 55
16 52 33
16 53 12
16 54 23
16 55 96
16 56 86
16 57 40
16 58 40
16 59 16
16 60 75
16 61 96
16 62 51
16 63 25
16 64 39
16 65 47
16 66 42
16 67 46
16 68 40
16 69 36
16 70 50
16 71 65
16 72 55
16 73 40
16 74 59
16 75 3
16 76 82
16 77 60
16 78 35
16 79 88
17 18 91
17 19 15
17 20 92
17 21 1
17 22 35
17 23 51
17 24 63
17 25 8
17 26 45
17 27 63
17 28 14
17 29 25
17 30 30
17 31 62
17 32 7
17 33 81
17 34 2
17 35 21
17 36 58
17 37 97
17 38 5
17 39 15
17 40 76
17 41 37
17 42 83
17 43 9
17 44 93
17 45 36
17 46 12
17 47 70
17 48 96
17 49 46
17 50 61
17 51 79
17 52 99
17 53 17
17 54 21
17 55 84
17 56 43
17 57 14
17 58 18
17 59 10
17 60 78
17 61 50
17 62 87
17 63 9
17 64 88
17 65 87
17 66 86
17 67 82
17 68 88
17 69 60
17 70 60
17 71 46
17 72 48
17 73 46
17 74 92
17 75 47
17 76 8
17 77 54
17 78 24
17 79 96
18 19 36
18 20 56
18 21 91
18 22 88
18 23 76
18 24 27
18 25 81
18 26 56
18 27 21
18 28 26
18 29 27
18 30 70
18 31 35
18 32 72
18 33 73
18 34 6
18 35 13
18 36 3
18 37 74
18 38 26
18 39 80
18 40 40
18 41 82
18 42 53
18 43 35
18 44 73
18 45 22
18 46 50
18 47 43
18 48 25
18 49 93
18 50 55
18 51 40
18 52 93
18 53 49
18 54 85
18 55 76
18 56 68
18 57 9
18 58 38
18 59 62
18 60 11
18 61 46
18 62 1
18 63 30
18 64 3
18 65 30
18 66 29
18 67 6
18 68 8
18 69 8
18 70 83
18 71 59
18 72 52
18 73 92
18 74 84
18 75 47
18 76 86
18 77 59
18 78 66
18 79 87
19 20 41
19 21 11
19 22 62
19 23 39
19 24 9
19 25 90
19 26 24
19 27 45
19 28 84
19 29 41
19 30 70
19 31 22
19 32 23
19 33 88
19 34 63
19 35 25
19 36 21
19 37 8
19 38 14
19 39 62
19 40 4
19 41 65
19 42 52
19 43 84
19 44 17
19 45 54
19 46 47
19 47 1
19 48 13
19 49 93
19 50 86
19 51 65
19 52 44
19 53 61
19 54 90
19 55 43
19 56 86
19 57 20
19 58 62
19 59 53
19 60 79
19 61 99
19 62 42
19 63 61
19 64 65
19 65 33
19 66 59
19 67 83
19 68 45
19 69 15
19 70 28
19 71 16
19 72 94
19 73 78
19 74 54
19 75 34
19 76 68
19 77 82
19 78 87
19 79 58
20 21 17
20 22 80
20 23 9
20 24 9
20 25 83
20 26 5
20 27 68
20 28 38
20 29 25
20 30 71
20 31 4
20 32 13
20 33 45
20 34 50
20 35 24
20 36 91
20 37 21
20 38 86
20 39 29
20 40 35
20 41 49
20 42 50
20 43 83
20 44 48
20 45 27
20 46 15
20 47 86
20 48 64
20 49 50
20 50 85
20 51 96
20 52 44
20 53 6
20 54 79
20 55 29
20 56 27
20 57 26
20 58 53
20 59 45
20 60 47
20 61 70
20 62 94
20 63 44
20 64 57
20 65 41
20 66 24
20 67 12
20 68 70
20 69 73
20 70 55
20 71 54
20 72 16
20 73 25
20 74 94
20 75 1
20 76 90
20 77 16
20 78 97
20 79 2
21 22 23
21 23 92
21 24 9
21 25 13
21 26 95
21 27 94
21 28 52
21 29 54
21 30 1
21 31 40
21 32 50
21 33 45
21 34 55
21 35 16
21 36 76
21 37 80
21 38 68
21 39 36
21 40 2
21 41 60
21 42 48
21 43 45
21 44 4
21 45 39
21 46 50
21 47 72
21 48 95
21 49 2
21 50 91
21 51 2
21 52 89
21 53 1
21 54 45
21 55 82
21 56 52
21 57 7
21 58 35
21 59 9
21 60 82
21 61 10
21 62 46
21 63 26
21 64 40
21 65 37
21 66 53
21 67 24
21 68 77
21 69 68
21 70 67
21 71 51
21 72 32
21 73 56
21 74 74
21 75 77
21 76 93
21 77 20
21 78 87
21 79 53
22 23 11
22 24 53
22 25 40
22 26 96
22 27 25
22 28 43
22 29 92
22 30 53
22 31 15
22 32 84
22 33 18
22 34 82
22 35 30
22 36 60
22 37 7
22 38 36
22 39 94
22 40 26
22 41 12
22 42 69
22 43 20
22 44 68
22 45 59
22 46 76
22 47 8
22 48 52
22 49 39
22 50 68
22 51 33
22 52 83
22 53 80
22 54 47
22 55 54
22 56 66
22 57 65
22 58 74
22 59 33
22 60 72
22 61 21
22 62 21
22 63 1
22 64 11
22 65 19
22 66 6
22 67 25
22 68 11
22 69 23
22 70 83
22 71 42
22 72 58
22 73 66
22 74 55
22 75 95
22 76 66
22 77 66
22 78 67
22 79 1
23 24 68
23 25 46
23 26 22
23 27 99
23 28 64
23 29 30
23 30 48
23 31 87
23 32 86
23 33 54
23 34 95
23 35 3
23 36 92
23 37 42
23 38 7
23 39 26
23 40 85
23 41 48
23 42 32
23 43 39
23 44 24
23 45 17
23 46 53
23 47 77
23 48 31
23 49 22
23 50 28
23 51 48
23 52 20
23 53 8
23 54 42
23 55 73
23 56 99
23 57 54
23 58 34
23 59 79
23 60 28
23 61 36
23 62 59
23 63 88
23 64 38
23 65 52
23 66 58
23 67 5
23 68 47
23 69 94
23 70 78
23 71 46
23 72 8
23 73 19
23 74 22
23 75 45
23 76 37
23 77 92
23 78 86
23 79 20
24 25 56
24 26 53
24 27 49
24 28 59
24 29 16
24 30 36
24 31 60
24 32 59
24 33 41
24 34 75
24 35 29
24 36 74
24 37 40
24 38 78
24 39 34
24 40 39
24 41 37
24 42 39
24 43 70
24 44 64
24 45 19
24 46 89
24 47 17
24 48 56
24 49 77
24 50 1
24 51 39
24 52 83
24 53 85
24 54 76
24 55 78
24 56 3
24 57 33
24 58 52
24 59 27
24 60 34
24 61 60
24 62 92
24 63 86
24 64 80
24 65 3
24 66 21
24 67 13
24 68 66
24 69 38
24 70 35
24 71 89
24 72 88
24 73 27
24 74 73
24 75 57
24 76 4
24 77 22
24 78 35
24 79 36
25 26 47
25 27 80
25 28 15
25 29 57
25 30 95
25 31 90
25 32 36
25 33 49
25 34 94
25 35 19
25 36 76
25 37 89
25 38 81
25 39 93
25 40 79
25 41 5
25 42 59
25 43 17
25 44 46
25 45 15
25 46 66
25 47 26
25 48 2
25 49 29
25 50 60
25 51 48
25 52 27
25 53 78
25 54 17
25 55 85
25 56 87
25 57 95
25 58 61
25 59 60
25 60 50
25 61 25
25 62 27
25 63 55
25 64 72
25 65 57
25 66 86
25 67 28
25 68 80
25 69 27
25 70 23
25 71 95
25 72 68
25 73 90
25 74 57
25 75 76
25 76 73
25 77 92
25 78 91
25 79 2
26 27 67
26 28 74
26 29 65
26 30 13
26 31 48
26 32 12
26 33 96
26 34 44
26 35 29
26 36 93
26 37 96
26 38 14
26 39 99
26 40 9
26 41 80
26 42 57
26 43 51
26 44 89
26 45 55
26 46 26
26 47 37
26 48 5
26 49 79
26 50 53
26 51 94
26 52 9
26 53 53
26 54 73
26 55 29
26 56 1
26 57 25
26 58 29
26 59 34
26 60 49
26 61 78
26 62 23
26 63 95
26 64 12
26 65 68
26 66 32
26 67 23
26 68 26
26 69 74
26 70 62
26 71 59
26 72 94
26 73 35
26 74 73
26 75 72
26 76 74
26 77 35
26 78 17
26 79 79
27 28 40
27 29 86
27 30 1
27 31 93
27 32 27
27 33 85
27 34 67
27 35 35
27 36 25
27 37 98
27 38 27
27 39 56
27 40 37
27 41 49
27 42 57
27 43 14
27 44 63
27 45 59
27 46 74
27 47 61
27 48 11
27 49 48
27 50 46
27 51 60
27 52 43
27 53 40
27 54 25
27 55 70
27 56 87
27 57 22
27 58 36
27 59 85
27 60 58
27 61 47
27 62 89
27 63 95
27 64 36
27 65 51
27 66 48
27 67 51
27 68 14
27 69 74
27 70 66
27 71 17
27 72 70
27 73 74
27 74 33
27 75 87
27 76 80
27 77 4
27 78 90
27 79 88
28 29 96
28 30 66
28 31 8
28 32 89
28 33 82
28 34 59
28 35 23
28 36 98
28 37 14
28 38 35
28 39 52
28 40 50
28 41 57
28 42 27
28 43 22
28 44 85
28 45 4
28 46 4
28 47 91
28 48 87
28 49 57
28 50 89
28 51 98
28 52 33
28 53 92
28 54 31
28 55 72
28 56 93
28 57 74
28 58 5
28 59 66
28 60 76
28 61 75
28 62 39
28 63 62
28 64 15
28 65 22
28 66 58
28 67 69
28 68 52
28 69 53
28 70 29
28 71 38
28 72 15
28 73 54
28 74 62
28 75 86
28 76 70
28 77 54
28 78 63
28 79 17
29 30 91
29 31 26
29 32 91
29 33 56
29 34 96
29 35 47
29 36 47
29 37 84
29 38 17
29 39 42
29 40 100
29 41 92
29 42 99
29 43 13
29 44 39
29 45 8
29 46 38
29 47 20
29 48 66
29 49 77
29 50 61
29 51 50
29 52 64
29 53 83
29 54 69
29 55 9
29 56 68
29 57 20
29 58 22
29 59 6
29 60 68
29 61 70
29 62 32
29 63 60
29 64 70
29 65 19
29 66 81
29 67 66
29 68 3
29 69 22
29 70 78
29 71 92
29 72 75
29 73 48
29 74 15
29 75 85
29 76 99
29 77 85
29 78 26
29 79 7
30 31 31
30 32 85
30 33 68
30 34 69
30 35 73
30 36 73
30 37 48
30 38 7
30 39 58
30 40 47
30 41 79
30 42 59
30 43 1
30 44 13
30 45 2
30 46 2
30 47 5
30 48 96
30 49 10
30 50 4
30 51 87
30 52 98
30 53 27
30 54 50
30 55 25
30 56 96
30 57 38
30 58 62
30 59 91
30 60 21
30 61 21
30 62 26
30 63 86
30 64 11
30 65 36
30 66 46
30 67 25
30 68 42
30 69 30
30 70 3
30 71 90
30 72 18
30 73 15
30 74 68
30 75 96
30 76 55
30 77 16
30 78 42
30 79 78
31 32 24
31 33 90
31 34 92
31 35 71
31 36 60
31 37 98
31 38 19
31 39 51
31 40 6
31 41 25
31 42 56
31 43 6
31 44 94
31 45 97
31 46 29
31 47 78
31 48 34
31 49 5
31 50 90
31 51 89
31 52 61
31 53 31
31 54 62
31 55 6
31 56 91
31 57 34
31 58 68
31 59 76
31 60 62
31 61 25
31 62 33
31 63 37
31 64 68
31 65 71
31 66 14
31 67 23
31 68 40
31 69 72
31 70 77
31 71 21
31 72 48
31 73 98
31 74 27
31 75 61
31 76 66
31 77 28
31 78 2
31 79 60
32 33 89
32 34 84
32 35 65
32 36 20
32 37 55
32 38 22
32 39 96
32 40 20
32 41 80
32 42 84
32 43 29
32 44 63
32 45 43
32 46 3
32 47 80
32 48 91
32 49 2
32 50 98
32 51 34
32 52 11
32 53 91
32 54 59
32 55 86
32 56 58
32 57 30
32 58 50
32 59 97
32 60 5
32 61 41
32 62 21
32 63 22
32 64 25
32 65 100
32 66 92
32 67 22
32 68 20
32 69 61
32 70 89
32 71 32
32 72 35
32 73 25
32 74 19
32 75 100
32 76 53
32 77 11
32 78 93
32 79 68
33 34 3
33 35 93
33 36 19
33 37 27
33 38 86
33 39 4
33 40 40
33 41 97
33 42 98
33 43 28
33 44 22
33 45 98
33 46 40
33 47 57
33 48 77
33 49 8
33 50 81
33 51 9
33 52 28
33 53 6
33 54 1
33 55 61
33 56 100
33 57 71
33 58 73
33 59 65
33 60 63
33 61 51
33 62 24
33 63 50
33 64 91
33 65 93
33 66 91
33 67 82
33 68 52
33 69 35
33 70 33
33 71 92
33 72 17
33 73 43
33 74 92
33 75 96
33 76 32
33 77 38
33 78 67
33 79 33
34 35 88
34 36 56
34 37 59
34 38 86
34 39 96
34 40 75
34 41 86
34 42 49
34 43 23
34 44 58
34 45 98
34 46 14
34 47 80
34 48 66
34 49 61
34 50 58
34 51 96
34 52 5
34 53 37
34 54 97
34 55 34
34 56 9
34 57 5
34 58 79
34 59 100
34 60 46
34 61 69
34 62 62
34 63 24
34 64 44
34 65 81
34 66 9
34 67 53
34 68 77
34 69 42
34 70 40
34 71 76
34 72 63
34 73 29
34 74 8
34 75 24
34 76 15
34 77 62
34 78 85
34 79 49
35 36 95
35 37 73
35 38 21
35 39 20
35 40 33
35 41 18
35 42 96
35 43 43
35 44 62
35 45 73
35 46 45
35 47 57
35 48 78
35 49 72
35 50 74
35 51 4
35 52 73
35 53 70
35 54 12
35 55 37
35 56 97
35 57 81
35 58 38
35 59 3
35 60 46
35 61 52
35 62 31
35 63 36
35 64 56
35 65 85
35 66 15
35 67 52
35 68 53
35 69 88
35 70 67
35 71 14
35 72 18
35 73 65
35 74 60
35 75 36
35 76 84
35 77 15
35 78 51
35 79 1
36 37 71
36 38 81
36 39 98
36 40 31
36 41 55
36 42 96
36 43 85
36 44 67
36 45 43
36 46 11
36 47 99
36 48 39
36 49 79
36 50 93
36 51 15
36 52 33
36 53 92
36 54 85
36 55 49
36 56 48
36 57 19
36 58 17
36 59 7
36 60 98
36 61 51
36 62 89
36 63 67
36 64 35
36 65 1
36 66 75
36 67 80
36 68 87
36 69 39
36 70 83
36 71 27
36 72 65
36 73 68
36 74 99
36 75 27
36 76 61
36 77 54
36 78 4
36 79 81
37 38 72
37 39 40
37 40 95
37 41 44
37 42 54
37 43 47
37 44 47
37 45 5
37 46 92
37 47 32
37 48 61
37 49 28
37 50 89
37 51 5
37 52 58
37 53 3
37 54 48
37 55 31
37 56 13
37 57 75
37 58 81
37 59 22
37 60 55
37 61 15
37 62 35
37 63 23
37 64 48
37 65 52
37 66 77
37 67 79
37 68 53
37 69 94
37 70 13
37 71 58
37 72 86
37 73 42
37 74 16
37 75 72
37 76 76
37 77 35
37 78 82
37 79 52
38 39 41
38 40 54
38 41 97
38 42 85
38 43 93
38 44 59
38 45 12
38 46 62
38 47 34
38 48 69
38 49 15
38 50 14
38 51 73
38 52 55
38 53 12
38 54 98
38 55 9
38 56 46
38 57 48
38 58 100
38 59 81
38 60 36
38 61 56
38 62 28
38 63 29
38 64 39
38 65 1
38 66 87
38 67 4
38 68 61
38 69 7
38 70 39
38 71 15
38 72 79
38 73 56
38 74 37
38 75 37
38 76 13
38 77 96
38 78 89
38 79 88
39 40 83
39 41 63
39 42 53
39 43 64
39 44 22
39 45 92
39 46 100
39 47 20
39 48 68
39 49 97
39 50 32
39 51 36
39 52 63
39 53 54
39 54 99
39 55 43
39 56 99
39 57 65
39 58 35
39 59 97
39 60 49
39 61 65
39 62 61
39 63 39
39 64 1
39 65 98
39 66 27
39 67 26
39 68 22
39 69 69
39 70 90
39 71 15
39 72 75
39 73 29
39 74 19
39 75 45
39 76 64
39 77 28
39 78 15
39 79 62
40 41 82
40 42 48
40 43 31
40 44 75
40 45 92
40 46 59
40 47 69
40 48 69
40 49 81
40 50 73
40 51 100
40 52 64
40 53 17
40 54 13
40 55 15
40 56 3
40 57 81
40 58 83
40 59 18
40 60 51
40 61 95
40 62 4
40 63 87
40 64 73
40 65 100
40 66 66
40 67 50
40 68 84
40 69 61
40 70 3
40 71 69
40 72 20
40 73 34
40 74 90
40 75 71
40 76 51
40 77 13
40 78 80
40 79 86
41 42 94
41 43 31
41 44 98
41 45 9
41 46 60
41 47 78
41 48 7
41 49 81
41 50 87
41 51 85
41 52 91
41 53 83
41 54 13
41 55 21
41 56 38
41 57 41
41 58 100
41 59 95
41 60 51
41 61 27
41 62 84
41 63 80
41 64 47
41 65 21
41 66 68
41 67 74
41 68 59
41 69 1
41 70 71
41 71 95
41 72 4
41 73 83
41 74 21
41 75 64
41 76 38
41 77 60
41 78 67
41 79 36
42 43 16
42 44 60
42 45 99
42 46 100
42 47 47
42 48 51
42 49 52
42 50 59
42 51 36
42 52 34
42 53 98
42 54 99
42 55 31
42 56 31
42 57 59
42 58 36
42 59 23
42 60 7
42 61 88
42 62 59
42 63 76
42 64 34
42 65 39
42 66 54
42 67 14
42 68 17
42 69 46
42 70 44
42 71 73
42 72 6
42 73 6
42 74 86
42 75 34
42 76 8
42 77 26
42 78 77
42 79 68
43 44 86
43 45 66
43 46 50
43 47 9
43 48 63
43 49 87
43 50 98
43 51 75
43 52 42
43 53 11
43 54 73
43 55 20
43 56 72
43 57 14
43 58 71
43 59 9
43 60 2
43 61 98
43 62 87
43 63 11
43 64 45
43 65 85
43 66 66
43 67 68
43 68 52
43 69 57
43 70 66
43 71 18
43 72 4
43 73 35
43 74 34
43 75 74
43 76 50
43 77 82
43 78 16
43 79 23
44 45 51
44 46 36
44 47 59
44 48 91
44 49 45
44 50 7
44 51 24
44 52 70
44 53 100
44 54 56
44 55 49
44 56 87
44 57 98
44 58 48
44 59 4
44 60 20
44 61 10
44 62 16
44 63 2
44 64 43
44 65 42
44 66 55
44 67 11
44 68 80
44 69 58
44 70 60
44 71 19
44 72 2
44 73 19
44 74 64
44 75 96
44 76 14
44 77 34
44 78 20
44 79 9
45 46 61
45 47 24
45 48 95
45 49 46
45 50 18
45 51 77
45 52 16
45 53 93
45 54 41
45 55 86
45 56 82
45 57 3
45 58 92
45 59 29
45 60 16
45 61 92
45 62 32
45 63 40
45 64 61
45 65 55
45 66 91
45 67 76
45 68 99
45 69 9
45 70 32
45 71 56
45 72 17
45 73 95
45 74 22
45 75 62
45 76 8
45 77 67
45 78 29
45 79 9
46 47 85
46 48 36
46 49 33
46 50 72
46 51 57
46 52 33
46 53 45
46 54 59
46 55 62
46 56 21
46 57 80
46 58 72
46 59 89
46 60 69
46 61 45
46 62 70
46 63 35
46 64 59
46 65 99
46 66 52
46 67 15
46 68 47
46 69 31
46 70 42
46 71 38
46 72 57
46 73 40
46 74 82
46 75 74
46 76 58
46 77 46
46 78 25
46 79 36
47 48 64
47 49 88
47 50 93
47 51 97
47 52 25
47 53 91
47 54 28
47 55 66
47 56 7
47 57 36
47 58 8
47 59 83
47 60 95
47 61 72
47 62 22
47 63 30
47 64 72
47 65 6
47 66 31
47 67 19
47 68 42
47 69 30
47 70 46
47 71 56
47 72 64
47 73 82
47 74 62
47 75 87
47 76 84
47 77 27
47 78 84
47 79 14
48 49 3
48 50 7
48 51 3
48 52 82
48 53 8
48 54 80
48 55 28
48 56 35
48 57 58
48 58 2
48 59 25
48 60 20
48 61 42
48 62 10
48 63 8
48 64 58
48 65 68
48 66 38
48 67 88
48 68 69
48 69 45
48 70 4
48 71 57
48 72 36
48 73 69
48 74 35
48 75 62
48 76 7
48 77 62
48 78 33
48 79 74
49 50 73
49 51 38
49 52 36
49 53 60
49 54 10
49 55 52
49 56 79
49 57 32
49 58 12
49 59 62
49 60 89
49 61 91
49 62 32
49 63 80
49 64 77
49 65 17
49 66 43
49 67 33
49 68 51
49 69 11
49 70 2
49 71 85
49 72 54
49 73 98
49 74 4
49 75 81
49 76 81
49 77 26
49 78 6
49 79 38
50 51 74
50 52 64
50 53 61
50 54 28
50 55 65
50 56 59
50 57 34
50 58 37
50 59 10
50 60 2
50 61 15
50 62 3
50 63 78
50 64 69
50 65 68
50 66 71
50 67 57
50 68 72
50 69 25
50 70 65
50 71 3
50 72 80
50 73 28
50 74 86
50 75 75
50 76 7
50 77 65
50 78 75
50 79 76
51 52 51
51 53 38
51 54 69
51 55 85
51 56 71
51 57 24
51 58 51
51 59 96
51 60 25
51 61 1
51 62 66
51 63 3
51 64 53
51 65 29
51 66 52
51 67 82
51 68 12
51 69 58
51 70 68
51 71 70
51 72 96
51 73 97
51 74 63
51 75 93
51 76 26
51 77 53
51 78 12
51 79 68
52 53 79
52 54 20
52 55 82
52 56 61
52 57 57
52 58 66
52 59 11
52 60 65
52 61 66
52 62 85
52 63 45
52 64 55
52 65 72
52 66 51
52 67 99
52 68 76
52 69 71
52 70 97
52 71 75
52 72 89
52 73 100
52 74 19
52 75 90
52 76 46
52 77 30
52 78 61
52 79 72
53 54 27
53 55 96
53 56 90
53 57 73
53 58 10
53 59 91
53 60 85
53 61 72
53 62 24
53 63 45
53 64 19
53 65 15
53 66 92
53 67 62
53 68 27
53 69 59
53 70 63
53 71 50
53 72 93
53 73 88
53 74 61
53 75 6
53 76 55
53 77 46
53 78 96
53 79 53
54 55 1
54 56 98
54 57 28
54 58 66
54 59 25
54 60 8
54 61 58
54 62 37
54 63 7
54 64 59
54 65 80
54 66 74
54 67 73
54 68 39
54 69 28
54 70 63
54 71 12
54 72 69
54 73 32
54 74 48
54 75 37
54 76 23
54 77 47
54 78 71
54 79 86
55 56 32
55 57 34
55 58 55
55 59 75
55 60 68
55 61 80
55 62 32
55 63 71
55 64 43
55 65 53
55 66 26
55 67 32
55 68 42
55 69 64
55 70 32
55 71 45
55 72 75
55 73 93
55 74 14
55 75 90
55 76 92
55 77 24
55 78 41
55 79 79
56 57 79
56 58 26
56 59 62
56 60 17
56 61 17
56 62 79
56 63 15
56 64 1
56 65 85
56 66 92
56 67 60
56 68 59
56 69 55
56 70 63
56 71 94
56 72 14
56 73 94
56 74 67
56 75 87
56 76 4
56 77 2
56 78 19
56 79 80
57 58 37
57 59 2
57 60 94
57 61 68
57 62 58
57 63 45
57 64 18
57 65 50
57 66 66
57 67 62
57 68 42
57 69 71
57 70 22
57 71 20
57 72 22
57 73 72
57 74 99
57 75 57
57 76 38
57 77 16
57 78 23
57 79 49
58 59 95
58 60 67
58 61 3
58 62 79
58 63 63
58 64 78
58 65 85
58 66 56
58 67 18
58 68 78
58 69 45
58 70 37
58 71 33
58 72 5
58 73 98
58 74 93
58 75 3
58 76 23
58 77 60
58 78 37
58 79 95
59 60 13
59 61 37
59 62 7
59 63 22
59 64 18
59 65 73
59 66 65
59 67 1
59 68 82
59 69 79
59 70 41
59 71 90
59 72 60
59 73 85
59 74 23
59 75 21
59 76 87
59 77 56
59 78 58
59 79 64
60 61 51
60 62 61
60 63 81
60 64 14
60 65 46
60 66 28
60 67 61
60 68 59
60 69 13
60 70 12
60 71 80
60 72 68
60 73 69
60 74 15
60 75 38
60 76 65
60 77 62
60 78 80
60 79 28
61 62 34
61 63 79
61 64 18
61 65 10
61 66 19
61 67 24
61 68 41
61 69 2
61 70 65
61 71 97
61 72 24
61 73 63
61 74 60
61 75 74
61 76 18
61 77 42
61 78 90
61 79 97
62 63 65
62 64 76
62 65 70
62 66 16
62 67 50
62 68 80
62 69 46
62 70 19
62 71 13
62 72 56
62 73 24
62 74 99
62 75 22
62 76 15
62 77 90
62 78 52
62 79 2
63 64 95
63 65 78
63 66 99
63 67 61
63 68 8
63 69 28
63 70 5
63 71 71
63 72 51
63 73 71
63 74 52
63 75 76
63 76 77
63 77 91
63 78 9
63 79 26
64 65 3
64 66 45
64 67 60
64 68 33
64 69 32
64 70 62
64 71 51
64 72 50
64 73 17
64 74 42
64 75 22
64 76 98
64 77 43
64 78 98
64 79 8
65 66 70
65 67 46
65 68 8
65 69 40
65 70 16
65 71 79
65 72 12
65 73 97
65 74 73
65 75 14
65 76 42
65 77 13
65 78 73
65 79 62
66 67 71
66 68 25
66 69 2
66 70 23
66 71 45
66 72 52
66 73 95
66 74 23
66 75 96
66 76 30
66 77 23
66 78 19
66 79 35
67 68 41
67 69 71
67 70 85
67 71 47
67 72 20
67 73 13
67 74 22
67 75 68
67 76 21
67 77 15
67 78 86
67 79 56
68 69 33
68 70 84
68 71 87
68 72 43
68 73 45
68 74 24
68 75 20
68 76 12
68 77 28
68 78 4
68 79 35
69 70 59
69 71 95
69 72 23
69 73 55
69 74 73
69 75 30
69 76 52
69 77 92
69 78 81
69 79 1
70 71 59
70 72 28
70 73 29
70 74 20
70 75 24
70 76 71
70 77 42
70 78 23
70 79 97
71 72 2
71 73 19
71 74 27
71 75 52
71 76 60
71 77 30
71 78 1
71 79 74
72 73 77
72 74 77
72 75 19
72 76 47
72 77 12
72 78 59
72 79 9
73 74 1
73 75 16
73 76 96
73 77 99
73 78 25
73 79 98
74 75 6
74 76 72
74 77 66
74 78 63
74 79 40
75 76 2
75 77 87
75 78 20
75 79 21
76 77 23
76 78 7
76 79 98
77 78 40
77 79 33
78 79 6
