80 3160
0 1 33
0 2 8
0 3 88
0 4 14
0 5 5
0 6 94
0 7 89
0 8 7
0 9 25
0 10 16
0 11 19
0 12 17
0 13 34
0 14 29
0 15 77
0 16 47
0 17 53
0 18 89
0 19 4
0 20 65
0 21 84
0 22 75
0 23 34
0 24 80
0 25 62
0 26 78
0 27 35
0 28 31
0 29 82
0 30 36
0 31 2
0 32 95
0 33 26
0 34 68
0 35 15
0 36 85
0 37 23
0 38 94
0 39 28
0 40 18
0 41 18
0 42 49
0 43 80
0 44 62
0 45 12
0 46 98
0 47 8
0 48 76
0 49 8
0 50 99
0 51 89
0 52 47
0 53 56
0 54 18
0 55 56
0 56 4
0 57 42
0 58 14
0 59 36
0 60 21
0 61 33
0 62 66
0 63 71
0 64 30
0 65 32
0 66 38
0 67 100
0 68 44
0 69 49
0 70 86
0 71 20
0 72 38
0 73 27
0 74 12
0 75 92
0 76 53
0 77 14
0 78 16
0 79 70
1 2 96
1 3 61
1 4 55
1 5 88
1 6 88
1 7 97
1 8 29
1 9 100
1 10 51
1 11 2
1 12 61
1 13 69
1 14 79
1 15 84
1 16 80
1 17 87
1 18 8
1 19 92
1 20 23
1 21 85
1 22 25
1 23 76
1 24 68
1 25 35
1 26 36
1 27 11
1 28 55
1 29 95
1 30 1
1 31 4
1 32 60
1 33 44
1 34 3
1 35 36
1 36 83
1 37 15
1 38 81
1 39 46
1 40 63
1 41 53
1 42 59
1 43 96
1 44 62
1 45 72
1 46 90
1 47 3
1 48 2
1 49 54
1 50 99
1 51 94
1 52 59
1 53 41
1 54 45
1 55 32
1 56 76
1 57 76
1 58 52
1 59 87
1 60 94
1 61 60
1 62 62
1 63 78
1 64 47
1 65 88
1 66 97
1 67 22
1 68 88
1 69 5
1 70 1
1 71 73
1 72 79
1 73 64
1 74 69
1 75 42
1 76 59
1 77 19
1 78 51
1 79 17
2 3 42
2 4 83
2 5 16
2 6 77
2 7 82
2 8 13
2 9 38
2 10 79
2 11 96
2 12 7
2 13 60
2 14 51
2 15 91
2 16 65
2 17 43
2 18 38
2 19 7
2 20 89
2 21 59
2 22 39
2 23 59
2 24 3
2 25 42
2 26 38
2 27 17
2 28 100
2 29 8
2 30 22
2 31 19
2 32 14
2 33 74
2 34 73
2 35 36
2 36 19
2 37 46
2 38 69
2 39 68
2 40 9
2 41 85
2 42 44
2 43 56
2 44 85
2 45 49
2 46 17
2 47 77
2 48 77
2 49 69
2 50 43
2 51 27
2 52 84
2 53 60
2 54 16
2 55 63
2 56 65
2 57 28
2 58 10
2 59 11
2 60 79
2 61 71
2 62 72
2 63 54
2 64 83
2 65 80
2 66 3
2 67 5
2 68 67
2 69 2
2 70 53
2 71 49
2 72 90
2 73 50
2 74 5
2 75 52
2 76 41
2 77 82
2 78 29
2 79 83
3 4 86
3 5 61
3 6 52
3 7 62
3 8 22
3 9 36
3 10 29
3 11 35
3 12 13
3 13 21
3 14 83
3 15 40
3 16 88
3 17 62
3 18 96
3 19 15
3 20 32
3 21 94
3 22 48
3 23 8
3 24 30
3 25 13
3 26 87
3 27 70
3 28 84
3 29 66
3 30 55
3 31 14
3 32 94
3 33 37
3 34 57
3 35 7
3 36 50
3 37 59
3 38 27
3 39 68
3 40 11
3 41 71
3 42 54
3 43 10
3 44 43
3 45 55
3 46 52
3 47 38
3 48 9
3 49 27
3 50 8
3 51 49
3 52 51
3 53 23
3 54 9
3 55 22
3 56 12
3 57 10
3 58 67
3 59 51
3 60 100
3 61 79
3 62 65
3 63 80
3 64 55
3 65 36
3 66 39
3 67 77
3 68 68
3 69 40
3 70 34
3 71 34
3 72 28
3 73 52
3 74 50
3 75 98
3 76 81
3 77 28
3 78 47
3 79 59
4 5 64
4 6 3
4 7 5
4 8 53
4 9 91
4 10 54
4 11 28
4 12 13
4 13 4
4 14 65
4 15 63
4 16 12
4 17 70
4 18 77
4 19 39
4 20 98
4 21 46
4 22 50
4 23 28
4 24 71
4 25 23
4 26 90
4 27 18
4 28 10
4 29 25
4 30 33
4 31 94
4 32 60
4 33 13
4 34 72
4 35 99
4 36 52
4 37 57
4 38 6
4 39 8
4 40 16
4 41 44
4 42 45
4 43 5
4 44 50
4 45 5
4 46 4
4 47 26
4 48 95
4 49 6
4 50 2
4 51 53
4 52 8
4 53 26
4 54 43
4 55 65
4 56 88
4 57 8
4 58 59
4 59 91
4 60 59
4 61 29
4 62 19
4 63 59
4 64 97
4 65 100
4 66 72
4 67 26
4 68 85
4 69 91
4 70 84
4 71 98
4 72 49
4 73 29
4 74 27
4 75 44
4 76 75
4 77 91
4 78 47
4 79 13
5 6 37
5 7 52
5 8 85
5 9 23
5 10 97
5 11 43
5 12 84
5 13 53
5 14 79
5 15 56
5 16 92
5 17 96
5 18 20
5 19 9
5 20 41
5 21 57
5 22 38
5 23 60
5 24 95
5 25 83
5 26 8
5 27 13
5 28 86
5 29 16
5 30 89
5 31 8
5 32 97
5 33 96
5 34 51
5 35 6
5 36 61
5 37 5
5 38 25
5 39 14
5 40 70
5 41 96
5 42 27
5 43 73
5 44 2
5 45 29
5 46 2
5 47 43
5 48 70
5 49 96
5 50 84
5 51 21
5 52 18
5 53 87
5 54 46
5 55 95
5 56 68
5 57 80
5 58 17
5 59 11
5 60 47
5 61 6
5 62 69
5 63 35
5 64 82
5 65 26
5 66 39
5 67 85
5 68 48
5 69 93
5 70 69
5 71 97
5 72 67
5 73 60
5 74 6
5 75 81
5 76 57
5 77 34
5 78 21
5 79 71
6 7 95
6 8 13
6 9 63
6 10 18
6 11 53
6 12 58
6 13 89
6 14 8
6 15 27
6 16 50
6 17 74
6 18 85
6 19 100
6 20 91
6 21 84
6 22 68
6 23 60
6 24 60
6 25 33
6 26 25
6 27 54
6 28 27
6 29 53
6 30 23
6 31 42
6 32 14
6 33 70
6 34 33
6 35 4
6 36 4
6 37 98
6 38 47
6 39 10
6 40 86
6 41 87
6 42 96
6 43 19
6 44 60
6 45 85
6 46 83
6 47 83
6 48 34
6 49 5
6 50 72
6 51 58
6 52 54
6 53 19
6 54 79
6 55 3
6 56 59
6 57 17
6 58 47
6 59 34
6 60 67
6 61 54
6 62 56
6 63 48
6 64 75
6 65 66
6 66 88
6 67 48
6 68 93
6 69 45
6 70 29
6 71 18
6 72 55
6 73 4
6 74 44
6 75 37
6 76 38
6 77 59
6 78 36
6 79 68
7 8 87
7 9 91
7 10 50
7 11 99
7 12 72
7 13 53
7 14 92
7 15 87
7 16 15
7 17 56
7 18 7
7 19 98
7 20 78
7 21 27
7 22 85
7 23 87
7 24 25
7 25 79
7 26 75
7 27 60
7 28 10
7 29 81
7 30 74
7 31 14
7 32 32
7 33 82
7 34 23
7 35 13
7 36 32
7 37 71
7 38 21
7 39 70
7 40 48
7 41 92
7 42 56
7 43 63
7 44 79
7 45 9
7 46 75
7 47 99
7 48 61
7 49 54
7 50 39
7 51 90
7 52 78
7 53 76
7 54 14
7 55 72
7 56 13
7 57 12
7 58 81
7 59 8
7 60 67
7 61 85
7 62 87
7 63 71
7 64 88
7 65 98
7 66 11
7 67 57
7 68 92
7 69 26
7 70 25
7 71 90
7 72 55
7 73 32
7 74 20
7 75 88
7 76 79
7 77 39
7 78 39
7 79 90
8 9 8
8 10 99
8 11 82
8 12 11
8 13 12
8 14 56
8 15 55
8 16 92
8 17 21
8 18 43
8 19 23
8 20 47
8 21 47
8 22 56
8 23 5
8 24 99
8 25 5
8 26 66
8 27 91
8 28 6
8 29 53
8 30 10
8 31 86
8 32 15
8 33 45
8 34 66
8 35 25
8 36 48
8 37 51
8 38 24
8 39 53
8 40 94
8 41 1
8 42 100
8 43 13
8 44 20
8 45 80
8 46 75
8 47 5
8 48 58
8 49 42
8 50 46
8 51 2
8 52 15
8 53 42
8 54 44
8 55 62
8 56 95
8 57 43
8 58 44
8 59 90
8 60 35
8 61 3
8 62 3
8 63 14
8 64 52
8 65 61
8 66 76
8 67 92
8 68 46
8 69 47
8 70 54
8 71 8
8 72 81
8 73 67
8 74 21
8 75 37
8 76 1
8 77 83
8 78 18
8 79 79
9 10 23
9 11 9
9 12 27
9 13 6
9 14 60
9 15 98
9 16 75
9 17 74
9 18 94
9 19 33
9 20 6
9 21 56
9 22 46
9 23 12
9 24 99
9 25 95
9 26 79
9 27 77
9 28 21
9 29 3
9 30 78
9 31 12
9 32 88
9 33 36
9 34 19
9 35 54
9 36 79
9 37 70
9 38 28
9 39 55
9 40 2
9 41 68
9 42 6
9 43 74
9 44 48
9 45 2
9 46 97
9 47 82
9 48 54
9 49 68
9 50 78
9 51 92
9 52 13
9 53 78
9 54 73
9 55 24
9 56 11
9 57 46
9 58 81
9 59 99
9 60 4
9 61 51
9 62 52
9 63 49
9 64 58
9 65 16
9 66 8
9 67 5
9 68 67
9 69 88
9 70 57
9 71 61
9 72 59
9 73 78
9 74 89
9 75 48
9 76 76
9 77 37
9 78 33
9 79 89
10 11 49
10 12 47
10 13 23
10 14 30
10 15 61
10 16 76
10 17 24
10 18 5
10 19 35
10 20 77
10 21 85
10 22 59
10 23 53
10 24 48
10 25 71
10 26 79
10 27 81
10 28 3
10 29 14
10 30 97
10 31 57
10 32 64
10 33 9
10 34 96
10 35 74
10 36 73
10 37 92
10 38 43
10 39 21
10 40 83
10 41 12
10 42 92
10 43 67
10 44 29
10 45 65
10 46 79
10 47 51
10 48 49
10 49 65
10 50 22
10 51 62
10 52 8
10 53 69
10 54 90
10 55 53
10 56 97
10 57 81
10 58 37
10 59 81
10 60 13
10 61 39
10 62 47
10 63 64
10 64 49
10 65 70
10 66 77
10 67 68
10 68 71
10 69 22
10 70 6
10 71 22
10 72 40
10 73 9
10 74 76
10 75 27
10 76 19
10 77 31
10 78 87
10 79 90
11 12 63
11 13 80
11 14 67
11 15 50
11 16 7
11 17 15
11 18 11
11 19 85
11 20 78
11 21 18
11 22 73
11 23 16
11 24 26
11 25 94
11 26 11
11 27 29
11 28 89
11 29 60
11 30 59
11 31 72
11 32 81
11 33 84
11 34 88
11 35 16
11 36 94
11 37 22
11 38 82
11 39 24
11 40 69
11 41 80
11 42 47
11 43 72
11 44 18
11 45 84
11 46 7
11 47 66
11 48 35
11 49 11
11 50 83
11 51 80
11 52 1
11 53 33
11 54 61
11 55 77
11 56 34
11 57 76
11 58 8
11 59 80
11 60 44
11 61 76
11 62 2
11 63 63
11 64 31
11 65 49
11 66 11
11 67 94
11 68 58
11 69 23
11 70 93
11 71 36
11 72 31
11 73 1
11 74 84
11 75 75
11 76 52
11 77 36
11 78 37
11 79 88
12 13 97
12 14 54
12 15 39
12 16 13
12 17 15
12 18 14
12 19 79
12 20 82
12 21 2
12 22 28
12 23 7
12 24 51
12 25 59
12 26 80
12 27 36
12 28 41
12 29 64
12 30 78
12 31 72
12 32 64
12 33 100
12 34 17
12 35 56
12 36 42
12 37 42
12 38 4
12 39 51
12 40 61
12 41 52
12 42 36
12 43 88
12 44 55
12 45 24
12 46 20
12 47 66
12 48 4
12 49 77
12 50 23
12 51 100
12 52 35
12 53 59
12 54 84
12 55 63
12 56 89
12 57 77
12 58 83
12 59 90
12 60 45
12 61 30
12 62 5
12 63 4
12 64 4
12 65 5
12 66 75
12 67 21
12 68 81
12 69 7
12 70 29
12 71 85
12 72 87
12 73 100
12 74 23
12 75 74
12 76 49
12 77 2
12 78 69
12 79 64
13 14 33
13 15 25
13 16 55
13 17 79
13 18 70
13 19 82
13 20 24
13 21 52
13 22 9
13 23 71
13 24 33
13 25 73
13 26 31
13 27 59
13 28 47
13 29 50
13 30 38
13 31 65
13 32 39
13 33 26
13 34 79
13 35 21
13 36 67
13 37 74
13 38 17
13 39 52
13 40 94
13 41 23
13 42 72
13 43 53
13 44 62
13 45 32
13 46 75
13 47 17
13 48 86
13 49 78
13 50 53
13 51 53
13 52 44
13 53 80
13 54 10
13 55 93
13 56 34
13 57 92
13 58 58
13 59 26
13 60 77
13 61 28
13 62 43
13 63 34
13 64 60
13 65 8
13 66 19
13 67 31
13 68 25
13 69 68
13 70 77
13 71 2
13 72 86
13 73 75
13 74 99
13 75 7
13 76 36
13 77 69
13 78 14
13 79 2
14 15 54
14 16 1
14 17 70
14 18 38
14 19 1
14 20 36
14 21 9
14 22 31
14 23 51
14 24 45
14 25 49
14 26 64
14 27 81
14 28 87
14 29 72
14 30 95
14 31 40
14 32 11
14 33 58
14 34 69
14 35 31
14 36 6
14 37 53
14 38 94
14 39 97
14 40 2
14 41 80
14 42 31
14 43 41
14 44 75
14 45 2
14 46 47
14 47 34
14 48 26
14 49 63
14 50 45
14 51 41
14 52 9
14 53 75
14 54 59
14 55 35
14 56 43
14 57 13
14 58 11
14 59 13
14 60 4
14 61 13
14 62 81
14 63 61
14 64 91
14 65 18
14 66 66
14 67 52
14 68 100
14 69 76
14 70 73
14 71 8
14 72 88
14 73 88
14 74 46
14 75 76
14 76 87
14 77 77
14 78 37
14 79 14
15 16 39
15 17 49
15 18 11
15 19 75
15 20 72
15 21 79
15 22 18
15 23 16
15 24 1
15 25 29
15 26 24
15 27 93
15 28 29
15 29 56
15 30 6
15 31 98
15 32 95
15 33 91
15 34 1
15 35 46
15 36 66
15 37 8
15 38 19
15 39 94
15 40 72
15 41 11
15 42 42
15 43 47
15 44 96
15 45 6
15 46 16
15 47 31
15 48 72
15 49 34
15 50 95
15 51 52
15 52 39
15 53 48
15 54 48
15 55 16
15 56 94
15 57 69
15 58 59
15 59 27
15 60 67
15 61 27
15 62 61
15 63 15
15 64 55
15 65 49
15 66 41
15 67 50
15 68 14
15 69 26
15 70 42
15 71 34
15 72 29
15 73 82
15 74 45
15 75 22
15 76 19
15 77 84
15 78 2
15 79 81
16 17 90
16 18 27
16 19 68
16 20 82
16 21 16
16 22 66
16 23 64
16 24 79
16 25 66
16 26 9
16 27 70
16 28 41
16 29 66
16 30 68
16 31 74
16 32 19
16 33 81
16 34 88
16 35 29
16 36 94
16 37 74
16 38 83
16 39 74
16 40 22
16 41 68
16 42 29
16 43 24
16 44 51
16 45 10
16 46 40
16 47 22
16 48 89
16 49 56
16 50 91
16 51 22
16 52 13
16 53 34
16 54 64
16 55 21
16 56 6
16 57 75
16 58 18
16 59 57
16 60 97
16 61 46
16 62 73
16 63 69
16 64 3
16 65 40
16 66 22
16 67 67
16 68 34
16 69 19
16 70 62
16 71 12
16 72 62
16 73 54
16 74 78
16 75 67
16 76 23
16 77 28
16 78 33
16 79 54
17 18 78
17 19 52
17 20 25
17 21 56
17 22 56
17 23 73
17 24 88
17 25 64
17 26 46
17 27 62
17 28 73
17 29 80
17 30 61
17 31 60
17 32 15
17 33 39
17 34 23
17 35 75
17 36 86
17 37 87
17 38 30
17 39 13
17 40 88
17 41 58
17 42 31
17 43 55
17 44 35
17 45 43
17 46 69
17 47 22
17 48 45
17 49 99
17 50 39
17 51 43
17 52 33
17 53 13
17 54 84
17 55 70
17 56 97
17 57 95
17 58 83
17 59 52
17 60 34
17 61 53
17 62 84
17 63 65
17 64 25
17 65 41
17 66 32
17 67 14
17 68 100
17 69 51
17 70 19
17 71 24
17 72 26
17 73 39
17 74 16
17 75 33
17 76 70
17 77 34
17 78 80
17 79 25
18 19 42
18 20 42
18 21 16
18 22 14
18 23 29
18 24 7
18 25 52
18 26 15
18 27 66
18 28 60
18 29 18
18 30 23
18 31 34
18 32 29
18 33 42
18 34 23
18 35 99
18 36 38
18 37 19
18 38 79
18 39 90
18 40 17
18 41 93
18 42 33
18 43 79
18 44 24
18 45 8
18 46 65
18 47 42
18 48 94
18 49 6
18 50 70
18 51 24
18 52 26
18 53 34
18 54 17
18 55 64
18 56 24
18 57 90
18 58 95
18 59 71
18 60 80
18 61 45
18 62 89
18 63 61
18 64 88
18 65 39
18 66 59
18 67 68
18 68 34
18 69 38
18 70 71
18 71 62
18 72 86
18 73 96
18 74 90
18 75 38
18 76 16
18 77 96
18 78 74
18 79 14
19 20 86
19 21 29
19 22 73
19 23 87
19 24 13
19 25 26
19 26 19
19 27 23
19 28 76
19 29 3
19 30 77
19 31 2
19 32 4
19 33 88
19 34 65
19 35 9
19 36 76
19 37 97
19 38 14
19 39 98
19 40 90
19 41 9
19 42 97
19 43 60
19 44 67
19 45 50
19 46 82
19 47 64
19 48 60
19 49 22
19 50 100
19 51 39
19 52 46
19 53 45
19 54 33
19 55 10
19 56 91
19 57 23
19 58 41
19 59 79
19 60 28
19 61 82
19 62 9
19 63 77
19 64 82
19 65 45
19 66 41
19 67 37
19 68 51
19 69 97
19 70 14
19 71 42
19 72 7
19 73 48
19 74 27
19 75 32
19 76 3
19 77 47
19 78 21
19 79 81
20 21 54
20 22 82
20 23 38
20 24 29
20 25 42
20 26 71
20 27 36
20 28 70
20 29 71
20 30 52
20 31 87
20 32 70
20 33 41
20 34 21
20 35 80
20 36 93
20 37 56
20 38 100
20 39 42
20 40 22
20 41 81
20 42 91
20 43 43
20 44 9
20 45 5
20 46 51
20 47 18
20 48 95
20 49 87
20 50 28
20 51 37
20 52 11
20 53 12
20 54 13
20 55 19
20 56 12
20 57 29
20 58 100
20 59 80
20 60 1
20 61 31
20 62 29
20 63 80
20 64 36
20 65 87
20 66 78
20 67 20
20 68 34
20 69 82
20 70 13
20 71 73
20 72 47
20 73 66
20 74 27
20 75 10
20 76 93
20 77 57
20 78 43
20 79 43
21 22 81
21 23 35
21 24 99
21 25 57
21 26 67
21 27 64
21 28 5
21 29 66
21 30 82
21 31 16
21 32 75
21 33 12
21 34 73
21 35 24
21 36 52
21 37 50
21 38 49
21 39 11
21 40 37
21 41 26
21 42 52
21 43 30
21 44 58
21 45 75
21 46 97
21 47 32
21 48 85
21 49 89
21 50 20
21 51 81
21 52 16
21 53 89
21 54 78
21 55 17
21 56 23
21 57 48
21 58 41
21 59 1
21 60 78
21 61 80
21 62 93
21 63 67
21 64 47
21 65 73
21 66 74
21 67 97
21 68 58
21 69 68
21 70 48
21 71 92
21 72 33
21 73 7
21 74 47
21 75 89
21 76 81
21 77 32
21 78 59
21 79 2
22 23 10
22 24 53
22 25 22
22 26 70
22 27 15
22 28 8
22 29 55
22 30 16
22 31 52
22 32 20
22 33 19
22 34 14
22 35 45
22 36 37
22 37 12
22 38 25
22 39 77
22 40 52
22 41 42
22 42 89
22 43 85
22 44 14
22 45 87
22 46 15
22 47 35
22 48 41
22 49 66
22 50 46
22 51 62
22 52 61
22 53 80
22 54 13
22 55 8
22 56 88
22 57 91
22 58 43
22 59 6
22 60 55
22 61 3
22 62 62
22 63 50
22 64 50
22 65 77
22 66 50
22 67 42
22 68 89
22 69 86
22 70 84
22 71 86
22 72 85
22 73 78
22 74 99
22 75 79
22 76 33
22 77 88
22 78 20
22 79 95
23 24 63
23 25 54
23 26 70
23 27 76
23 28 46
23 29 18
23 30 84
23 31 48
23 32 44
23 33 83
23 34 14
23 35 40
23 36 71
23 37 69
23 38 73
23 39 63
23 40 6
23 41 86
23 42 66
23 43 33
23 44 16
23 45 19
23 46 89
23 47 26
23 48 78
23 49 33
23 50 71
23 51 7
23 52 86
23 53 39
23 54 4
23 55 62
23 56 86
23 57 96
23 58 62
23 59 13
23 60 65
23 61 59
23 62 15
23 63 95
23 64 15
23 65 47
23 66 60
23 67 57
23 68 7
23 69 70
23 70 3
23 71 83
23 72 65
23 73 25
23 74 9
23 75 93
23 76 27
23 77 78
23 78 54
23 79 13
24 25 88
24 26 12
24 27 14
24 28 21
24 29 20
24 30 56
24 31 28
24 32 94
24 33 21
24 34 55
24 35 80
24 36 36
24 37 97
24 38 44
24 39 66
24 40 24
24 41 6
24 42 37
24 43 75
24 44 65
24 45 97
24 46 80
24 47 72
24 48 81
24 49 50
24 50 61
24 51 75
24 52 86
24 53 19
24 54 12
24 55 61
24 56 79
24 57 77
24 58 63
24 59 92
24 60 11
24 61 87
24 62 40
24 63 89
24 64 92
24 65 10
24 66 29
24 67 69
24 68 52
24 69 42
24 70 49
24 71 24
24 72 15
24 73 28
24 74 60
24 75 28
24 76 15
24 77 1
24 78 24
24 79 26
25 26 52
25 27 42
25 28 41
25 29 64
25 30 56
25 31 64
25 32 59
25 33 66
25 34 89
25 35 82
25 36 21
25 37 85
25 38 39
25 39 27
25 40 26
25 41 14
25 42 99
25 43 12
25 44 42
25 45 100
25 46 81
25 47 17
25 48 56
25 49 85
25 50 41
25 51 44
25 52 12
25 53 41
25 54 59
25 55 66
25 56 76
25 57 24
25 58 24
25 59 60
25 60 71
25 61 46
25 62 69
25 63 48
25 64 53
25 65 97
25 66 17
25 67 93
25 68 6
25 69 45
25 70 89
25 71 53
25 72 80
25 73 8
25 74 13
25 75 42
25 76 69
25 77 47
25 78 89
25 79 38
26 27 42
26 28 27
26 29 68
26 30 88
26 31 38
26 32 57
26 33 23
26 34 91
26 35 12
26 36 43
26 37 38
26 38 95
26 39 91
26 40 26
26 41 48
26 42 12
26 43 66
26 44 43
26 45 93
26 46 64
26 47 11
26 48 7
26 49 17
26 50 23
26 51 84
26 52 49
26 53 54
26 54 38
26 55 53
26 56 84
26 57 68
26 58 59
26 59 96
26 60 94
26 61 34
26 62 33
26 63 4
26 64 14
26 65 3
26 66 70
26 67 79
26 68 69
26 69 15
26 70 55
26 71 12
26 72 97
26 73 53
26 74 53
26 75 50
26 76 30
26 77 42
26 78 95
26 79 6
27 28 58
27 29 55
27 30 89
27 31 27
27 32 53
27 33 45
27 34 66
27 35 42
27 36 23
27 37 93
27 38 90
27 39 95
27 40 15
27 41 5
27 42 24
27 43 17
27 44 10
27 45 97
27 46 81
27 47 16
27 48 64
27 49 56
27 50 18
27 51 48
27 52 71
27 53 40
27 54 16
27 55 73
27 56 88
27 57 89
27 58 8
27 59 86
27 60 5
27 61 40
27 62 94
27 63 2
27 64 55
27 65 94
27 66 7
27 67 11
27 68 41
27 69 50
27 70 10
27 71 30
27 72 37
27 73 23
27 74 89
27 75 5
27 76 60
27 77 15
27 78 84
27 79 40
28 29 11
28 30 100
28 31 87
28 32 67
28 33 10
28 34 84
28 35 79
28 36 27
28 37 96
28 38 50
28 39 56
28 40 94
28 41 52
28 42 31
28 43 31
28 44 91
28 45 23
28 46 38
28 47 63
28 48 98
28 49 36
28 50 56
28 51 50
28 52 82
28 53 87
28 54 70
28 55 66
28 56 74
28 57 77
28 58 34
28 59 21
28 60 87
28 61 29
28 62 79
28 63 60
28 64 66
28 65 51
28 66 8
28 67 51
28 68 21
28 69 79
28 70 12
28 71 40
28 72 99
28 73 86
28 74 39
28 75 40
28 76 30
28 77 64
28 78 93
28 79 87
29 30 8
29 31 12
29 32 23
29 33 26
29 34 66
29 35 93
29 36 53
29 37 26
29 38 99
29 39 52
29 40 98
29 41 7
29 42 100
29 43 30
29 44 24
29 45 85
29 46 51
29 47 32
29 48 62
29 49 3
29 50 91
29 51 32
29 52 40
29 53 12
29 54 55
29 55 45
29 56 98
29 57 4
29 58 18
29 59 39
29 60 61
29 61 94
29 62 36
29 63 40
29 64 23
29 65 14
29 66 52
29 67 94
29 68 76
29 69 91
29 70 94
29 71 10
29 72 8
29 73 64
29 74 44
29 75 13
29 76 79
29 77 95
29 78 68
29 79 13
30 31 56
30 32 65
30 33 83
30 34 14
30 35 10
30 36 84
30 37 63
30 38 1
30 39 76
30 40 14
30 41 63
30 42 71
30 43 23
30 44 68
30 45 4
30 46 24
30 47 93
30 48 54
30 49 94
30 50 29
30 51 7
30 52 7
30 53 86
30 54 78
30 55 73
30 56 97
30 57 46
30 58 44
30 59 41
30 60 83
30 61 74
30 62 100
30 63 37
30 64 91
30 65 31
30 66 37
30 67 4
30 68 80
30 69 59
30 70 22
30 71 77
30 72 29
30 73 4
30 74 6
30 75 43
30 76 45
30 77 43
30 78 37
30 79 94
31 32 19
31 33 21
31 34 7
31 35 29
31 36 37
31 37 72
31 38 54
31 39 62
31 40 23
31 41 97
31 42 50
31 43 7
31 44 69
31 45 97
31 46 6
31 47 3
31 48 73
31 49 12
31 50 87
31 51 6
31 52 49
31 53 73
31 54 38
31 55 79
31 56 71
31 57 40
31 58 84
31 59 44
31 60 81
31 61 13
31 62 24
31 63 61
31 64 42
31 65 24
31 66 42
31 67 88
31 68 52
31 69 82
31 70 45
31 71 53
31 72 75
31 73 96
31 74 59
31 75 42
31 76 66
31 77 22
31 78 84
31 79 92
32 33 12
32 34 11
32 35 70
32 36 81
32 37 57
32 38 10
32 39 24
32 40 37
32 41 57
32 42 84
32 43 9
32 44 25
32 45 80
32 46 3
32 47 78
32 48 27
32 49 22
32 50 74
32 51 12
32 52 58
32 53 73
32 54 62
32 55 64
32 56 78
32 57 95
32 58 40
32 59 19
32 60 89
32 61 81
32 62 1
32 63 75
32 64 55
32 65 33
32 66 14
32 67 75
32 68 69
32 69 94
32 70 26
32 71 2
32 72 90
32 73 11
32 74 34
32 75 64
32 76 88
32 77 66
32 78 92
32 79 70
33 34 8
33 35 32
33 36 25
33 37 55
33 38 64
33 39 75
33 40 66
33 41 64
33 42 10
33 43 45
33 44 4
33 45 24
33 46 56
33 47 51
33 48 33
33 49 26
33 50 21
33 51 13
33 52 10
33 53 58
33 54 33
33 55 58
33 56 83
33 57 54
33 58 75
33 59 85
33 60 41
33 61 2
33 62 62
33 63 59
33 64 16
33 65 13
33 66 24
33 67 52
33 68 63
33 69 65
33 70 59
33 71 17
33 72 17
33 73 53
33 74 39
33 75 100
33 76 98
33 77 22
33 78 3
33 79 90
34 35 95
34 36 34
34 37 60
34 38 33
34 39 69
34 40 11
34 41 62
34 42 82
34 43 36
34 44 27
34 45 82
34 46 21
34 47 10
34 48 47
34 49 57
34 50 75
34 51 60
34 52 15
34 53 91
34 54 36
34 55 38
34 56 67
34 57 49
34 58 36
34 59 38
34 60 15
34 61 91
34 62 15
34 63 64
34 64 24
34 65 87
34 66 64
34 67 67
34 68 77
34 69 39
34 70 40
34 71 74
34 72 57
34 73 92
34 74 94
34 75 52
34 76 39
34 77 50
34 78 47
34 79 35
35 36 47
35 37 46
35 38 48
35 39 89
35 40 27
35 41 74
35 42 99
35 43 12
35 44 60
35 45 6
35 46 9
35 47 30
35 48 69
35 49 33
35 50 19
35 51 73
35 52 26
35 53 7
35 54 21
35 55 6
35 56 48
35 57 39
35 58 3
35 59 62
35 60 65
35 61 7
35 62 8
35 63 44
35 64 41
35 65 29
35 66 66
35 67 25
35 68 32
35 69 89
35 70 39
35 71 99
35 72 45
35 73 35
35 74 35
35 75 53
35 76 20
35 77 71
35 78 52
35 79 73
36 37 8
36 38 89
36 39 14
36 40 62
36 41 17
36 42 28
36 43 7
36 44 84
36 45 92
36 46 71
36 47 19
36 48 80
36 49 40
36 50 30
36 51 29
36 52 55
36 53 69
36 54 44
36 55 42
36 56 44
36 57 2
36 58 91
36 59 72
36 60 46
36 61 46
36 62 61
36 63 55
36 64 21
36 65 87
36 66 82
36 67 57
36 68 58
36 69 83
36 70 38
36 71 47
36 72 25
36 73 86
36 74 7
36 75 44
36 76 36
36 77 1
36 78 17
36 79 89
37 38 12
37 39 47
37 40 14
37 41 63
37 42 33
37 43 7
37 44 33
37 45 4
37 46 71
37 47 90
37 48 14
37 49 57
37 50 62
37 51 68
37 52 10
37 53 35
37 54 34
37 55 38
37 56 6
37 57 67
37 58 43
37 59 24
37 60 52
37 61 27
37 62 66
37 63 82
37 64 7
37 65 47
37 66 86
37 67 57
37 68 97
37 69 18
37 70 57
37 71 15
37 72 76
37 73 7
37 74 34
37 75 44
37 76 38
37 77 42
37 78 9
37 79 19
38 39 14
38 40 82
38 41 56
38 42 36
38 43 46
38 44 45
38 45 40
38 46 24
38 47 90
38 48 14
38 49 5
38 50 77
38 51 15
38 52 16
38 53 75
38 54 23
38 55 4
38 56 22
38 57 74
38 58 5
38 59 43
38 60 45
38 61 59
38 62 33
38 63 89
38 64 65
38 65 48
38 66 60
38 67 76
38 68 17
38 69 81
38 70 5
38 71 37
38 72 95
38 73 75
38 74 7
38 75 93
38 76 63
38 77 72
38 78 57
38 79 81
39 40 72
39 41 45
39 42 74
39 43 65
39 44 62
39 45 15
39 46 20
39 47 78
39 48 63
39 49 68
39 50 86
39 51 73
39 52 33
39 53 2
39 54 5
39 55 33
39 56 39
39 57 81
39 58 61
39 59 76
39 60 3
39 61 9
39 62 37
39 63 97
39 64 72
39 65 27
39 66 19
39 67 95
39 68 41
39 69 54
39 70 56
39 71 1
39 72 98
39 73 80
39 74 5
39 75 68
39 76 14
39 77 32
39 78 19
39 79 31
40 41 62
40 42 11
40 43 8
40 44 18
40 45 20
40 46 54
40 47 57
40 48 97
40 49 30
40 50 20
40 51 57
40 52 67
40 53 47
40 54 17
40 55 28
40 56 20
40 57 37
40 58 62
40 59 69
40 60 11
40 61 77
40 62 31
40 63 43
40 64 91
40 65 47
40 66 1
40 67 69
40 68 90
40 69 75
40 70 71
40 71 90
40 72 83
40 73 16
40 74 45
40 75 60
40 76 90
40 77 97
40 78 86
40 79 76
41 42 52
41 43 16
41 44 5
41 45 92
41 46 13
41 47 95
41 48 65
41 49 2
41 50 40
41 51 45
41 52 65
41 53 23
41 54 13
41 55 8
41 56 14
41 57 18
41 58 60
41 59 29
41 60 94
41 61 88
41 62 94
41 63 1
41 64 36
41 65 28
41 66 20
41 67 51
41 68 74
41 69 78
41 70 73
41 71 52
41 72 37
41 73 10
41 74 50
41 75 90
41 76 16
41 77 33
41 78 21
41 79 79
42 43 52
42 44 25
42 45 24
42 46 47
42 47 6
42 48 59
42 49 59
42 50 43
42 51 23
42 52 5
42 53 81
42 54 51
42 55 52
42 56 9
42 57 66
42 58 25
42 59 78
42 60 79
42 61 3
42 62 54
42 63 62
42 64 57
42 65 55
42 66 33
42 67 12
42 68 51
42 69 14
42 70 75
42 71 99
42 72 15
42 73 37
42 74 56
42 75 53
42 76 49
42 77 54
42 78 69
42 79 84
43 44 8
43 45 43
43 46 69
43 47 19
43 48 83
43 49 15
43 50 25
43 51 57
43 52 25
43 53 14
43 54 99
43 55 6
43 56 17
43 57 74
43 58 43
43 59 15
43 60 2
43 61 8
43 62 29
43 63 30
43 64 9
43 65 8
43 66 46
43 67 63
43 68 65
43 69 43
43 70 6
43 71 72
43 72 67
43 73 77
43 74 61
43 75 43
43 76 51
43 77 4
43 78 85
43 79 9
44 45 99
44 46 76
44 47 26
44 48 52
44 49 14
44 50 88
44 51 94
44 52 4
44 53 8
44 54 37
44 55 40
44 56 75
44 57 75
44 58 66
44 59 70
44 60 15
44 61 17
44 62 60
44 63 43
44 64 9
44 65 90
44 66 80
44 67 62
44 68 27
44 69 40
44 70 76
44 71 68
44 72 86
44 73 64
44 74 5
44 75 98
44 76 80
44 77 36
44 78 50
44 79 4
45 46 16
45 47 68
45 48 71
45 49 34
45 50 84
45 51 30
45 52 18
45 53 81
45 54 69
45 55 37
45 56 6
45 57 94
45 58 18
45 59 62
45 60 13
45 61 96
45 62 38
45 63 50
45 64 90
45 65 74
45 66 95
45 67 51
45 68 13
45 69 66
45 70 44
45 71 72
45 72 25
45 73 11
45 74 73
45 75 12
45 76 75
45 77 66
45 78 56
45 79 70
46 47 86
46 48 97
46 49 74
46 50 29
46 51 11
46 52 13
46 53 64
46 54 86
46 55 49
46 56 29
46 57 96
46 58 81
46 59 94
46 60 64
46 61 92
46 62 89
46 63 38
46 64 87
46 65 51
46 66 31
46 67 73
46 68 81
46 69 75
46 70 92
46 71 92
46 72 6
46 73 89
46 74 10
46 75 13
46 76 74
46 77 71
46 78 14
46 79 58
47 48 74
47 49 75
47 50 59
47 51 95
47 52 35
47 53 53
47 54 58
47 55 15
47 56 27
47 57 64
47 58 90
47 59 12
47 60 75
47 61 51
47 62 25
47 63 55
47 64 33
47 65 15
47 66 6
47 67 18
47 68 5
47 69 34
47 70 48
47 71 80
47 72 99
47 73 74
47 74 82
47 75 4
47 76 44
47 77 17
47 78 31
47 79 35
48 49 14
48 50 86
48 51 77
48 52 96
48 53 61
48 54 69
48 55 56
48 56 71
48 57 4
48 58 63
48 59 86
48 60 91
48 61 84
48 62 42
48 63 25
48 64 18
48 65 94
48 66 43
48 67 66
48 68 48
48 69 62
48 70 70
48 71 92
48 72 59
48 73 63
48 74 26
48 75 80
48 76 18
48 77 58
48 78 98
48 79 8
49 50 80
49 51 21
49 52 66
49 53 80
49 54 100
49 55 6
49 56 19
49 57 23
49 58 29
49 59 96
49 60 48
49 61 21
49 62 8
49 63 3
49 64 85
49 65 44
49 66 40
49 67 76
49 68 70
49 69 54
49 70 31
49 71 1
49 72 56
49 73 47
49 74 96
49 75 78
49 76 41
49 77 15
49 78 65
49 79 11
50 51 83
50 52 20
50 53 16
50 54 37
50 55 75
50 56 36
50 57 92
50 58 50
50 59 35
50 60 8
50 61 95
50 62 55
50 63 7
50 64 10
50 65 40
50 66 72
50 67 30
50 68 3
50 69 99
50 70 26
50 71 74
50 72 23
50 73 31
50 74 91
50 75 21
50 76 6
50 77 24
50 78 56
50 79 68
51 52 39
51 53 78
51 54 7
51 55 21
51 56 27
51 57 85
51 58 5
51 59 64
51 60 52
51 61 9
51 62 10
51 63 15
51 64 48
51 65 88
51 66 18
51 67 75
51 68 99
51 69 21
51 70 94
51 71 86
51 72 1
51 73 90
51 74 56
51 75 11
51 76 31
51 77 30
51 78 85
51 79 68
52 53 87
52 54 29
52 55 33
52 56 55
52 57 57
52 58 34
52 59 76
52 60 16
52 61 55
52 62 72
52 63 74
52 64 27
52 65 29
52 66 97
52 67 76
52 68 53
52 69 19
52 70 45
52 71 68
52 72 38
52 73 17
52 74 34
52 75 4
52 76 53
52 77 10
52 78 82
52 79 7
53 54 51
53 55 51
53 56 9
53 57 86
53 58 33
53 59 36
53 60 19
53 61 77
53 62 3
53 63 56
53 64 86
53 65 88
53 66 13
53 67 87
53 68 5
53 69 88
53 70 49
53 71 100
53 72 52
53 73 66
53 74 46
53 75 93
53 76 19
53 77 23
53 78 38
53 79 33
54 55 21
54 56 52
54 57 33
54 58 40
54 59 28
54 60 93
54 61 78
54 62 14
54 63 12
54 64 7
54 65 72
54 66 79
54 67 91
54 68 71
54 69 61
54 70 72
54 71 76
54 72 38
54 73 13
54 74 60
54 75 77
54 76 49
54 77 73
54 78 14
54 79 22
55 56 85
55 57 60
55 58 61
55 59 78
55 60 26
55 61 70
55 62 54
55 63 17
55 64 62
55 65 84
55 66 8
55 67 31
55 68 93
55 69 14
55 70 80
55 71 86
55 72 62
55 73 9
55 74 77
55 75 84
55 76 38
55 77 22
55 78 36
55 79 53
56 57 79
56 58 98
56 59 59
56 60 57
56 61 67
56 62 13
56 63 73
56 64 39
56 65 85
56 66 84
56 67 89
56 68 80
56 69 2
56 70 5
56 71 76
56 72 40
56 73 36
56 74 5
56 75 95
56 76 46
56 77 12
56 78 9
56 79 25
57 58 28
57 59 11
57 60 62
57 61 79
57 62 6
57 63 12
57 64 75
57 65 61
57 66 36
57 67 50
57 68 67
57 69 76
57 70 11
57 71 12
57 72 59
57 73 44
57 74 74
57 75 44
57 76 15
57 77 86
57 78 97
57 79 83
58 59 19
58 60 95
58 61 86
58 62 87
58 63 28
58 64 4
58 65 62
58 66 42
58 67 24
58 68 83
58 69 55
58 70 3
58 71 12
58 72 21
58 73 1
58 74 33
58 75 87
58 76 18
58 77 86
58 78 15
58 79 26
59 60 25
59 61 51
59 62 32
59 63 61
59 64 23
59 65 92
59 66 66
59 67 8
59 68 9
59 69 51
59 70 97
59 71 43
59 72 55
59 73 12
59 74 88
59 75 60
59 76 31
59 77 96
59 78 46
59 79 40
60 61 56
60 62 48
60 63 60
60 64 41
60 65 31
60 66 93
60 67 42
60 68 72
60 69 23
60 70 49
60 71 89
60 72 55
60 73 78
60 74 10
60 75 6
60 76 31
60 77 9
60 78 75
60 79 59
61 62 39
61 63 97
61 64 78
61 65 9
61 66 97
61 67 26
61 68 16
61 69 28
61 70 89
61 71 80
61 72 9
61 73 24
61 74 25
61 75 15
61 76 79
61 77 74
61 78 78
61 79 78
62 63 19
62 64 15
62 65 41
62 66 90
62 67 35
62 68 34
62 69 73
62 70 68
62 71 11
62 72 32
62 73 98
62 74 97
62 75 89
62 76 100
62 77 8
62 78 15
62 79 24
63 64 33
63 65 50
63 66 94
63 67 78
63 68 70
63 69 93
63 70 92
63 71 72
63 72 57
63 73 80
63 74 15
63 75 57
63 76 36
63 77 6
63 78 79
63 79 64
64 65 93
64 66 45
64 67 85
64 68 73
64 69 37
64 70 6
64 71 74
64 72 57
64 73 88
64 74 24
64 75 48
64 76 60
64 77 72
64 78 8
64 79 2
65 66 92
65 67 63
65 68 34
65 69 61
65 70 67
65 71 75
65 72 13
65 73 67
65 74 52
65 75 70
65 76 27
65 77 64
65 78 20
65 79 63
66 67 30
66 68 43
66 69 99
66 70 66
66 71 44
66 72 25
66 73 13
66 74 38
66 75 77
66 76 87
66 77 8
66 78 74
66 79 80
67 68 81
67 69 29
67 70 13
67 71 92
67 72 96
67 73 33
67 74 72
67 75 88
67 76 96
67 77 32
67 78 38
67 79 85
68 69 2
68 70 43
68 71 65
68 72 10
68 73 40
68 74 65
68 75 33
68 76 68
68 77 42
68 78 13
68 79 88
69 70 88
69 71 7
69 72 26
69 73 23
69 74 1
69 75 55
69 76 68
69 77 78
69 78 9
69 79 3
70 71 10
70 72 10
70 73 59
70 74 72
70 75 43
70 76 50
70 77 4
70 78 18
70 79 72
71 72 64
71 73 73
71 74 52
71 75 77
71 76 38
71 77 47
71 78 31
71 79 19
72 73 60
72 74 20
72 75 43
72 76 75
72 77 10
72 78 29
72 79 72
73 74 13
73 75 94
73 76 11
73 77 10
73 78 84
73 79 59
74 75 71
74 76 83
74 77 63
74 78 62
74 79 4
75 76 27
75 77 99
75 78 50
75 79 83
76 77 96
76 78 64
76 79 99
77 78 37
77 79 7
78 79 80
