120 7140
0 1 42
0 2 76
0 3 70
0 4 85
0 5 13
0 6 92
0 7 65
0 8 28
0 9 69
0 10 54
0 11 83
0 12 4
0 13 64
0 14 30
0 15 57
0 16 43
0 17 46
0 18 12
0 19 1
0 20 49
0 21 82
0 22 15
0 23 64
0 24 98
0 25 96
0 26 29
0 27 56
0 28 77
0 29 12
0 30 27
0 31 76
0 32 33
0 33 76
0 34 10
0 35 7
0 36 68
0 37 38
0 38 90
0 39 54
0 40 83
0 41 42
0 42 7
0 43 61
0 44 28
0 45 7
0 46 32
0 47 45
0 48 99
0 49 69
0 50 44
0 51 34
0 52 30
0 53 100
0 54 63
0 55 2
0 56 68
0 57 23
0 58 84
0 59 24
0 60 7
0 61 88
0 62 10
0 63 35
0 64 43
0 65 45
0 66 98
0 67 85
0 68 98
0 69 59
0 70 80
0 71 54
0 72 66
0 73 34
0 74 85
0 75 77
0 76 72
0 77 11
0 78 80
0 79 70
0 80 65
0 81 15
0 82 3
0 83 34
0 84 82
0 85 67
0 86 34
0 87 63
0 88 100
0 89 53
0 90 1
0 91 99
0 92 50
0 93 43
0 94 1
0 95 58
0 96 67
0 97 84
0 98 59
0 99 99
0 100 69
0 101 38
0 102 56
0 103 32
0 104 26
0 105 13
0 106 96
0 107 98
0 108 41
0 109 80
0 110 82
0 111 81
0 112 90
0 113 2
0 114 61
0 115 91
0 116 62
0 117 29
0 118 54
0 119 64
1 2 48
1 3 57
1 4 30
1 5 31
1 6 13
1 7 93
1 8 5
1 9 97
1 10 60
1 11 3
1 12 88
1 13 3
1 14 63
1 15 99
1 16 95
1 17 28
1 18 3
1 19 49
1 20 81
1 21 95
1 22 34
1 23 71
1 24 91
1 25 71
1 26 57
1 27 95
1 28 36
1 29 4
1 30 58
1 31 49
1 32 52
1 33 59
1 34 90
1 35 84
1 36 82
1 37 64
1 38 66
1 39 66
1 40 18
1 41 85
1 42 62
1 43 6
1 44 80
1 45 63
1 46 50
1 47 92
1 48 89
1 49 30
1 50 39
1 51 53
1 52 27
1 53 42
1 54 34
1 55 70
1 56 75
1 57 52
1 58 10
1 59 1
1 60 4
1 61 95
1 62 79
1 63 50
1 64 61
1 65 95
1 66 34
1 67 72
1 68 91
1 69 61
1 70 23
1 71 99
1 72 29
1 73 41
1 74 60
1 75 77
1 76 93
1 77 30
1 78 97
1 79 46
1 80 96
1 81 44
1 82 25
1 83 80
1 84 1
1 85 2
1 86 75
1 87 82
1 88 77
1 89 78
1 90 81
1 91 55
1 92 22
1 93 77
1 94 13
1 95 62
1 96 75
1 97 49
1 98 58
1 99 13
1 100 30
1 101 56
1 102 71
1 103 75
1 104 29
1 105 5
1 106 50
1 107 63
1 108 88
1 109 8
1 110 50
1 111 82
1 112 73
1 113 25
1 114 52
1 115 14
1 116 80
1 117 64
1 118 95
1 119 16
2 3 76
2 4 98
2 5 21
2 6 1
2 7 43
2 8 6
2 9 94
2 10 19
2 11 25
2 12 19
2 13 14
2 14 98
2 15 6
2 16 94
2 17 33
2 18 13
2 19 50
2 20 8
2 21 44
2 22 97
2 23 70
2 24 14
2 25 84
2 26 29
2 27 7
2 28 53
2 29 36
2 30 16
2 31 54
2 32 32
2 33 31
2 34 42
2 35 94
2 36 46
2 37 74
2 38 19
2 39 22
2 40 19
2 41 87
2 42 55
2 43 29
2 44 72
2 45 3
2 46 80
2 47 12
2 48 35
2 49 94
2 50 10
2 51 84
2 52 95
2 53 41
2 54 54
2 55 19
2 56 58
2 57 24
2 58 15
2 59 75
2 60 7
2 61 4
2 62 98
2 63 45
2 64 25
2 65 61
2 66 55
2 67 57
2 68 27
2 69 28
2 70 17
2 71 51
2 72 23
2 73 77
2 74 53
2 75 94
2 76 71
2 77 2
2 78 12
2 79 93
2 80 33
2 81 21
2 82 83
2 83 53
2 84 90
2 85 56
2 86 73
2 87 60
2 88 15
2 89 27
2 90 51
2 91 100
2 92 78
2 93 59
2 94 12
2 95 57
2 96 85
2 97 76
2 98 32
2 99 90
2 100 40
2 101 82
2 102 91
2 103 26
2 104 70
2 105 71
2 106 50
2 107 68
2 108 92
2 109 74
2 110 17
2 111 8
2 112 35
2 113 16
2 114 32
2 115 84
2 116 96
2 117 65
2 118 93
2 119 66
3 4 28
3 5 73
3 6 96
3 7 69
3 8 66
3 9 60
3 10 41
3 11 7
3 12 92
3 13 36
3 14 73
3 15 58
3 16 43
3 17 77
3 18 82
3 19 91
3 20 10
3 21 61
3 22 3
3 23 41
3 24 73
3 25 59
3 26 6
3 27 66
3 28 4
3 29 6
3 30 57
3 31 99
3 32 61
3 33 20
3 34 48
3 35 25
3 36 32
3 37 52
3 38 59
3 39 98
3 40 37
3 41 29
3 42 68
3 43 22
3 44 97
3 45 15
3 46 73
3 47 91
3 48 75
3 49 83
3 50 71
3 51 83
3 52 6
3 53 57
3 54 96
3 55 24
3 56 49
3 57 34
3 58 19
3 59 4
3 60 64
3 61 50
3 62 14
3 63 38
3 64 26
3 65 15
3 66 60
3 67 1
3 68 26
3 69 9
3 70 51
3 71 8
3 72 6
3 73 90
3 74 88
3 75 81
3 76 49
3 77 83
3 78 57
3 79 98
3 80 41
3 81 74
3 82 50
3 83 39
3 84 33
3 85 84
3 86 7
3 87 81
3 88 91
3 89 8
3 90 99
3 91 7
3 92 4
3 93 80
3 94 97
3 95 42
3 96 56
3 97 98
3 98 91
3 99 28
3 100 91
3 101 30
3 102 74
3 103 49
3 104 61
3 105 24
3 106 18
3 107 86
3 108 61
3 109 13
3 110 65
3 111 15
3 112 10
3 113 79
3 114 77
3 115 11
3 116 32
3 117 17
3 118 73
3 119 57
4 5 26
4 6 36
4 7 56
4 8 6
4 9 31
4 10 37
4 11 100
4 12 41
4 13 31
4 14 12
4 15 49
4 16 100
4 17 41
4 18 72
4 19 25
4 20 23
4 21 12
4 22 22
4 23 65
4 24 84
4 25 99
4 26 35
4 27 76
4 28 6
4 29 32
4 30 21
4 31 11
4 32 85
4 33 54
4 34 49
4 35 92
4 36 12
4 37 37
4 38 25
4 39 88
4 40 17
4 41 75
4 42 73
4 43 40
4 44 33
4 45 73
4 46 88
4 47 79
4 48 23
4 49 56
4 50 89
4 51 95
4 52 54
4 53 53
4 54 63
4 55 95
4 56 46
4 57 1
4 58 76
4 59 12
4 60 94
4 61 28
4 62 66
4 63 13
4 64 17
4 65 80
4 66 41
4 67 32
4 68 39
4 69 67
4 70 11
4 71 2
4 72 82
4 73 30
4 74 62
4 75 44
4 76 11
4 77 82
4 78 80
4 79 10
4 80 52
4 81 38
4 82 49
4 83 58
4 84 79
4 85 85
4 86 32
4 87 44
4 88 1
4 89 80
4 90 46
4 91 3
4 92 3
4 93 91
4 94 93
4 95 93
4 96 16
4 97 87
4 98 31
4 99 93
4 100 43
4 101 64
4 102 65
4 103 32
4 104 21
4 105 40
4 106 77
4 107 11
4 108 33
4 109 84
4 110 77
4 111 38
4 112 10
4 113 85
4 114 3
4 115 60
4 116 89
4 117 24
4 118 43
4 119 30
5 6 87
5 7 56
5 8 2
5 9 95
5 10 97
5 11 60
5 12 54
5 13 33
5 14 30
5 15 80
5 16 84
5 17 34
5 18 88
5 19 20
5 20 77
5 21 24
5 22 91
5 23 39
5 24 4
5 25 21
5 26 48
5 27 50
5 28 41
5 29 66
5 30 97
5 31 6
5 32 24
5 33 21
5 34 86
5 35 73
5 36 80
5 37 61
5 38 23
5 39 80
5 40 59
5 41 22
5 42 96
5 43 78
5 44 66
5 45 40
5 46 49
5 47 41
5 48 16
5 49 2
5 50 22
5 51 41
5 52 25
5 53 55
5 54 78
5 55 58
5 56 54
5 57 80
5 58 100
5 59 65
5 60 35
5 61 13
5 62 55
5 63 9
5 64 82
5 65 14
5 66 31
5 67 45
5 68 84
5 69 43
5 70 98
5 71 74
5 72 14
5 73 36
5 74 54
5 75 79
5 76 45
5 77 99
5 78 97
5 79 13
5 80 85
5 81 70
5 82 95
5 83 92
5 84 60
5 85 62
5 86 75
5 87 16
5 88 1
5 89 85
5 90 47
5 91 98
5 92 40
5 93 96
5 94 49
5 95 9
5 96 53
5 97 96
5 98 57
5 99 19
5 100 10
5 101 59
5 102 38
5 103 43
5 104 84
5 105 70
5 106 87
5 107 15
5 108 34
5 109 15
5 110 74
5 111 27
5 112 75
5 113 56
5 114 93
5 115 87
5 116 9
5 117 53
5 118 49
5 119 31
6 7 76
6 8 15
6 9 81
6 10 66
6 11 57
6 12 12
6 13 56
6 14 19
6 15 60
6 16 43
6 17 17
6 18 28
6 19 64
6 20 16
6 21 14
6 22 91
6 23 83
6 24 84
6 25 45
6 26 51
6 27 30
6 28 50
6 29 35
6 30 10
6 31 18
6 32 30
6 33 72
6 34 58
6 35 81
6 36 72
6 37 14
6 38 90
6 39 37
6 40 65
6 41 74
6 42 59
6 43 66
6 44 51
6 45 93
6 46 72
6 47 51
6 48 100
6 49 15
6 50 92
6 51 40
6 52 18
6 53 35
6 54 68
6 55 87
6 56 23
6 57 84
6 58 10
6 59 92
6 60 34
6 61 46
6 62 74
6 63 3
6 64 33
6 65 9
6 66 87
6 67 51
6 68 91
6 69 92
6 70 24
6 71 68
6 72 91
6 73 15
6 74 48
6 75 90
6 76 66
6 77 26
6 78 1
6 79 5
6 80 38
6 81 37
6 82 6
6 83 30
6 84 59
6 85 55
6 86 77
6 87 47
6 88 29
6 89 91
6 90 97
6 91 29
6 92 94
6 93 3
6 94 59
6 95 65
6 96 34
6 97 10
6 98 39
6 99 31
6 100 54
6 101 40
6 102 64
6 103 15
6 104 71
6 105 59
6 106 32
6 107 51
6 108 70
6 109 29
6 110 70
6 111 11
6 112 74
6 113 98
6 114 23
6 115 47
6 116 97
6 117 80
6 118 9
6 119 56
7 8 84
7 9 69
7 10 95
7 11 1
7 12 35
7 13 87
7 14 14
7 15 89
7 16 50
7 17 52
7 18 8
7 19 86
7 20 34
7 21 83
7 22 91
7 23 83
7 24 32
7 25 42
7 26 30
7 27 48
7 28 4
7 29 53
7 30 100
7 31 97
7 32 1
7 33 16
7 34 86
7 35 1
7 36 27
7 37 43
7 38 76
7 39 19
7 40 9
7 41 18
7 42 63
7 43 71
7 44 93
7 45 52
7 46 26
7 47 44
7 48 18
7 49 50
7 50 29
7 51 34
7 52 42
7 53 59
7 54 25
7 55 61
7 56 55
7 57 27
7 58 51
7 59 91
7 60 3
7 61 71
7 62 100
7 63 63
7 64 49
7 65 3
7 66 100
7 67 63
7 68 97
7 69 87
7 70 82
7 71 77
7 72 10
7 73 22
7 74 52
7 75 12
7 76 6
7 77 55
7 78 48
7 79 61
7 80 63
7 81 24
7 82 14
7 83 21
7 84 66
7 85 76
7 86 46
7 87 1
7 88 95
7 89 98
7 90 59
7 91 73
7 92 11
7 93 17
7 94 88
7 95 13
7 96 23
7 97 15
7 98 90
7 99 44
7 100 71
7 101 78
7 102 37
7 103 33
7 104 89
7 105 82
7 106 34
7 107 27
7 108 6
7 109 47
7 110 23
7 111 2
7 112 55
7 113 55
7 114 20
7 115 49
7 116 82
7 117 3
7 118 75
7 119 81
8 9 76
8 10 76
8 11 29
8 12 98
8 13 63
8 14 60
8 15 68
8 16 33
8 17 49
8 18 96
8 19 69
8 20 4
8 21 78
8 22 29
8 23 58
8 24 22
8 25 64
8 26 48
8 27 51
8 28 27
8 29 19
8 30 43
8 31 89
8 32 53
8 33 63
8 34 53
8 35 21
8 36 59
8 37 33
8 38 52
8 39 21
8 40 45
8 41 26
8 42 16
8 43 75
8 44 27
8 45 37
8 46 10
8 47 40
8 48 18
8 49 22
8 50 38
8 51 7
8 52 22
8 53 2
8 54 7
8 55 54
8 56 80
8 57 72
8 58 5
8 59 89
8 60 96
8 61 5
8 62 48
8 63 12
8 64 41
8 65 20
8 66 71
8 67 57
8 68 41
8 69 53
8 70 88
8 71 2
8 72 22
8 73 56
8 74 61
8 75 71
8 76 97
8 77 88
8 78 83
8 79 42
8 80 4
8 81 28
8 82 89
8 83 3
8 84 69
8 85 80
8 86 89
8 87 85
8 88 96
8 89 74
8 90 69
8 91 6
8 92 21
8 93 68
8 94 96
8 95 88
8 96 86
8 97 12
8 98 68
8 99 100
8 100 77
8 101 16
8 102 81
8 103 49
8 104 26
8 105 71
8 106 70
8 107 77
8 108 43
8 109 75
8 110 80
8 111 98
8 112 60
8 113 28
8 114 38
8 115 58
8 116 2
8 117 77
8 118 75
8 119 32
9 10 16
9 11 35
9 12 14
9 13 58
9 14 40
9 15 67
9 16 82
9 17 14
9 18 69
9 19 33
9 20 94
9 21 25
9 22 68
9 23 47
9 24 48
9 25 65
9 26 54
9 27 57
9 28 79
9 29 50
9 30 73
9 31 67
9 32 63
9 33 59
9 34 39
9 35 16
9 36 98
9 37 94
9 38 74
9 39 15
9 40 8
9 41 14
9 42 44
9 43 69
9 44 82
9 45 41
9 46 14
9 47 98
9 48 3
9 49 37
9 50 14
9 51 44
9 52 46
9 53 14
9 54 48
9 55 21
9 56 95
9 57 53
9 58 22
9 59 24
9 60 4
9 61 77
9 62 60
9 63 78
9 64 78
9 65 62
9 66 83
9 67 78
9 68 95
9 69 89
9 70 39
9 71 3
9 72 16
9 73 52
9 74 14
9 75 48
9 76 63
9 77 89
9 78 84
9 79 56
9 80 48
9 81 76
9 82 3
9 83 40
9 84 67
9 85 4
9 86 23
9 87 90
9 88 32
9 89 15
9 90 96
9 91 67
9 92 34
9 93 2
9 94 54
9 95 36
9 96 64
9 97 26
9 98 51
9 99 74
9 100 14
9 101 23
9 102 69
9 103 37
9 104 34
9 105 12
9 106 35
9 107 91
9 108 38
9 109 26
9 110 46
9 111 54
9 112 54
9 113 96
9 114 37
9 115 82
9 116 73
9 117 54
9 118 20
9 119 57
10 11 54
10 12 1
10 13 58
10 14 61
10 15 45
10 16 73
10 17 29
10 18 82
10 19 62
10 20 99
10 21 36
10 22 1
10 23 56
10 24 76
10 25 74
10 26 57
10 27 98
10 28 98
10 29 38
10 30 24
10 31 85
10 32 17
10 33 89
10 34 47
10 35 40
10 36 19
10 37 39
10 38 48
10 39 97
10 40 68
10 41 51
10 42 35
10 43 92
10 44 59
10 45 30
10 46 19
10 47 27
10 48 25
10 49 23
10 50 46
10 51 67
10 52 49
10 53 84
10 54 40
10 55 26
10 56 99
10 57 100
10 58 83
10 59 42
10 60 72
10 61 73
10 62 5
10 63 4
10 64 81
10 65 55
10 66 34
10 67 6
10 68 28
10 69 60
10 70 92
10 71 34
10 72 93
10 73 44
10 74 15
10 75 34
10 76 1
10 77 89
10 78 56
10 79 65
10 80 29
10 81 21
10 82 43
10 83 87
10 84 90
10 85 5
10 86 35
10 87 58
10 88 90
10 89 92
10 90 15
10 91 80
10 92 94
10 93 91
10 94 60
10 95 34
10 96 52
10 97 31
10 98 14
10 99 47
10 100 86
10 101 68
10 102 17
10 103 44
10 104 2
10 105 91
10 106 74
10 107 97
10 108 26
10 109 4
10 110 35
10 111 96
10 112 37
10 113 55
10 114 79
10 115 25
10 116 26
10 117 57
10 118 19
10 119 86
11 12 86
11 13 97
11 14 24
11 15 84
11 16 11
11 17 79
11 18 78
11 19 3
11 20 53
11 21 71
11 22 65
11 23 9
11 24 39
11 25 27
11 26 3
11 27 35
11 28 19
11 29 92
11 30 18
11 31 91
11 32 7
11 33 56
11 34 21
11 35 29
11 36 1
11 37 7
11 38 89
11 39 22
11 40 6
11 41 87
11 42 5
11 43 25
11 44 24
11 45 5
11 46 3
11 47 6
11 48 20
11 49 62
11 50 20
11 51 1
11 52 39
11 53 62
11 54 26
11 55 68
11 56 62
11 57 95
11 58 37
11 59 91
11 60 21
11 61 64
11 62 86
11 63 43
11 64 70
11 65 91
11 66 69
11 67 31
11 68 67
11 69 93
11 70 55
11 71 72
11 72 21
11 73 82
11 74 89
11 75 29
11 76 26
11 77 39
11 78 59
11 79 89
11 80 83
11 81 11
11 82 89
11 83 7
11 84 56
11 85 37
11 86 18
11 87 84
11 88 19
11 89 27
11 90 94
11 91 69
11 92 69
11 93 14
11 94 14
11 95 32
11 96 33
11 97 16
11 98 72
11 99 94
11 100 52
11 101 25
11 102 70
11 103 95
11 104 99
11 105 86
11 106 18
11 107 78
11 108 13
11 109 76
11 110 44
11 111 52
11 112 13
11 113 15
11 114 28
11 115 63
11 116 84
11 117 6
11 118 4
11 119 63
12 13 13
12 14 1
12 15 84
12 16 15
12 17 40
12 18 71
12 19 87
12 20 86
12 21 8
12 22 89
12 23 13
12 24 92
12 25 27
12 26 76
12 27 52
12 28 67
12 29 81
12 30 29
12 31 96
12 32 8
12 33 24
12 34 78
12 35 26
12 36 56
12 37 83
12 38 57
12 39 94
12 40 21
12 41 46
12 42 63
12 43 8
12 44 24
12 45 31
12 46 81
12 47 97
12 48 30
12 49 57
12 50 6
12 51 9
12 52 78
12 53 33
12 54 71
12 55 99
12 56 46
12 57 95
12 58 7
12 59 2
12 60 66
12 61 71
12 62 68
12 63 57
12 64 47
12 65 66
12 66 94
12 67 53
12 68 90
12 69 60
12 70 87
12 71 19
12 72 36
12 73 25
12 74 21
12 75 62
12 76 32
12 77 33
12 78 13
12 79 33
12 80 51
12 81 97
12 82 31
12 83 86
12 84 16
12 85 99
12 86 43
12 87 45
12 88 32
12 89 60
12 90 22
12 91 4
12 92 7
12 93 76
12 94 86
12 95 89
12 96 41
12 97 9
12 98 75
12 99 78
12 100 67
12 101 73
12 102 11
12 103 81
12 104 15
12 105 25
12 106 58
12 107 36
12 108 71
12 109 73
12 110 92
12 111 36
12 112 48
12 113 45
12 114 7
12 115 13
12 116 28
12 117 13
12 118 50
12 119 10
13 14 62
13 15 62
13 16 2
13 17 37
13 18 54
13 19 90
13 20 61
13 21 24
13 22 56
13 23 2
13 24 22
13 25 34
13 26 94
13 27 3
13 28 38
13 29 32
13 30 35
13 31 92
13 32 44
13 33 1
13 34 22
13 35 36
13 36 69
13 37 37
13 38 62
13 39 83
13 40 4
13 41 77
13 42 92
13 43 79
13 44 59
13 45 25
13 46 69
13 47 66
13 48 97
13 49 22
13 50 96
13 51 27
13 52 1
13 53 39
13 54 83
13 55 48
13 56 36
13 57 55
13 58 23
13 59 51
13 60 34
13 61 30
13 62 29
13 63 18
13 64 94
13 65 65
13 66 94
13 67 21
13 68 100
13 69 93
13 70 95
13 71 72
13 72 38
13 73 52
13 74 34
13 75 20
13 76 72
13 77 73
13 78 13
13 79 79
13 80 56
13 81 8
13 82 32
13 83 2
13 84 39
13 85 23
13 86 2
13 87 4
13 88 8
13 89 59
13 90 76
13 91 81
13 92 73
13 93 17
13 94 45
13 95 86
13 96 89
13 97 49
13 98 77
13 99 87
13 100 61
13 101 28
13 102 13
13 103 25
13 104 26
13 105 100
13 106 28
13 107 11
13 108 35
13 109 29
13 110 43
13 111 63
13 112 8
13 113 47
13 114 19
13 115 73
13 116 94
13 117 52
13 118 51
13 119 96
14 15 98
14 16 76
14 17 57
14 18 4
14 19 71
14 20 97
14 21 82
14 22 37
14 23 26
14 24 48
14 25 11
14 26 33
14 27 88
14 28 79
14 29 1
14 30 49
14 31 31
14 32 43
14 33 24
14 34 99
14 35 30
14 36 55
14 37 15
14 38 47
14 39 25
14 40 69
14 41 65
14 42 50
14 43 16
14 44 88
14 45 72
14 46 51
14 47 59
14 48 5
14 49 8
14 50 10
14 51 75
14 52 94
14 53 22
14 54 91
14 55 82
14 56 83
14 57 72
14 58 92
14 59 95
14 60 18
14 61 60
14 62 57
14 63 98
14 64 24
14 65 50
14 66 99
14 67 42
14 68 31
14 69 79
14 70 81
14 71 52
14 72 10
14 73 41
14 74 71
14 75 65
14 76 33
14 77 26
14 78 22
14 79 2
14 80 25
14 81 32
14 82 58
14 83 25
14 84 83
14 85 69
14 86 46
14 87 79
14 88 40
14 89 73
14 90 72
14 91 61
14 92 39
14 93 75
14 94 77
14 95 23
14 96 99
14 97 51
14 98 37
14 99 53
14 100 83
14 101 19
14 102 23
14 103 23
14 104 27
14 105 8
14 106 96
14 107 82
14 108 66
14 109 70
14 110 68
14 111 98
14 112 9
14 113 42
14 114 62
14 115 15
14 116 67
14 117 43
14 118 58
14 119 74
15 16 72
15 17 61
15 18 96
15 19 26
15 20 3
15 21 14
15 22 69
15 23 30
15 24 29
15 25 66
15 26 54
15 27 19
15 28 31
15 29 5
15 30 10
15 31 26
15 32 69
15 33 37
15 34 21
15 35 49
15 36 55
15 37 49
15 38 20
15 39 20
15 40 99
15 41 57
15 42 4
15 43 51
15 44 41
15 45 39
15 46 42
15 47 28
15 48 57
15 49 20
15 50 16
15 51 29
15 52 88
15 53 31
15 54 46
15 55 77
15 56 39
15 57 45
15 58 33
15 59 59
15 60 9
15 61 31
15 62 78
15 63 32
15 64 97
15 65 13
15 66 59
15 67 18
15 68 52
15 69 86
15 70 58
15 71 59
15 72 30
15 73 97
15 74 2
15 75 43
15 76 1
15 77 31
15 78 84
15 79 73
15 80 1
15 81 79
15 82 100
15 83 49
15 84 5
15 85 20
15 86 27
15 87 16
15 88 33
15 89 31
15 90 18
15 91 40
15 92 63
15 93 64
15 94 41
15 95 53
15 96 97
15 97 58
15 98 21
15 99 79
15 100 56
15 101 78
15 102 20
15 103 26
15 104 69
15 105 21
15 106 56
15 107 86
15 108 32
15 109 88
15 110 53
15 111 16
15 112 98
15 113 53
15 114 39
15 115 5
15 116 94
15 117 14
15 118 76
15 119 52
16 17 82
16 18 75
16 19 20
16 20 84
16 21 93
16 22 59
16 23 32
16 24 11
16 25 31
16 26 48
16 27 13
16 28 35
16 29 25
16 30 95
16 31 92
16 32 60
16 33 55
16 34 54
16 35 84
16 36 64
16 37 38
16 38 59
16 39 75
16 40 1
16 41 19
16 42 2
16 43 73
16 44 70
16 45 21
16 46 40
16 47 29
16 48 24
16 49 15
16 50 65
16 51 65
16 52 8
16 53 45
16 54 65
16 55 18
16 56 13
16 57 24
16 58 8
16 59 81
16 60 83
16 61 5
16 62 17
16 63 84
16 64 88
16 65 82
16 66 27
16 67 40
16 68 45
16 69 89
16 70 68
16 71 13
16 72 6
16 73 30
16 74 25
16 75 93
16 76 7
16 77 18
16 78 33
16 79 41
16 80 95
16 81 86
16 82 59
16 83 82
16 84 81
16 85 58
16 86 15
16 87 57
16 88 57
16 89 95
16 90 84
16 91 54
16 92 1
16 93 21
16 94 37
16 95 91
16 96 41
16 97 13
16 98 16
16 99 68
16 100 41
16 101 90
16 102 12
16 103 90
16 104 96
16 105 64
16 106 8
16 107 6
16 108 62
16 109 38
16 110 28
16 111 26
16 112 34
16 113 77
16 114 51
16 115 58
16 116 89
16 117 18
16 118 53
16 119 65
17 18 90
17 19 68
17 20 24
17 21 62
17 22 5
17 23 81
17 24 34
17 25 9
17 26 66
17 27 65
17 28 10
17 29 42
17 30 77
17 31 46
17 32 43
17 33 2
17 34 38
17 35 42
17 36 52
17 37 72
17 38 13
17 39 12
17 40 3
17 41 22
17 42 14
17 43 91
17 44 66
17 45 25
17 46 19
17 47 28
17 48 18
17 49 47
17 50 87
17 51 40
17 52 18
17 53 80
17 54 13
17 55 56
17 56 42
17 57 92
17 58 45
17 59 75
17 60 56
17 61 47
17 62 57
17 63 75
17 64 20
17 65 10
17 66 77
17 67 25
17 68 79
17 69 38
17 70 46
17 71 50
17 72 51
17 73 84
17 74 56
17 75 79
17 76 87
17 77 9
17 78 60
17 79 48
17 80 62
17 81 84
17 82 77
17 83 58
17 84 30
17 85 6
17 86 97
17 87 34
17 88 90
17 89 89
17 90 43
17 91 55
17 92 10
17 93 86
17 94 61
17 95 51
17 96 16
17 97 88
17 98 27
17 99 80
17 100 51
17 101 99
17 102 54
17 103 44
17 104 100
17 105 81
17 106 43
17 107 15
17 108 72
17 109 64
17 110 80
17 111 94
17 112 42
17 113 39
17 114 18
17 115 12
17 116 50
17 117 87
17 118 42
17 119 6
18 19 17
18 20 68
18 21 52
18 22 58
18 23 68
18 24 67
18 25 57
18 26 17
18 27 21
18 28 24
18 29 1
18 30 87
18 31 4
18 32 43
18 33 21
18 34 67
18 35 58
18 36 55
18 37 3
18 38 34
18 39 81
18 40 69
18 41 91
18 42 98
18 43 5
18 44 60
18 45 11
18 46 6
18 47 30
18 48 98
18 49 89
18 50 23
18 51 21
18 52 32
18 53 34
18 54 72
18 55 55
18 56 22
18 57 82
18 58 15
18 59 65
18 60 33
18 61 22
18 62 100
18 63 40
18 64 21
18 65 58
18 66 3
18 67 11
18 68 13
18 69 96
18 70 62
18 71 94
18 72 57
18 73 49
18 74 13
18 75 11
18 76 56
18 77 48
18 78 15
18 79 24
18 80 58
18 81 96
18 82 1
18 83 45
18 84 82
18 85 77
18 86 53
18 87 26
18 88 54
18 89 30
18 90 77
18 91 13
18 92 84
18 93 50
18 94 4
18 95 66
18 96 4
18 97 8
18 98 74
18 99 63
18 100 92
18 101 3
18 102 76
18 103 26
18 104 27
18 105 95
18 106 93
18 107 40
18 108 28
18 109 89
18 110 70
18 111 75
18 112 85
18 113 34
18 114 30
18 115 100
18 116 67
18 117 88
18 118 16
18 119 95
19 20 73
19 21 80
19 22 81
19 23 77
19 24 1
19 25 86
19 26 14
19 27 28
19 28 98
19 29 15
19 30 8
19 31 7
19 32 4
19 33 7
19 34 37
19 35 13
19 36 47
19 37 20
19 38 69
19 39 76
19 40 52
19 41 98
19 42 67
19 43 80
19 44 55
19 45 66
19 46 42
19 47 32
19 48 52
19 49 18
19 50 86
19 51 65
19 52 58
19 53 91
19 54 83
19 55 54
19 56 6
19 57 42
19 58 67
19 59 74
19 60 51
19 61 91
19 62 57
19 63 93
19 64 29
19 65 58
19 66 72
19 67 99
19 68 19
19 69 75
19 70 94
19 71 13
19 72 54
19 73 73
19 74 28
19 75 89
19 76 20
19 77 82
19 78 37
19 79 42
19 80 3
19 81 77
19 82 92
19 83 49
19 84 39
19 85 56
19 86 52
19 87 91
19 88 56
19 89 89
19 90 97
19 91 59
19 92 82
19 93 71
19 94 49
19 95 74
19 96 67
19 97 81
19 98 55
19 99 72
19 100 22
19 101 94
19 102 63
19 103 42
19 104 39
19 105 20
19 106 11
19 107 34
19 108 75
19 109 82
19 110 31
19 111 29
19 112 22
19 113 58
19 114 34
19 115 29
19 116 40
19 117 46
19 118 94
19 119 19
20 21 68
20 22 52
20 23 88
20 24 77
20 25 38
20 26 29
20 27 68
20 28 42
20 29 46
20 30 12
20 31 99
20 32 49
20 33 40
20 34 70
20 35 62
20 36 1
20 37 25
20 38 14
20 39 85
20 40 92
20 41 84
20 42 43
20 43 59
20 44 71
20 45 4
20 46 89
20 47 17
20 48 22
20 49 21
20 50 38
20 51 97
20 52 23
20 53 6
20 54 93
20 55 95
20 56 93
20 57 58
20 58 30
20 59 62
20 60 13
20 61 50
20 62 2
20 63 39
20 64 13
20 65 82
20 66 98
20 67 64
20 68 57
20 69 58
20 70 88
20 71 74
20 72 74
20 73 76
20 74 21
20 75 61
20 76 45
20 77 61
20 78 50
20 79 70
20 80 51
20 81 46
20 82 26
20 83 52
20 84 97
20 85 48
20 86 77
20 87 18
20 88 73
20 89 12
20 90 22
20 91 81
20 92 17
20 93 93
20 94 75
20 95 82
20 96 81
20 97 51
20 98 16
20 99 40
20 100 22
20 101 2
20 102 51
20 103 94
20 104 6
20 105 83
20 106 56
20 107 27
20 108 64
20 109 92
20 110 97
20 111 51
20 112 54
20 113 22
20 114 40
20 115 3
20 116 87
20 117 38
20 118 4
20 119 24
21 22 37
21 23 73
21 24 43
21 25 21
21 26 12
21 27 22
21 28 51
21 29 72
21 30 24
21 31 55
21 32 14
21 33 69
21 34 13
21 35 62
21 36 76
21 37 75
21 38 39
21 39 4
21 40 61
21 41 85
21 42 73
21 43 55
21 44 37
21 45 37
21 46 97
21 47 51
21 48 73
21 49 22
21 50 27
21 51 1
21 52 64
21 53 63
21 54 85
21 55 27
21 56 100
21 57 12
21 58 52
21 59 12
21 60 53
21 61 10
21 62 45
21 63 70
21 64 78
21 65 9
21 66 65
21 67 44
21 68 27
21 69 11
21 70 11
21 71 62
21 72 27
21 73 59
21 74 92
21 75 9
21 76 17
21 77 49
21 78 7
21 79 23
21 80 100
21 81 15
21 82 11
21 83 79
21 84 8
21 85 77
21 86 32
21 87 58
21 88 68
21 89 61
21 90 55
21 91 17
21 92 94
21 93 9
21 94 85
21 95 71
21 96 39
21 97 56
21 98 50
21 99 21
21 100 82
21 101 58
21 102 83
21 103 23
21 104 12
21 105 29
21 106 20
21 107 31
21 108 58
21 109 38
21 110 25
21 111 66
21 112 94
21 113 87
21 114 90
21 115 95
21 116 52
21 117 56
21 118 65
21 119 31
22 23 62
22 24 45
22 25 46
22 26 6
22 27 47
22 28 32
22 29 39
22 30 79
22 31 85
22 32 52
22 33 65
22 34 69
22 35 58
22 36 28
22 37 5
22 38 50
22 39 43
22 40 10
22 41 1
22 42 24
22 43 82
22 44 6
22 45 85
22 46 51
22 47 76
22 48 81
22 49 23
22 50 50
22 51 17
22 52 77
22 53 88
22 54 75
22 55 83
22 56 53
22 57 37
22 58 98
22 59 16
22 60 42
22 61 10
22 62 56
22 63 22
22 64 73
22 65 65
22 66 24
22 67 31
22 68 98
22 69 28
22 70 6
22 71 65
22 72 75
22 73 81
22 74 91
22 75 78
22 76 86
22 77 69
22 78 65
22 79 9
22 80 44
22 81 47
22 82 46
22 83 21
22 84 54
22 85 13
22 86 14
22 87 79
22 88 56
22 89 99
22 90 92
22 91 26
22 92 44
22 93 68
22 94 35
22 95 13
22 96 71
22 97 40
22 98 23
22 99 37
22 100 41
22 101 11
22 102 90
22 103 67
22 104 30
22 105 97
22 106 2
22 107 17
22 108 52
22 109 64
22 110 30
22 111 52
22 112 26
22 113 51
22 114 90
22 115 7
22 116 79
22 117 69
22 118 50
22 119 6
23 24 44
23 25 4
23 26 83
23 27 19
23 28 41
23 29 9
23 30 44
23 31 28
23 32 84
23 33 54
23 34 74
23 35 26
23 36 79
23 37 26
23 38 73
23 39 44
23 40 62
23 41 92
23 42 40
23 43 47
23 44 11
23 45 32
23 46 81
23 47 27
23 48 97
23 49 63
23 50 95
23 51 56
23 52 63
23 53 36
23 54 83
23 55 27
23 56 74
23 57 57
23 58 51
23 59 85
23 60 6
23 61 47
23 62 87
23 63 5
23 64 72
23 65 83
23 66 84
23 67 69
23 68 85
23 69 63
23 70 41
23 71 7
23 72 54
23 73 82
23 74 13
23 75 22
23 76 34
23 77 33
23 78 56
23 79 55
23 80 50
23 81 65
23 82 19
23 83 4
23 84 100
23 85 55
23 86 8
23 87 17
23 88 4
23 89 7
23 90 68
23 91 74
23 92 62
23 93 47
23 94 63
23 95 42
23 96 43
23 97 80
23 98 91
23 99 3
23 100 84
23 101 7
23 102 26
23 103 13
23 104 24
23 105 68
23 106 79
23 107 72
23 108 37
23 109 53
23 110 72
23 111 35
23 112 34
23 113 9
23 114 34
23 115 32
23 116 8
23 117 74
23 118 62
23 119 69
24 25 17
24 26 3
24 27 76
24 28 32
24 29 61
24 30 57
24 31 97
24 32 45
24 33 5
24 34 60
24 35 64
24 36 30
24 37 21
24 38 54
24 39 13
24 40 91
24 41 90
24 42 45
24 43 34
24 44 55
24 45 21
24 46 45
24 47 29
24 48 46
24 49 17
24 50 92
24 51 84
24 52 17
24 53 50
24 54 67
24 55 47
24 56 39
24 57 7
24 58 18
24 59 96
24 60 43
24 61 84
24 62 97
24 63 58
24 64 98
24 65 13
24 66 2
24 67 91
24 68 33
24 69 30
24 70 45
24 71 24
24 72 5
24 73 8
24 74 11
24 75 46
24 76 78
24 77 4
24 78 31
24 79 64
24 80 12
24 81 2
24 82 36
24 83 8
24 84 73
24 85 50
24 86 99
24 87 34
24 88 51
24 89 48
24 90 60
24 91 48
24 92 45
24 93 68
24 94 25
24 95 58
24 96 36
24 97 4
24 98 6
24 99 66
24 100 30
24 101 78
24 102 75
24 103 68
24 104 46
24 105 15
24 106 41
24 107 56
24 108 49
24 109 18
24 110 100
24 111 65
24 112 8
24 113 11
24 114 48
24 115 50
24 116 73
24 117 74
24 118 52
24 119 61
25 26 17
25 27 58
25 28 58
25 29 97
25 30 76
25 31 96
25 32 70
25 33 66
25 34 28
25 35 25
25 36 71
25 37 78
25 38 13
25 39 73
25 40 71
25 41 21
25 42 31
25 43 29
25 44 46
25 45 29
25 46 100
25 47 31
25 48 97
25 49 44
25 50 95
25 51 45
25 52 8
25 53 97
25 54 15
25 55 36
25 56 23
25 57 70
25 58 19
25 59 40
25 60 58
25 61 52
25 62 87
25 63 10
25 64 92
25 65 17
25 66 40
25 67 71
25 68 24
25 69 52
25 70 65
25 71 59
25 72 91
25 73 27
25 74 20
25 75 9
25 76 79
25 77 37
25 78 9
25 79 59
25 80 75
25 81 52
25 82 41
25 83 79
25 84 10
25 85 46
25 86 63
25 87 6
25 88 64
25 89 38
25 90 17
25 91 73
25 92 91
25 93 43
25 94 39
25 95 33
25 96 82
25 97 47
25 98 40
25 99 80
25 100 14
25 101 72
25 102 81
25 103 22
25 104 5
25 105 1
25 106 87
25 107 87
25 108 73
25 109 46
25 110 10
25 111 36
25 112 80
25 113 55
25 114 10
25 115 16
25 116 12
25 117 73
25 118 18
25 119 51
26 27 62
26 28 1
26 29 45
26 30 81
26 31 59
26 32 42
26 33 81
26 34 64
26 35 81
26 36 19
26 37 6
26 38 96
26 39 64
26 40 34
26 41 2
26 42 27
26 43 71
26 44 92
26 45 49
26 46 72
26 47 46
26 48 39
26 49 14
26 50 46
26 51 5
26 52 9
26 53 62
26 54 19
26 55 36
26 56 69
26 57 79
26 58 94
26 59 12
26 60 50
26 61 5
26 62 95
26 63 97
26 64 47
26 65 48
26 66 46
26 67 7
26 68 11
26 69 42
26 70 8
26 71 13
26 72 99
26 73 6
26 74 94
26 75 14
26 76 54
26 77 12
26 78 39
26 79 2
26 80 73
26 81 72
26 82 29
26 83 43
26 84 83
26 85 92
26 86 83
26 87 65
26 88 49
26 89 55
26 90 17
26 91 31
26 92 31
26 93 92
26 94 4
26 95 27
26 96 3
26 97 57
26 98 37
26 99 14
26 100 38
26 101 95
26 102 6
26 103 52
26 104 40
26 105 59
26 106 2
26 107 21
26 108 25
26 109 68
26 110 94
26 111 81
26 112 64
26 113 15
26 114 75
26 115 74
26 116 77
26 117 78
26 118 44
26 119 71
27 28 50
27 29 84
27 30 65
27 31 92
27 32 11
27 33 22
27 34 17
27 35 14
27 36 23
27 37 74
27 38 97
27 39 27
27 40 29
27 41 72
27 42 84
27 43 75
27 44 53
27 45 67
27 46 88
27 47 90
27 48 44
27 49 94
27 50 48
27 51 22
27 52 64
27 53 22
27 54 76
27 55 9
27 56 36
27 57 44
27 58 19
27 59 44
27 60 60
27 61 75
27 62 21
27 63 47
27 64 79
27 65 70
27 66 12
27 67 38
27 68 82
27 69 79
27 70 88
27 71 22
27 72 67
27 73 44
27 74 54
27 75 99
27 76 92
27 77 71
27 78 34
27 79 23
27 80 37
27 81 40
27 82 5
27 83 49
27 84 50
27 85 47
27 86 36
27 87 19
27 88 20
27 89 12
27 90 62
27 91 76
27 92 37
27 93 95
27 94 90
27 95 79
27 96 56
27 97 38
27 98 81
27 99 10
27 100 11
27 101 99
27 102 98
27 103 33
27 104 53
27 105 51
27 106 85
27 107 52
27 108 49
27 109 75
27 110 21
27 111 21
27 112 13
27 113 27
27 114 32
27 115 32
27 116 44
27 117 13
27 118 34
27 119 22
28 29 91
28 30 28
28 31 71
28 32 15
28 33 58
28 34 28
28 35 76
28 36 34
28 37 59
28 38 50
28 39 83
28 40 51
28 41 94
28 42 66
28 43 28
28 44 65
28 45 88
28 46 45
28 47 21
28 48 41
28 49 54
28 50 95
28 51 75
28 52 22
28 53 77
28 54 30
28 55 8
28 56 14
28 57 99
28 58 73
28 59 7
28 60 64
28 61 79
28 62 53
28 63 99
28 64 1
28 65 95
28 66 43
28 67 13
28 68 54
28 69 88
28 70 59
28 71 95
28 72 76
28 73 52
28 74 64
28 75 17
28 76 7
28 77 58
28 78 26
28 79 60
28 80 50
28 81 61
28 82 99
28 83 18
28 84 32
28 85 41
28 86 37
28 87 19
28 88 81
28 89 1
28 90 92
28 91 67
28 92 76
28 93 24
28 94 78
28 95 50
28 96 91
28 97 27
28 98 98
28 99 19
28 100 96
28 101 1
28 102 83
28 103 34
28 104 42
28 105 61
28 106 100
28 107 84
28 108 64
28 109 11
28 110 70
28 111 45
28 112 71
28 113 65
28 114 45
28 115 83
28 116 83
28 117 44
28 118 20
28 119 60
29 30 81
29 31 27
29 32 45
29 33 71
29 34 18
29 35 37
29 36 8
29 37 5
29 38 38
29 39 89
29 40 86
29 41 72
29 42 61
29 43 36
29 44 5
29 45 82
29 46 95
29 47 51
29 48 60
29 49 88
29 50 81
29 51 15
29 52 72
29 53 80
29 54 13
29 55 92
29 56 83
29 57 19
29 58 72
29 59 22
29 60 4
29 61 53
29 62 76
29 63 13
29 64 71
29 65 16
29 66 14
29 67 66
29 68 17
29 69 59
29 70 93
29 71 9
29 72 7
29 73 23
29 74 75
29 75 12
29 76 5
29 77 71
29 78 29
29 79 56
29 80 71
29 81 77
29 82 49
29 83 83
29 84 49
29 85 13
29 86 13
29 87 50
29 88 67
29 89 21
29 90 71
29 91 40
29 92 63
29 93 64
29 94 89
29 95 71
29 96 37
29 97 44
29 98 39
29 99 61
29 100 91
29 101 73
29 102 11
29 103 81
29 104 68
29 105 71
29 106 35
29 107 31
29 108 56
29 109 60
29 110 87
29 111 88
29 112 12
29 113 40
29 114 48
29 115 64
29 116 98
29 117 1
29 118 18
29 119 74
30 31 7
30 32 71
30 33 16
30 34 99
30 35 66
30 36 44
30 37 78
30 38 66
30 39 47
30 40 57
30 41 95
30 42 75
30 43 12
30 44 7
30 45 92
30 46 4
30 47 72
30 48 59
30 49 50
30 50 39
30 51 85
30 52 17
30 53 65
30 54 31
30 55 42
30 56 63
30 57 51
30 58 23
30 59 43
30 60 59
30 61 26
30 62 52
30 63 22
30 64 64
30 65 69
30 66 28
30 67 83
30 68 23
30 69 88
30 70 51
30 71 78
30 72 38
30 73 53
30 74 44
30 75 76
30 76 14
30 77 11
30 78 47
30 79 97
30 80 1
30 81 54
30 82 20
30 83 3
30 84 62
30 85 98
30 86 90
30 87 36
30 88 92
30 89 37
30 90 73
30 91 67
30 92 70
30 93 71
30 94 74
30 95 40
30 96 27
30 97 22
30 98 27
30 99 91
30 100 46
30 101 28
30 102 56
30 103 56
30 104 99
30 105 62
30 106 74
30 107 59
30 108 25
30 109 46
30 110 6
30 111 97
30 112 7
30 113 87
30 114 86
30 115 100
30 116 7
30 117 31
30 118 54
30 119 68
31 32 63
31 33 71
31 34 31
31 35 94
31 36 98
31 37 51
31 38 41
31 39 41
31 40 74
31 41 71
31 42 53
31 43 56
31 44 38
31 45 59
31 46 58
31 47 19
31 48 61
31 49 49
31 50 62
31 51 48
31 52 65
31 53 20
31 54 27
31 55 92
31 56 4
31 57 83
31 58 4
31 59 1
31 60 47
31 61 64
31 62 59
31 63 23
31 64 86
31 65 90
31 66 48
31 67 89
31 68 67
31 69 44
31 70 6
31 71 87
31 72 19
31 73 40
31 74 59
31 75 63
31 76 86
31 77 17
31 78 55
31 79 98
31 80 13
31 81 13
31 82 39
31 83 85
31 84 2
31 85 21
31 86 84
31 87 4
31 88 35
31 89 60
31 90 64
31 91 81
31 92 17
31 93 19
31 94 7
31 95 14
31 96 7
31 97 22
31 98 55
31 99 79
31 100 41
31 101 78
31 102 37
31 103 31
31 104 9
31 105 48
31 106 12
31 107 76
31 108 59
31 109 45
31 110 36
31 111 23
31 112 15
31 113 12
31 114 24
31 115 50
31 116 98
31 117 69
31 118 90
31 119 66
32 33 75
32 34 64
32 35 82
32 36 83
32 37 76
32 38 87
32 39 31
32 40 55
32 41 9
32 42 83
32 43 59
32 44 94
32 45 71
32 46 73
32 47 72
32 48 29
32 49 62
32 50 23
32 51 37
32 52 46
32 53 47
32 54 12
32 55 12
32 56 20
32 57 95
32 58 75
32 59 38
32 60 82
32 61 76
32 62 37
32 63 86
32 64 94
32 65 30
32 66 54
32 67 85
32 68 100
32 69 9
32 70 98
32 71 76
32 72 95
32 73 15
32 74 56
32 75 24
32 76 49
32 77 42
32 78 25
32 79 94
32 80 36
32 81 41
32 82 65
32 83 64
32 84 35
32 85 47
32 86 28
32 87 61
32 88 46
32 89 35
32 90 13
32 91 26
32 92 9
32 93 72
32 94 40
32 95 47
32 96 23
32 97 4
32 98 85
32 99 86
32 100 72
32 101 16
32 102 19
32 103 43
32 104 41
32 105 34
32 106 14
32 107 21
32 108 7
32 109 26
32 110 76
32 111 23
32 112 59
32 113 4
32 114 24
32 115 71
32 116 98
32 117 7
32 118 47
32 119 14
33 34 7
33 35 17
33 36 84
33 37 97
33 38 97
33 39 59
33 40 29
33 41 54
33 42 27
33 43 3
33 44 74
33 45 56
33 46 51
33 47 1
33 48 13
33 49 77
33 50 48
33 51 68
33 52 53
33 53 6
33 54 93
33 55 70
33 56 13
33 57 38
33 58 66
33 59 54
33 60 51
33 61 68
33 62 72
33 63 90
33 64 73
33 65 5
33 66 57
33 67 33
33 68 90
33 69 61
33 70 18
33 71 100
33 72 66
33 73 93
33 74 3
33 75 80
33 76 59
33 77 66
33 78 18
33 79 90
33 80 12
33 81 78
33 82 87
33 83 71
33 84 74
33 85 56
33 86 23
33 87 55
33 88 62
33 89 17
33 90 62
33 91 71
33 92 7
33 93 12
33 94 40
33 95 41
33 96 66
33 97 29
33 98 57
33 99 88
33 100 44
33 101 24
33 102 36
33 103 15
33 104 32
33 105 6
33 106 48
33 107 80
33 108 74
33 109 51
33 110 85
33 111 82
33 112 21
33 113 53
33 114 73
33 115 67
33 116 9
33 117 92
33 118 13
33 119 11
34 35 76
34 36 82
34 37 6
34 38 92
34 39 93
34 40 1
34 41 19
34 42 80
34 43 53
34 44 58
34 45 83
34 46 62
34 47 8
34 48 40
34 49 90
34 50 12
34 51 49
34 52 2
34 53 57
34 54 8
34 55 34
34 56 3
34 57 92
34 58 26
34 59 16
34 60 74
34 61 20
34 62 39
34 63 95
34 64 67
34 65 50
34 66 15
34 67 100
34 68 23
34 69 65
34 70 4
34 71 5
34 72 76
34 73 13
34 74 10
34 75 9
34 76 31
34 77 88
34 78 88
34 79 8
34 80 76
34 81 91
34 82 77
34 83 9
34 84 92
34 85 65
34 86 89
34 87 46
34 88 42
34 89 73
34 90 74
34 91 2
34 92 88
34 93 96
34 94 92
34 95 51
34 96 8
34 97 35
34 98 77
34 99 60
34 100 19
34 101 21
34 102 99
34 103 22
34 104 54
34 105 45
34 106 54
34 107 78
34 108 37
34 109 54
34 110 83
34 111 83
34 112 56
34 113 67
34 114 97
34 115 29
34 116 61
34 117 67
34 118 68
34 119 60
35 36 73
35 37 85
35 38 71
35 39 75
35 40 81
35 41 90
35 42 71
35 43 73
35 44 5
35 45 35
35 46 5
35 47 74
35 48 65
35 49 46
35 50 91
35 51 80
35 52 16
35 53 70
35 54 42
35 55 26
35 56 82
35 57 87
35 58 36
35 59 80
35 60 73
35 61 96
35 62 34
35 63 47
35 64 40
35 65 51
35 66 53
35 67 60
35 68 59
35 69 51
35 70 43
35 71 3
35 72 35
35 73 67
35 74 51
35 75 22
35 76 55
35 77 47
35 78 7
35 79 96
35 80 94
35 81 50
35 82 47
35 83 47
35 84 90
35 85 39
35 86 76
35 87 25
35 88 7
35 89 6
35 90 97
35 91 25
35 92 57
35 93 41
35 94 3
35 95 10
35 96 17
35 97 31
35 98 49
35 99 73
35 100 58
35 101 71
35 102 27
35 103 10
35 104 13
35 105 83
35 106 44
35 107 3
35 108 75
35 109 49
35 110 42
35 111 40
35 112 41
35 113 1
35 114 87
35 115 36
35 116 18
35 117 11
35 118 79
35 119 84
36 37 45
36 38 56
36 39 79
36 40 72
36 41 37
36 42 75
36 43 92
36 44 49
36 45 22
36 46 11
36 47 95
36 48 61
36 49 29
36 50 43
36 51 86
36 52 98
36 53 43
36 54 19
36 55 16
36 56 83
36 57 81
36 58 54
36 59 16
36 60 87
36 61 35
36 62 81
36 63 10
36 64 98
36 65 12
36 66 13
36 67 85
36 68 81
36 69 20
36 70 87
36 71 36
36 72 90
36 73 38
36 74 73
36 75 67
36 76 100
36 77 98
36 78 52
36 79 35
36 80 30
36 81 87
36 82 92
36 83 15
36 84 60
36 85 55
36 86 21
36 87 60
36 88 86
36 89 51
36 90 61
36 91 83
36 92 59
36 93 82
36 94 32
36 95 33
36 96 85
36 97 36
36 98 20
36 99 74
36 100 6
36 101 30
36 102 64
36 103 13
36 104 4
36 105 8
36 106 57
36 107 27
36 108 26
36 109 74
36 110 85
36 111 82
36 112 79
36 113 48
36 114 27
36 115 21
36 116 57
36 117 25
36 118 16
36 119 14
37 38 73
37 39 59
37 40 48
37 41 18
37 42 74
37 43 27
37 44 30
37 45 95
37 46 60
37 47 73
37 48 67
37 49 85
37 50 18
37 51 89
37 52 93
37 53 22
37 54 69
37 55 35
37 56 41
37 57 68
37 58 100
37 59 11
37 60 46
37 61 35
37 62 82
37 63 39
37 64 1
37 65 70
37 66 43
37 67 2
37 68 80
37 69 57
37 70 15
37 71 82
37 72 98
37 73 7
37 74 80
37 75 70
37 76 51
37 77 64
37 78 24
37 79 89
37 80 62
37 81 6
37 82 72
37 83 18
37 84 87
37 85 82
37 86 67
37 87 87
37 88 70
37 89 2
37 90 54
37 91 51
37 92 19
37 93 39
37 94 61
37 95 79
37 96 5
37 97 61
37 98 42
37 99 40
37 100 2
37 101 2
37 102 8
37 103 64
37 104 77
37 105 81
37 106 60
37 107 82
37 108 50
37 109 60
37 110 76
37 111 71
37 112 20
37 113 7
37 114 3
37 115 1
37 116 59
37 117 43
37 118 37
37 119 17
38 39 16
38 40 12
38 41 62
38 42 79
38 43 95
38 44 68
38 45 93
38 46 39
38 47 84
38 48 94
38 49 38
38 50 13
38 51 57
38 52 81
38 53 32
38 54 22
38 55 22
38 56 6
38 57 45
38 58 75
38 59 70
38 60 77
38 61 78
38 62 22
38 63 29
38 64 88
38 65 2
38 66 67
38 67 71
38 68 11
38 69 18
38 70 61
38 71 55
38 72 32
38 73 90
38 74 56
38 75 82
38 76 57
38 77 7
38 78 49
38 79 56
38 80 7
38 81 69
38 82 58
38 83 80
38 84 64
38 85 21
38 86 28
38 87 30
38 88 71
38 89 5
38 90 79
38 91 42
38 92 77
38 93 68
38 94 66
38 95 75
38 96 37
38 97 63
38 98 49
38 99 99
38 100 13
38 101 40
38 102 5
38 103 12
38 104 97
38 105 48
38 106 12
38 107 87
38 108 38
38 109 18
38 110 14
38 111 1
38 112 57
38 113 36
38 114 89
38 115 34
38 116 17
38 117 43
38 118 38
38 119 72
39 40 26
39 41 3
39 42 5
39 43 65
39 44 39
39 45 21
39 46 29
39 47 86
39 48 35
39 49 8
39 50 20
39 51 29
39 52 25
39 53 74
39 54 49
39 55 86
39 56 54
39 57 88
39 58 48
39 59 7
39 60 88
39 61 33
39 62 72
39 63 74
39 64 39
39 65 72
39 66 93
39 67 48
39 68 42
39 69 83
39 70 72
39 71 21
39 72 79
39 73 51
39 74 37
39 75 40
39 76 3
39 77 80
39 78 28
39 79 52
39 80 46
39 81 49
39 82 67
39 83 68
39 84 21
39 85 98
39 86 26
39 87 17
39 88 29
39 89 7
39 90 81
39 91 66
39 92 39
39 93 81
39 94 36
39 95 87
39 96 58
39 97 46
39 98 35
39 99 42
39 100 28
39 101 23
39 102 91
39 103 26
39 104 40
39 105 96
39 106 85
39 107 16
39 108 14
39 109 37
39 110 75
39 111 28
39 112 83
39 113 57
39 114 15
39 115 70
39 116 97
39 117 78
39 118 18
39 119 91
40 41 53
40 42 8
40 43 48
40 44 89
40 45 53
40 46 25
40 47 13
40 48 65
40 49 15
40 50 33
40 51 28
40 52 15
40 53 62
40 54 48
40 55 18
40 56 12
40 57 80
40 58 8
40 59 79
40 60 70
40 61 71
40 62 8
40 63 38
40 64 99
40 65 6
40 66 40
40 67 87
40 68 45
40 69 41
40 70 82
40 71 14
40 72 43
40 73 73
40 74 76
40 75 6
40 76 15
40 77 67
40 78 30
40 79 66
40 80 4
40 81 63
40 82 41
40 83 46
40 84 67
40 85 85
40 86 73
40 87 74
40 88 29
40 89 39
40 90 77
40 91 10
40 92 70
40 93 45
40 94 23
40 95 87
40 96 48
40 97 13
40 98 3
40 99 30
40 100 90
40 101 45
40 102 17
40 103 40
40 104 61
40 105 5
40 106 6
40 107 51
40 108 10
40 109 70
40 110 45
40 111 48
40 112 31
40 113 16
40 114 93
40 115 65
40 116 98
40 117 41
40 118 73
40 119 53
41 42 81
41 43 55
41 44 11
41 45 66
41 46 41
41 47 32
41 48 69
41 49 75
41 50 60
41 51 76
41 52 36
41 53 10
41 54 58
41 55 47
41 56 8
41 57 68
41 58 58
41 59 90
41 60 9
41 61 38
41 62 1
41 63 12
41 64 29
41 65 19
41 66 29
41 67 65
41 68 20
41 69 78
41 70 18
41 71 38
41 72 5
41 73 72
41 74 9
41 75 99
41 76 76
41 77 11
41 78 41
41 79 80
41 80 79
41 81 53
41 82 67
41 83 34
41 84 56
41 85 35
41 86 51
41 87 51
41 88 42
41 89 60
41 90 70
41 91 30
41 92 9
41 93 57
41 94 52
41 95 21
41 96 13
41 97 74
41 98 2
41 99 5
41 100 87
41 101 92
41 102 50
41 103 76
41 104 25
41 105 28
41 106 88
41 107 67
41 108 72
41 109 73
41 110 37
41 111 10
41 112 56
41 113 68
41 114 39
41 115 24
41 116 91
41 117 30
41 118 45
41 119 56
42 43 40
42 44 41
42 45 37
42 46 21
42 47 65
42 48 1
42 49 25
42 50 38
42 51 70
42 52 21
42 53 100
42 54 100
42 55 70
42 56 47
42 57 72
42 58 95
42 59 72
42 60 40
42 61 20
42 62 31
42 63 7
42 64 52
42 65 49
42 66 42
42 67 70
42 68 66
42 69 23
42 70 6
42 71 89
42 72 21
42 73 43
42 74 6
42 75 87
42 76 37
42 77 70
42 78 39
42 79 71
42 80 53
42 81 86
42 82 87
42 83 6
42 84 16
42 85 55
42 86 17
42 87 98
42 88 63
42 89 63
42 90 73
42 91 25
42 92 18
42 93 1
42 94 52
42 95 65
42 96 56
42 97 53
42 98 76
42 99 50
42 100 4
42 101 14
42 102 92
42 103 48
42 104 22
42 105 78
42 106 19
42 107 4
42 108 53
42 109 14
42 110 54
42 111 8
42 112 54
42 113 34
42 114 8
42 115 73
42 116 86
42 117 46
42 118 6
42 119 94
43 44 90
43 45 79
43 46 10
43 47 36
43 48 87
43 49 88
43 50 16
43 51 46
43 52 16
43 53 44
43 54 42
43 55 47
43 56 30
43 57 22
43 58 89
43 59 80
43 60 53
43 61 63
43 62 72
43 63 14
43 64 19
43 65 6
43 66 25
43 67 97
43 68 55
43 69 6
43 70 8
43 71 31
43 72 91
43 73 40
43 74 66
43 75 40
43 76 76
43 77 23
43 78 55
43 79 95
43 80 28
43 81 24
43 82 31
43 83 78
43 84 66
43 85 46
43 86 45
43 87 36
43 88 86
43 89 18
43 90 86
43 91 15
43 92 97
43 93 35
43 94 91
43 95 73
43 96 54
43 97 96
43 98 69
43 99 40
43 100 70
43 101 84
43 102 66
43 103 76
43 104 19
43 105 18
43 106 4
43 107 78
43 108 78
43 109 63
43 110 81
43 111 35
43 112 58
43 113 79
43 114 39
43 115 35
43 116 44
43 117 36
43 118 40
43 119 79
44 45 80
44 46 19
44 47 18
44 48 55
44 49 55
44 50 86
44 51 15
44 52 8
44 53 36
44 54 66
44 55 55
44 56 43
44 57 87
44 58 11
44 59 56
44 60 48
44 61 89
44 62 48
44 63 71
44 64 63
44 65 26
44 66 73
44 67 26
44 68 96
44 69 90
44 70 70
44 71 66
44 72 40
44 73 95
44 74 62
44 75 63
44 76 58
44 77 86
44 78 2
44 79 46
44 80 55
44 81 1
44 82 64
44 83 37
44 84 73
44 85 8
44 86 14
44 87 22
44 88 8
44 89 88
44 90 84
44 91 45
44 92 18
44 93 99
44 94 57
44 95 52
44 96 49
44 97 34
44 98 40
44 99 1
44 100 2
44 101 13
44 102 52
44 103 76
44 104 23
44 105 28
44 106 69
44 107 34
44 108 3
44 109 53
44 110 11
44 111 59
44 112 69
44 113 58
44 114 77
44 115 49
44 116 82
44 117 1
44 118 77
44 119 90
45 46 44
45 47 42
45 48 74
45 49 17
45 50 36
45 51 89
45 52 68
45 53 32
45 54 65
45 55 54
45 56 96
45 57 86
45 58 55
45 59 90
45 60 3
45 61 1
45 62 27
45 63 15
45 64 40
45 65 73
45 66 51
45 67 25
45 68 50
45 69 79
45 70 98
45 71 34
45 72 1
45 73 97
45 74 49
45 75 70
45 76 38
45 77 60
45 78 42
45 79 84
45 80 37
45 81 91
45 82 7
45 83 17
45 84 15
45 85 5
45 86 18
45 87 1
45 88 22
45 89 12
45 90 90
45 91 30
45 92 24
45 93 61
45 94 72
45 95 32
45 96 87
45 97 65
45 98 21
45 99 39
45 100 73
45 101 17
45 102 70
45 103 75
45 104 65
45 105 7
45 106 37
45 107 64
45 108 21
45 109 91
45 110 14
45 111 39
45 112 65
45 113 14
45 114 46
45 115 4
45 116 23
45 117 53
45 118 73
45 119 98
46 47 46
46 48 66
46 49 56
46 50 35
46 51 50
46 52 71
46 53 58
46 54 22
46 55 36
46 56 64
46 57 82
46 58 49
46 59 88
46 60 91
46 61 86
46 62 26
46 63 49
46 64 60
46 65 52
46 66 34
46 67 44
46 68 45
46 69 99
46 70 26
46 71 87
46 72 86
46 73 58
46 74 84
46 75 76
46 76 94
46 77 83
46 78 9
46 79 81
46 80 61
46 81 20
46 82 82
46 83 97
46 84 67
46 85 67
46 86 20
46 87 51
46 88 67
46 89 49
46 90 3
46 91 11
46 92 94
46 93 58
46 94 32
46 95 98
46 96 29
46 97 51
46 98 75
46 99 63
46 100 16
46 101 56
46 102 93
46 103 81
46 104 42
46 105 12
46 106 65
46 107 61
46 108 99
46 109 8
46 110 63
46 111 14
46 112 33
46 113 93
46 114 50
46 115 63
46 116 31
46 117 47
46 118 85
46 119 82
47 48 18
47 49 61
47 50 54
47 51 87
47 52 10
47 53 7
47 54 99
47 55 36
47 56 61
47 57 58
47 58 68
47 59 31
47 60 36
47 61 99
47 62 63
47 63 13
47 64 15
47 65 12
47 66 97
47 67 23
47 68 52
47 69 71
47 70 84
47 71 92
47 72 28
47 73 69
47 74 31
47 75 11
47 76 66
47 77 1
47 78 69
47 79 39
47 80 20
47 81 88
47 82 41
47 83 16
47 84 12
47 85 42
47 86 17
47 87 76
47 88 6
47 89 97
47 90 67
47 91 31
47 92 3
47 93 57
47 94 32
47 95 53
47 96 45
47 97 15
47 98 49
47 99 9
47 100 8
47 101 97
47 102 98
47 103 61
47 104 69
47 105 28
47 106 68
47 107 1
47 108 79
47 109 12
47 110 76
47 111 95
47 112 78
47 113 89
47 114 53
47 115 70
47 116 56
47 117 53
47 118 5
47 119 18
48 49 64
48 50 50
48 51 4
48 52 18
48 53 88
48 54 82
48 55 45
48 56 9
48 57 6
48 58 37
48 59 98
48 60 54
48 61 95
48 62 6
48 63 86
48 64 24
48 65 44
48 66 70
48 67 69
48 68 94
48 69 25
48 70 84
48 71 25
48 72 95
48 73 29
48 74 33
48 75 35
48 76 80
48 77 27
48 78 98
48 79 78
48 80 11
48 81 16
48 82 89
48 83 6
48 84 81
48 85 9
48 86 8
48 87 87
48 88 15
48 89 10
48 90 93
48 91 55
48 92 78
48 93 56
48 94 7
48 95 8
48 96 43
48 97 30
48 98 29
48 99 6
48 100 35
48 101 88
48 102 82
48 103 45
48 104 26
48 105 98
48 106 77
48 107 87
48 108 50
48 109 71
48 110 48
48 111 33
48 112 33
48 113 61
48 114 11
48 115 83
48 116 97
48 117 23
48 118 90
48 119 5
49 50 29
49 51 55
49 52 22
49 53 36
49 54 75
49 55 91
49 56 54
49 57 98
49 58 46
49 59 25
49 60 10
49 61 36
49 62 36
49 63 16
49 64 46
49 65 86
49 66 37
49 67 77
49 68 10
49 69 37
49 70 76
49 71 50
49 72 35
49 73 12
49 74 66
49 75 78
49 76 63
49 77 80
49 78 78
49 79 90
49 80 85
49 81 88
49 82 6
49 83 66
49 84 31
49 85 53
49 86 55
49 87 43
49 88 83
49 89 31
49 90 93
49 91 52
49 92 61
49 93 93
49 94 94
49 95 25
49 96 37
49 97 30
49 98 86
49 99 42
49 100 12
49 101 75
49 102 38
49 103 71
49 104 88
49 105 82
49 106 66
49 107 76
49 108 70
49 109 65
49 110 36
49 111 77
49 112 21
49 113 96
49 114 5
49 115 45
49 116 6
49 117 25
49 118 98
49 119 8
50 51 20
50 52 54
50 53 91
50 54 27
50 55 51
50 56 91
50 57 99
50 58 34
50 59 69
50 60 21
50 61 69
50 62 69
50 63 42
50 64 8
50 65 55
50 66 70
50 67 80
50 68 22
50 69 91
50 70 34
50 71 74
50 72 10
50 73 15
50 74 51
50 75 87
50 76 4
50 77 16
50 78 43
50 79 70
50 80 9
50 81 31
50 82 65
50 83 27
50 84 77
50 85 20
50 86 50
50 87 48
50 88 14
50 89 59
50 90 96
50 91 1
50 92 96
50 93 7
50 94 99
50 95 39
50 96 45
50 97 9
50 98 88
50 99 82
50 100 15
50 101 68
50 102 54
50 103 45
50 104 15
50 105 39
50 106 90
50 107 38
50 108 43
50 109 100
50 110 91
50 111 64
50 112 32
50 113 72
50 114 87
50 115 3
50 116 2
50 117 40
50 118 13
50 119 61
51 52 77
51 53 86
51 54 30
51 55 17
51 56 87
51 57 5
51 58 50
51 59 23
51 60 79
51 61 2
51 62 89
51 63 98
51 64 31
51 65 33
51 66 93
51 67 32
51 68 18
51 69 44
51 70 80
51 71 21
51 72 47
51 73 15
51 74 14
51 75 36
51 76 97
51 77 92
51 78 100
51 79 81
51 80 76
51 81 60
51 82 73
51 83 69
51 84 65
51 85 68
51 86 51
51 87 10
51 88 68
51 89 54
51 90 10
51 91 81
51 92 16
51 93 76
51 94 84
51 95 46
51 96 54
51 97 83
51 98 8
51 99 22
51 100 16
51 101 90
51 102 40
51 103 99
51 104 74
51 105 77
51 106 24
51 107 33
51 108 16
51 109 9
51 110 34
51 111 27
51 112 93
51 113 61
51 114 72
51 115 78
51 116 44
51 117 56
51 118 97
51 119 8
52 53 2
52 54 41
52 55 58
52 56 29
52 57 80
52 58 83
52 59 61
52 60 64
52 61 99
52 62 1
52 63 75
52 64 56
52 65 24
52 66 98
52 67 67
52 68 32
52 69 56
52 70 22
52 71 70
52 72 94
52 73 45
52 74 81
52 75 84
52 76 26
52 77 38
52 78 31
52 79 30
52 80 23
52 81 5
52 82 20
52 83 90
52 84 43
52 85 50
52 86 33
52 87 11
52 88 46
52 89 68
52 90 63
52 91 49
52 92 99
52 93 2
52 94 82
52 95 69
52 96 96
52 97 59
52 98 78
52 99 11
52 100 31
52 101 19
52 102 79
52 103 26
52 104 54
52 105 63
52 106 53
52 107 90
52 108 82
52 109 98
52 110 33
52 111 34
52 112 18
52 113 22
52 114 90
52 115 76
52 116 81
52 117 26
52 118 64
52 119 30
53 54 21
53 55 82
53 56 86
53 57 26
53 58 11
53 59 24
53 60 69
53 61 90
53 62 12
53 63 26
53 64 77
53 65 33
53 66 78
53 67 73
53 68 48
53 69 69
53 70 33
53 71 70
53 72 51
53 73 3
53 74 94
53 75 62
53 76 11
53 77 70
53 78 39
53 79 61
53 80 75
53 81 76
53 82 74
53 83 35
53 84 85
53 85 46
53 86 23
53 87 41
53 88 84
53 89 99
53 90 86
53 91 56
53 92 93
53 93 60
53 94 62
53 95 13
53 96 6
53 97 16
53 98 25
53 99 68
53 100 44
53 101 26
53 102 79
53 103 93
53 104 59
53 105 46
53 106 95
53 107 26
53 108 7
53 109 80
53 110 24
53 111 79
53 112 65
53 113 44
53 114 38
53 115 64
53 116 61
53 117 30
53 118 32
53 119 63
54 55 90
54 56 58
54 57 57
54 58 78
54 59 33
54 60 88
54 61 71
54 62 64
54 63 79
54 64 58
54 65 98
54 66 31
54 67 40
54 68 84
54 69 10
54 70 9
54 71 16
54 72 63
54 73 32
54 74 97
54 75 44
54 76 37
54 77 15
54 78 9
54 79 94
54 80 4
54 81 61
54 82 92
54 83 55
54 84 16
54 85 1
54 86 22
54 87 29
54 88 3
54 89 56
54 90 68
54 91 98
54 92 42
54 93 88
54 94 37
54 95 15
54 96 71
54 97 99
54 98 41
54 99 59
54 100 19
54 101 81
54 102 29
54 103 62
54 104 91
54 105 31
54 106 24
54 107 93
54 108 46
54 109 93
54 110 63
54 111 79
54 112 96
54 113 33
54 114 21
54 115 40
54 116 8
54 117 8
54 118 21
54 119 97
55 56 2
55 57 32
55 58 75
55 59 62
55 60 70
55 61 18
55 62 13
55 63 80
55 64 17
55 65 84
55 66 42
55 67 81
55 68 96
55 69 71
55 70 95
55 71 1
55 72 44
55 73 65
55 74 81
55 75 4
55 76 97
55 77 5
55 78 71
55 79 93
55 80 29
55 81 37
55 82 55
55 83 25
55 84 48
55 85 38
55 86 63
55 87 35
55 88 92
55 89 76
55 90 17
55 91 33
55 92 71
55 93 28
55 94 27
55 95 10
55 96 45
55 97 26
55 98 67
55 99 80
55 100 92
55 101 24
55 102 51
55 103 8
55 104 55
55 105 85
55 106 25
55 107 88
55 108 43
55 109 35
55 110 88
55 111 74
55 112 76
55 113 6
55 114 43
55 115 52
55 116 63
55 117 12
55 118 15
55 119 36
56 57 5
56 58 50
56 59 3
56 60 6
56 61 86
56 62 33
56 63 90
56 64 48
56 65 49
56 66 23
56 67 99
56 68 60
56 69 25
56 70 43
56 71 36
56 72 20
56 73 46
56 74 30
56 75 81
56 76 14
56 77 12
56 78 89
56 79 67
56 80 81
56 81 76
56 82 23
56 83 41
56 84 100
56 85 52
56 86 79
56 87 47
56 88 86
56 89 85
56 90 64
56 91 31
56 92 1
56 93 87
56 94 82
56 95 60
56 96 22
56 97 56
56 98 25
56 99 11
56 100 87
56 101 73
56 102 31
56 103 39
56 104 60
56 105 54
56 106 34
56 107 76
56 108 23
56 109 36
56 110 12
56 111 59
56 112 32
56 113 27
56 114 48
56 115 30
56 116 45
56 117 43
56 118 63
56 119 82
57 58 56
57 59 89
57 60 94
57 61 49
57 62 70
57 63 28
57 64 2
57 65 86
57 66 49
57 67 9
57 68 88
57 69 39
57 70 52
57 71 25
57 72 26
57 73 50
57 74 12
57 75 56
57 76 1
57 77 2
57 78 31
57 79 4
57 80 4
57 81 61
57 82 12
57 83 61
57 84 66
57 85 52
57 86 5
57 87 35
57 88 93
57 89 94
57 90 32
57 91 23
57 92 34
57 93 75
57 94 95
57 95 85
57 96 47
57 97 100
57 98 58
57 99 63
57 100 92
57 101 98
57 102 24
57 103 17
57 104 97
57 105 30
57 106 41
57 107 6
57 108 94
57 109 68
57 110 55
57 111 44
57 112 84
57 113 97
57 114 79
57 115 94
57 116 19
57 117 14
57 118 1
57 119 9
58 59 25
58 60 5
58 61 85
58 62 96
58 63 12
58 64 18
58 65 75
58 66 53
58 67 21
58 68 23
58 69 62
58 70 25
58 71 77
58 72 12
58 73 24
58 74 56
58 75 60
58 76 94
58 77 90
58 78 87
58 79 99
58 80 47
58 81 46
58 82 84
58 83 10
58 84 40
58 85 39
58 86 58
58 87 78
58 88 64
58 89 47
58 90 3
58 91 54
58 92 30
58 93 83
58 94 32
58 95 90
58 96 37
58 97 76
58 98 51
58 99 9
58 100 40
58 101 52
58 102 45
58 103 56
58 104 91
58 105 10
58 106 27
58 107 56
58 108 98
58 109 18
58 110 92
58 111 35
58 112 54
58 113 87
58 114 74
58 115 18
58 116 27
58 117 88
58 118 71
58 119 61
59 60 85
59 61 20
59 62 82
59 63 72
59 64 74
59 65 49
59 66 27
59 67 69
59 68 51
59 69 26
59 70 17
59 71 64
59 72 46
59 73 25
59 74 30
59 75 72
59 76 64
59 77 49
59 78 32
59 79 23
59 80 38
59 81 64
59 82 92
59 83 69
59 84 41
59 85 41
59 86 53
59 87 72
59 88 52
59 89 21
59 90 33
59 91 43
59 92 33
59 93 92
59 94 16
59 95 67
59 96 93
59 97 26
59 98 58
59 99 36
59 100 64
59 101 54
59 102 100
59 103 88
59 104 77
59 105 76
59 106 33
59 107 82
59 108 63
59 109 6
59 110 14
59 111 40
59 112 17
59 113 73
59 114 36
59 115 12
59 116 32
59 117 36
59 118 26
59 119 57
60 61 83
60 62 77
60 63 28
60 64 84
60 65 27
60 66 85
60 67 31
60 68 17
60 69 63
60 70 20
60 71 97
60 72 64
60 73 40
60 74 78
60 75 47
60 76 67
60 77 99
60 78 25
60 79 100
60 80 75
60 81 14
60 82 44
60 83 73
60 84 71
60 85 63
60 86 60
60 87 86
60 88 65
60 89 73
60 90 54
60 91 39
60 92 14
60 93 66
60 94 68
60 95 61
60 96 1
60 97 49
60 98 89
60 99 75
60 100 2
60 101 5
60 102 52
60 103 65
60 104 92
60 105 31
60 106 71
60 107 41
60 108 90
60 109 17
60 110 66
60 111 83
60 112 92
60 113 32
60 114 9
60 115 99
60 116 21
60 117 88
60 118 8
60 119 4
61 62 46
61 63 51
61 64 37
61 65 84
61 66 9
61 67 57
61 68 92
61 69 65
61 70 60
61 71 100
61 72 1
61 73 4
61 74 69
61 75 2
61 76 8
61 77 49
61 78 96
61 79 6
61 80 82
61 81 83
61 82 99
61 83 92
61 84 52
61 85 21
61 86 81
61 87 61
61 88 78
61 89 56
61 90 64
61 91 64
61 92 74
61 93 63
61 94 58
61 95 53
61 96 42
61 97 10
61 98 28
61 99 38
61 100 71
61 101 4
61 102 14
61 103 96
61 104 98
61 105 79
61 106 24
61 107 70
61 108 77
61 109 13
61 110 54
61 111 81
61 112 87
61 113 28
61 114 62
61 115 53
61 116 77
61 117 75
61 118 32
61 119 39
62 63 61
62 64 77
62 65 27
62 66 74
62 67 19
62 68 30
62 69 30
62 70 40
62 71 88
62 72 5
62 73 14
62 74 46
62 75 27
62 76 73
62 77 20
62 78 87
62 79 12
62 80 65
62 81 19
62 82 4
62 83 87
62 84 93
62 85 18
62 86 81
62 87 28
62 88 82
62 89 14
62 90 12
62 91 19
62 92 90
62 93 9
62 94 48
62 95 42
62 96 55
62 97 9
62 98 6
62 99 58
62 100 32
62 101 24
62 102 100
62 103 11
62 104 68
62 105 72
62 106 21
62 107 2
62 108 75
62 109 54
62 110 58
62 111 10
62 112 73
62 113 77
62 114 29
62 115 3
62 116 96
62 117 3
62 118 51
62 119 80
63 64 53
63 65 47
63 66 78
63 67 53
63 68 71
63 69 48
63 70 84
63 71 83
63 72 60
63 73 1
63 74 79
63 75 93
63 76 45
63 77 48
63 78 67
63 79 7
63 80 46
63 81 80
63 82 24
63 83 93
63 84 4
63 85 28
63 86 7
63 87 56
63 88 49
63 89 48
63 90 9
63 91 22
63 92 12
63 93 50
63 94 80
63 95 24
63 96 55
63 97 79
63 98 45
63 99 84
63 100 20
63 101 87
63 102 32
63 103 74
63 104 26
63 105 62
63 106 100
63 107 99
63 108 14
63 109 36
63 110 100
63 111 1
63 112 54
63 113 92
63 114 86
63 115 14
63 116 54
63 117 87
63 118 42
63 119 4
64 65 9
64 66 55
64 67 92
64 68 49
64 69 67
64 70 53
64 71 92
64 72 49
64 73 7
64 74 81
64 75 78
64 76 87
64 77 99
64 78 85
64 79 5
64 80 4
64 81 96
64 82 65
64 83 59
64 84 3
64 85 25
64 86 89
64 87 15
64 88 15
64 89 5
64 90 78
64 91 45
64 92 69
64 93 44
64 94 29
64 95 38
64 96 78
64 97 54
64 98 52
64 99 71
64 100 39
64 101 16
64 102 70
64 103 20
64 104 20
64 105 19
64 106 76
64 107 81
64 108 75
64 109 23
64 110 63
64 111 8
64 112 17
64 113 12
64 114 40
64 115 63
64 116 21
64 117 97
64 118 54
64 119 89
65 66 31
65 67 1
65 68 11
65 69 56
65 70 72
65 71 79
65 72 65
65 73 51
65 74 7
65 75 9
65 76 44
65 77 95
65 78 97
65 79 29
65 80 8
65 81 19
65 82 45
65 83 8
65 84 35
65 85 29
65 86 84
65 87 85
65 88 10
65 89 48
65 90 43
65 91 98
65 92 51
65 93 28
65 94 47
65 95 73
65 96 1
65 97 28
65 98 12
65 99 34
65 100 16
65 101 79
65 102 38
65 103 80
65 104 5
65 105 97
65 106 44
65 107 93
65 108 67
65 109 98
65 110 76
65 111 56
65 112 68
65 113 37
65 114 66
65 115 9
65 116 4
65 117 17
65 118 27
65 119 97
66 67 46
66 68 48
66 69 90
66 70 69
66 71 47
66 72 55
66 73 84
66 74 80
66 75 42
66 76 77
66 77 11
66 78 95
66 79 58
66 80 91
66 81 7
66 82 34
66 83 71
66 84 94
66 85 56
66 86 41
66 87 67
66 88 99
66 89 55
66 90 10
66 91 1
66 92 74
66 93 83
66 94 46
66 95 23
66 96 4
66 97 13
66 98 19
66 99 33
66 100 34
66 101 18
66 102 22
66 103 49
66 104 71
66 105 62
66 106 5
66 107 75
66 108 82
66 109 67
66 110 77
66 111 76
66 112 98
66 113 16
66 114 12
66 115 86
66 116 78
66 117 38
66 118 73
66 119 58
67 68 91
67 69 22
67 70 8
67 71 17
67 72 95
67 73 57
67 74 58
67 75 89
67 76 29
67 77 15
67 78 14
67 79 38
67 80 84
67 81 29
67 82 77
67 83 67
67 84 60
67 85 20
67 86 95
67 87 23
67 88 88
67 89 73
67 90 38
67 91 7
67 92 18
67 93 100
67 94 9
67 95 73
67 96 71
67 97 69
67 98 84
67 99 27
67 100 74
67 101 98
67 102 29
67 103 90
67 104 99
67 105 93
67 106 89
67 107 8
67 108 22
67 109 5
67 110 26
67 111 9
67 112 52
67 113 45
67 114 95
67 115 67
67 116 90
67 117 91
67 118 92
67 119 48
68 69 63
68 70 59
68 71 41
68 72 71
68 73 56
68 74 46
68 75 60
68 76 66
68 77 98
68 78 66
68 79 88
68 80 18
68 81 94
68 82 39
68 83 52
68 84 58
68 85 77
68 86 60
68 87 89
68 88 72
68 89 36
68 90 91
68 91 18
68 92 38
68 93 21
68 94 15
68 95 91
68 96 23
68 97 85
68 98 29
68 99 75
68 100 13
68 101 34
68 102 90
68 103 47
68 104 80
68 105 23
68 106 6
68 107 66
68 108 18
68 109 10
68 110 74
68 111 88
68 112 5
68 113 57
68 114 58
68 115 32
68 116 1
68 117 33
68 118 70
68 119 54
69 70 94
69 71 63
69 72 85
69 73 25
69 74 13
69 75 48
69 76 83
69 77 11
69 78 29
69 79 46
69 80 60
69 81 72
69 82 80
69 83 25
69 84 69
69 85 98
69 86 85
69 87 27
69 88 6
69 89 63
69 90 54
69 91 83
69 92 64
69 93 17
69 94 13
69 95 55
69 96 37
69 97 36
69 98 69
69 99 36
69 100 76
69 101 62
69 102 62
69 103 78
69 104 12
69 105 45
69 106 35
69 107 75
69 108 15
69 109 32
69 110 72
69 111 85
69 112 1
69 113 9
69 114 14
69 115 81
69 116 36
69 117 64
69 118 45
69 119 50
70 71 25
70 72 4
70 73 3
70 74 84
70 75 61
70 76 30
70 77 14
70 78 88
70 79 57
70 80 43
70 81 50
70 82 13
70 83 63
70 84 98
70 85 62
70 86 41
70 87 53
70 88 8
70 89 76
70 90 67
70 91 5
70 92 90
70 93 37
70 94 59
70 95 34
70 96 96
70 97 55
70 98 100
70 99 16
70 100 92
70 101 94
70 102 40
70 103 74
70 104 89
70 105 45
70 106 1
70 107 83
70 108 65
70 109 86
70 110 84
70 111 31
70 112 41
70 113 13
70 114 40
70 115 94
70 116 69
70 117 22
70 118 51
70 119 46
71 72 86
71 73 94
71 74 100
71 75 31
71 76 29
71 77 93
71 78 53
71 79 88
71 80 57
71 81 19
71 82 68
71 83 89
71 84 77
71 85 90
71 86 66
71 87 38
71 88 85
71 89 26
71 90 24
71 91 75
71 92 29
71 93 99
71 94 46
71 95 100
71 96 18
71 97 75
71 98 36
71 99 43
71 100 18
71 101 40
71 102 9
71 103 100
71 104 17
71 105 50
71 106 48
71 107 94
71 108 9
71 109 88
71 110 78
71 111 38
71 112 70
71 113 16
71 114 51
71 115 64
71 116 85
71 117 74
71 118 59
71 119 78
72 73 25
72 74 37
72 75 68
72 76 23
72 77 44
72 78 71
72 79 74
72 80 24
72 81 72
72 82 92
72 83 62
72 84 60
72 85 73
72 86 61
72 87 6
72 88 99
72 89 44
72 90 23
72 91 88
72 92 25
72 93 25
72 94 93
72 95 70
72 96 49
72 97 99
72 98 80
72 99 54
72 100 51
72 101 66
72 102 7
72 103 38
72 104 69
72 105 59
72 106 64
72 107 76
72 108 8
72 109 96
72 110 59
72 111 5
72 112 53
72 113 1
72 114 55
72 115 81
72 116 94
72 117 69
72 118 70
72 119 70
73 74 80
73 75 10
73 76 64
73 77 11
73 78 59
73 79 57
73 80 11
73 81 73
73 82 85
73 83 32
73 84 93
73 85 76
73 86 90
73 87 24
73 88 41
73 89 37
73 90 84
73 91 74
73 92 96
73 93 42
73 94 32
73 95 36
73 96 56
73 97 81
73 98 13
73 99 93
73 100 61
73 101 6
73 102 64
73 103 10
73 104 33
73 105 50
73 106 99
73 107 4
73 108 60
73 109 44
73 110 35
73 111 37
73 112 82
73 113 100
73 114 32
73 115 18
73 116 98
73 117 28
73 118 48
73 119 62
74 75 77
74 76 59
74 77 88
74 78 96
74 79 14
74 80 61
74 81 78
74 82 95
74 83 1
74 84 40
74 85 95
74 86 43
74 87 69
74 88 79
74 89 39
74 90 25
74 91 41
74 92 87
74 93 11
74 94 96
74 95 47
74 96 69
74 97 11
74 98 48
74 99 66
74 100 52
74 101 76
74 102 84
74 103 65
74 104 4
74 105 72
74 106 65
74 107 68
74 108 88
74 109 9
74 110 42
74 111 9
74 112 88
74 113 54
74 114 77
74 115 12
74 116 40
74 117 25
74 118 13
74 119 44
75 76 53
75 77 89
75 78 95
75 79 93
75 80 14
75 81 40
75 82 59
75 83 56
75 84 71
75 85 14
75 86 89
75 87 55
75 88 1
75 89 61
75 90 8
75 91 35
75 92 18
75 93 17
75 94 46
75 95 39
75 96 63
75 97 69
75 98 48
75 99 49
75 100 91
75 101 8
75 102 16
75 103 93
75 104 57
75 105 92
75 106 66
75 107 3
75 108 88
75 109 72
75 110 48
75 111 64
75 112 48
75 113 51
75 114 78
75 115 66
75 116 80
75 117 47
75 118 87
75 119 97
76 77 80
76 78 97
76 79 30
76 80 51
76 81 24
76 82 10
76 83 58
76 84 38
76 85 44
76 86 34
76 87 35
76 88 39
76 89 12
76 90 6
76 91 96
76 92 63
76 93 99
76 94 60
76 95 30
76 96 3
76 97 3
76 98 55
76 99 76
76 100 1
76 101 71
76 102 3
76 103 95
76 104 68
76 105 70
76 106 59
76 107 36
76 108 23
76 109 89
76 110 21
76 111 32
76 112 47
76 113 27
76 114 39
76 115 25
76 116 96
76 117 47
76 118 13
76 119 80
77 78 13
77 79 4
77 80 80
77 81 16
77 82 99
77 83 18
77 84 10
77 85 23
77 86 47
77 87 98
77 88 43
77 89 66
77 90 41
77 91 97
77 92 95
77 93 15
77 94 94
77 95 13
77 96 96
77 97 64
77 98 75
77 99 68
77 100 87
77 101 73
77 102 78
77 103 91
77 104 32
77 105 18
77 106 91
77 107 42
77 108 16
77 109 80
77 110 51
77 111 85
77 112 11
77 113 60
77 114 87
77 115 20
77 116 60
77 117 74
77 118 68
77 119 10
78 79 81
78 80 22
78 81 69
78 82 6
78 83 3
78 84 21
78 85 6
78 86 60
78 87 91
78 88 18
78 89 21
78 90 44
78 91 93
78 92 90
78 93 76
78 94 69
78 95 49
78 96 66
78 97 28
78 98 73
78 99 73
78 100 71
78 101 13
78 102 1
78 103 62
78 104 12
78 105 67
78 106 76
78 107 23
78 108 33
78 109 71
78 110 98
78 111 89
78 112 33
78 113 28
78 114 9
78 115 77
78 116 45
78 117 46
78 118 79
78 119 25
79 80 3
79 81 90
79 82 1
79 83 86
79 84 54
79 85 26
79 86 10
79 87 15
79 88 59
79 89 54
79 90 24
79 91 70
79 92 25
79 93 76
79 94 42
79 95 30
79 96 66
79 97 88
79 98 88
79 99 63
79 100 16
79 101 3
79 102 46
79 103 50
79 104 18
79 105 82
79 106 11
79 107 59
79 108 8
79 109 4
79 110 51
79 111 19
79 112 49
79 113 18
79 114 17
79 115 93
79 116 28
79 117 1
79 118 20
79 119 82
80 81 63
80 82 49
80 83 20
80 84 78
80 85 38
80 86 34
80 87 4
80 88 27
80 89 76
80 90 10
80 91 27
80 92 36
80 93 20
80 94 79
80 95 7
80 96 79
80 97 100
80 98 25
80 99 30
80 100 15
80 101 43
80 102 28
80 103 81
80 104 91
80 105 21
80 106 53
80 107 75
80 108 39
80 109 81
80 110 93
80 111 40
80 112 70
80 113 8
80 114 47
80 115 51
80 116 95
80 117 15
80 118 51
80 119 72
81 82 9
81 83 28
81 84 94
81 85 64
81 86 86
81 87 5
81 88 66
81 89 49
81 90 44
81 91 8
81 92 28
81 93 16
81 94 98
81 95 92
81 96 71
81 97 12
81 98 73
81 99 5
81 100 17
81 101 7
81 102 62
81 103 18
81 104 54
81 105 43
81 106 62
81 107 54
81 108 69
81 109 33
81 110 57
81 111 82
81 112 2
81 113 33
81 114 4
81 115 46
81 116 14
81 117 40
81 118 25
81 119 29
82 83 1
82 84 39
82 85 61
82 86 84
82 87 30
82 88 39
82 89 70
82 90 25
82 91 72
82 92 72
82 93 96
82 94 5
82 95 53
82 96 98
82 97 26
82 98 54
82 99 11
82 100 37
82 101 22
82 102 13
82 103 52
82 104 44
82 105 91
82 106 85
82 107 68
82 108 90
82 109 86
82 110 79
82 111 25
82 112 22
82 113 58
82 114 81
82 115 92
82 116 93
82 117 5
82 118 22
82 119 55
83 84 13
83 85 78
83 86 76
83 87 53
83 88 76
83 89 93
83 90 48
83 91 81
83 92 80
83 93 11
83 94 1
83 95 58
83 96 77
83 97 86
83 98 43
83 99 98
83 100 42
83 101 84
83 102 96
83 103 12
83 104 78
83 105 6
83 106 82
83 107 55
83 108 41
83 109 47
83 110 19
83 111 71
83 112 81
83 113 30
83 114 21
83 115 14
83 116 9
83 117 26
83 118 61
83 119 62
84 85 7
84 86 43
84 87 35
84 88 10
84 89 92
84 90 43
84 91 85
84 92 86
84 93 72
84 94 99
84 95 93
84 96 57
84 97 1
84 98 41
84 99 36
84 100 39
84 101 51
84 102 48
84 103 85
84 104 62
84 105 37
84 106 79
84 107 60
84 108 6
84 109 48
84 110 77
84 111 68
84 112 54
84 113 1
84 114 39
84 115 81
84 116 72
84 117 28
84 118 26
84 119 64
85 86 90
85 87 38
85 88 1
85 89 70
85 90 41
85 91 55
85 92 28
85 93 43
85 94 93
85 95 18
85 96 71
85 97 73
85 98 2
85 99 52
85 100 35
85 101 50
85 102 15
85 103 80
85 104 70
85 105 75
85 106 52
85 107 31
85 108 16
85 109 2
85 110 87
85 111 7
85 112 24
85 113 56
85 114 87
85 115 3
85 116 13
85 117 83
85 118 57
85 119 93
86 87 47
86 88 45
86 89 47
86 90 32
86 91 28
86 92 56
86 93 29
86 94 7
86 95 61
86 96 79
86 97 2
86 98 59
86 99 56
86 100 45
86 101 75
86 102 31
86 103 89
86 104 40
86 105 95
86 106 10
86 107 76
86 108 51
86 109 28
86 110 20
86 111 42
86 112 16
86 113 24
86 114 100
86 115 81
86 116 75
86 117 55
86 118 10
86 119 74
87 88 93
87 89 74
87 90 27
87 91 62
87 92 67
87 93 19
87 94 37
87 95 96
87 96 45
87 97 2
87 98 97
87 99 98
87 100 16
87 101 31
87 102 17
87 103 46
87 104 18
87 105 30
87 106 47
87 107 52
87 108 1
87 109 46
87 110 37
87 111 21
87 112 99
87 113 13
87 114 35
87 115 20
87 116 44
87 117 63
87 118 44
87 119 15
88 89 78
88 90 66
88 91 23
88 92 93
88 93 18
88 94 91
88 95 73
88 96 69
88 97 20
88 98 60
88 99 73
88 100 38
88 101 81
88 102 44
88 103 59
88 104 22
88 105 7
88 106 70
88 107 37
88 108 29
88 109 79
88 110 84
88 111 34
88 112 56
88 113 66
88 114 85
88 115 48
88 116 40
88 117 87
88 118 64
88 119 98
89 90 40
89 91 89
89 92 69
89 93 20
89 94 58
89 95 31
89 96 19
89 97 65
89 98 59
89 99 97
89 100 37
89 101 97
89 102 6
89 103 81
89 104 87
89 105 51
89 106 64
89 107 13
89 108 43
89 109 70
89 110 19
89 111 92
89 112 67
89 113 21
89 114 36
89 115 88
89 116 88
89 117 70
89 118 33
89 119 73
90 91 81
90 92 68
90 93 47
90 94 73
90 95 96
90 96 84
90 97 4
90 98 74
90 99 79
90 100 61
90 101 58
90 102 3
90 103 99
90 104 58
90 105 69
90 106 54
90 107 59
90 108 50
90 109 57
90 110 28
90 111 61
90 112 60
90 113 85
90 114 100
90 115 84
90 116 13
90 117 78
90 118 4
90 119 53
91 92 40
91 93 36
91 94 33
91 95 91
91 96 54
91 97 15
91 98 93
91 99 90
91 100 94
91 101 70
91 102 99
91 103 60
91 104 45
91 105 28
91 106 31
91 107 78
91 108 80
91 109 41
91 110 67
91 111 93
91 112 84
91 113 50
91 114 15
91 115 64
91 116 42
91 117 99
91 118 82
91 119 20
92 93 61
92 94 32
92 95 57
92 96 7
92 97 46
92 98 67
92 99 72
92 100 60
92 101 65
92 102 42
92 103 38
92 104 32
92 105 75
92 106 34
92 107 30
92 108 81
92 109 73
92 110 96
92 111 21
92 112 60
92 113 53
92 114 27
92 115 92
92 116 4
92 117 17
92 118 7
92 119 69
93 94 52
93 95 92
93 96 55
93 97 95
93 98 58
93 99 68
93 100 24
93 101 44
93 102 75
93 103 30
93 104 70
93 105 86
93 106 63
93 107 88
93 108 88
93 109 55
93 110 32
93 111 91
93 112 56
93 113 93
93 114 76
93 115 76
93 116 99
93 117 60
93 118 96
93 119 30
94 95 93
94 96 36
94 97 10
94 98 19
94 99 4
94 100 83
94 101 4
94 102 99
94 103 9
94 104 32
94 105 95
94 106 39
94 107 67
94 108 34
94 109 36
94 110 77
94 111 94
94 112 35
94 113 93
94 114 85
94 115 31
94 116 60
94 117 97
94 118 45
94 119 77
95 96 25
95 97 97
95 98 31
95 99 5
95 100 8
95 101 82
95 102 97
95 103 35
95 104 98
95 105 99
95 106 36
95 107 53
95 108 99
95 109 20
95 110 97
95 111 79
95 112 44
95 113 28
95 114 43
95 115 92
95 116 80
95 117 42
95 118 95
95 119 86
96 97 100
96 98 64
96 99 68
96 100 21
96 101 36
96 102 14
96 103 17
96 104 9
96 105 46
96 106 88
96 107 45
96 108 80
96 109 71
96 110 41
96 111 13
96 112 14
96 113 93
96 114 47
96 115 9
96 116 57
96 117 14
96 118 14
96 119 21
97 98 16
97 99 46
97 100 86
97 101 28
97 102 57
97 103 60
97 104 91
97 105 50
97 106 13
97 107 56
97 108 75
97 109 72
97 110 2
97 111 69
97 112 94
97 113 69
97 114 32
97 115 24
97 116 80
97 117 91
97 118 24
97 119 27
98 99 24
98 100 64
98 101 37
98 102 47
98 103 55
98 104 57
98 105 32
98 106 55
98 107 14
98 108 64
98 109 90
98 110 3
98 111 97
98 112 39
98 113 62
98 114 40
98 115 85
98 116 82
98 117 27
98 118 39
98 119 35
99 100 99
99 101 72
99 102 88
99 103 40
99 104 88
99 105 97
99 106 26
99 107 38
99 108 13
99 109 4
99 110 33
99 111 93
99 112 76
99 113 64
99 114 75
99 115 71
99 116 6
99 117 70
99 118 20
99 119 97
100 101 75
100 102 4
100 103 64
100 104 2
100 105 29
100 106 50
100 107 64
100 108 9
100 109 90
100 110 15
100 111 49
100 112 66
100 113 3
100 114 95
100 115 88
100 116 20
100 117 1
100 118 63
100 119 56
101 102 88
101 103 85
101 104 14
101 105 91
101 106 67
101 107 29
101 108 31
101 109 15
101 110 72
101 111 94
101 112 86
101 113 64
101 114 68
101 115 81
101 116 98
101 117 72
101 118 80
101 119 96
102 103 16
102 104 20
102 105 86
102 106 80
102 107 3
102 108 93
102 109 34
102 110 48
102 111 95
102 112 17
102 113 76
102 114 69
102 115 81
102 116 17
102 117 87
102 118 57
102 119 39
103 104 13
103 105 79
103 106 62
103 107 83
103 108 23
103 109 81
103 110 25
103 111 2
103 112 66
103 113 31
103 114 89
103 115 73
103 116 35
103 117 91
103 118 13
103 119 94
104 105 44
104 106 67
104 107 62
104 108 80
104 109 3
104 110 45
104 111 43
104 112 80
104 113 47
104 114 9
104 115 79
104 116 97
104 117 69
104 118 38
104 119 71
105 106 90
105 107 96
105 108 91
105 109 73
105 110 16
105 111 19
105 112 61
105 113 99
105 114 79
105 115 93
105 116 20
105 117 43
105 118 78
105 119 75
106 107 98
106 108 67
106 109 39
106 110 94
106 111 55
106 112 55
106 113 91
106 114 78
106 115 15
106 116 26
106 117 56
106 118 16
106 119 76
107 108 51
107 109 91
107 110 32
107 111 96
107 112 26
107 113 5
107 114 18
107 115 53
107 116 77
107 117 86
107 118 84
107 119 74
108 109 52
108 110 38
108 111 61
108 112 2
108 113 66
108 114 33
108 115 6
108 116 81
108 117 55
108 118 42
108 119 51
109 110 11
109 111 25
109 112 34
109 113 23
109 114 57
109 115 46
109 116 39
109 117 84
109 118 33
109 119 93
110 111 53
110 112 40
110 113 86
110 114 50
110 115 19
110 116 23
110 117 69
110 118 48
110 119 82
111 112 65
111 113 70
111 114 90
111 115 88
111 116 34
111 117 35
111 118 70
111 119 71
112 113 33
112 114 90
112 115 27
112 116 92
112 117 37
112 118 93
112 119 7
113 114 46
113 115 8
113 116 71
113 117 79
113 118 92
113 119 35
114 115 100
114 116 93
114 117 74
114 118 59
114 119 4
115 116 53
115 117 3
115 118 20
115 119 7
116 117 97
116 118 88
116 119 87
117 118 33
117 119 31
118 119 39
