80 3160
0 1 73
0 2 39
0 3 13
0 4 22
0 5 53
0 6 52
0 7 34
0 8 47
0 9 45
0 10 70
0 11 86
0 12 68
0 13 98
0 14 73
0 15 36
0 16 32
0 17 12
0 18 90
0 19 11
0 20 70
0 21 84
0 22 23
0 23 73
0 24 78
0 25 40
0 26 76
0 27 29
0 28 81
0 29 67
0 30 20
0 31 38
0 32 48
0 33 26
0 34 73
0 35 28
0 36 47
0 37 35
0 38 86
0 39 15
0 40 32
0 41 23
0 42 95
0 43 4
0 44 72
0 45 88
0 46 40
0 47 83
0 48 62
0 49 84
0 50 55
0 51 60
0 52 94
0 53 66
0 54 74
0 55 52
0 56 36
0 57 57
0 58 5
0 59 69
0 60 52
0 61 32
0 62 36
0 63 47
0 64 32
0 65 62
0 66 42
0 67 19
0 68 29
0 69 55
0 70 57
0 71 27
0 72 39
0 73 94
0 74 86
0 75 26
0 76 45
0 77 90
0 78 74
0 79 97
1 2 2
1 3 50
1 4 25
1 5 77
1 6 11
1 7 15
1 8 29
1 9 28
1 10 70
1 11 67
1 12 30
1 13 9
1 14 93
1 15 32
1 16 35
1 17 74
1 18 34
1 19 75
1 20 45
1 21 16
1 22 94
1 23 11
1 24 91
1 25 27
1 26 56
1 27 80
1 28 74
1 29 9
1 30 34
1 31 79
1 32 7
1 33 51
1 34 42
1 35 53
1 36 74
1 37 45
1 38 14
1 39 79
1 40 87
1 41 11
1 42 17
1 43 80
1 44 21
1 45 70
1 46 37
1 47 100
1 48 69
1 49 32
1 50 98
1 51 83
1 52 20
1 53 88
1 54 25
1 55 64
1 56 37
1 57 60
1 58 55
1 59 77
1 60 50
1 61 31
1 62 84
1 63 70
1 64 48
1 65 51
1 66 78
1 67 30
1 68 72
1 69 86
1 70 14
1 71 35
1 72 85
1 73 67
1 74 94
1 75 42
1 76 8
1 77 98
1 78 44
1 79 53
2 3 52
2 4 40
2 5 40
2 6 73
2 7 50
2 8 69
2 9 15
2 10 74
2 11 29
2 12 7
2 13 69
2 14 99
2 15 51
2 16 46
2 17 54
2 18 92
2 19 10
2 20 31
2 21 50
2 22 59
2 23 33
2 24 97
2 25 62
2 26 19
2 27 44
2 28 32
2 29 78
2 30 58
2 31 84
2 32 41
2 33 100
2 34 36
2 35 98
2 36 41
2 37 90
2 38 38
2 39 90
2 40 77
2 41 4
2 42 10
2 43 82
2 44 82
2 45 40
2 46 87
2 47 35
2 48 99
2 49 10
2 50 3
2 51 64
2 52 79
2 53 91
2 54 12
2 55 87
2 56 28
2 57 11
2 58 4
2 59 40
2 60 77
2 61 21
2 62 41
2 63 29
2 64 61
2 65 53
2 66 20
2 67 54
2 68 75
2 69 16
2 70 18
2 71 99
2 72 51
2 73 1
2 74 58
2 75 6
2 76 55
2 77 41
2 78 11
2 79 60
3 4 53
3 5 91
3 6 38
3 7 41
3 8 45
3 9 91
3 10 64
3 11 61
3 12 4
3 13 58
3 14 68
3 15 65
3 16 58
3 17 24
3 18 85
3 19 35
3 20 10
3 21 88
3 22 75
3 23 100
3 24 78
3 25 69
3 26 91
3 27 46
3 28 99
3 29 2
3 30 72
3 31 85
3 32 49
3 33 16
3 34 3
3 35 40
3 36 67
3 37 20
3 38 64
3 39 61
3 40 19
3 41 38
3 42 76
3 43 10
3 44 43
3 45 33
3 46 19
3 47 77
3 48 44
3 49 52
3 50 97
3 51 44
3 52 85
3 53 38
3 54 71
3 55 87
3 56 9
3 57 15
3 58 36
3 59 70
3 60 96
3 61 28
3 62 94
3 63 88
3 64 19
3 65 55
3 66 50
3 67 7
3 68 90
3 69 63
3 70 60
3 71 41
3 72 89
3 73 77
3 74 4
3 75 93
3 76 84
3 77 15
3 78 26
3 79 54
4 5 70
4 6 38
4 7 77
4 8 62
4 9 40
4 10 26
4 11 1
4 12 14
4 13 90
4 14 39
4 15 83
4 16 73
4 17 24
4 18 24
4 19 6
4 20 43
4 21 83
4 22 93
4 23 94
4 24 40
4 25 45
4 26 14
4 27 72
4 28 4
4 29 1
4 30 27
4 31 21
4 32 53
4 33 94
4 34 94
4 35 70
4 36 78
4 37 62
4 38 58
4 39 90
4 40 47
4 41 37
4 42 84
4 43 88
4 44 56
4 45 10
4 46 80
4 47 76
4 48 16
4 49 91
4 50 56
4 51 72
4 52 47
4 53 97
4 54 25
4 55 75
4 56 8
4 57 98
4 58 36
4 59 4
4 60 91
4 61 24
4 62 8
4 63 21
4 64 49
4 65 39
4 66 74
4 67 7
4 68 92
4 69 53
4 70 53
4 71 83
4 72 7
4 73 9
4 74 47
4 75 77
4 76 83
4 77 28
4 78 92
4 79 23
5 6 81
5 7 63
5 8 87
5 9 18
5 10 74
5 11 18
5 12 98
5 13 21
5 14 30
5 15 12
5 16 57
5 17 38
5 18 60
5 19 6
5 20 72
5 21 7
5 22 85
5 23 23
5 24 75
5 25 34
5 26 2
5 27 44
5 28 44
5 29 79
5 30 2
5 31 65
5 32 96
5 33 51
5 34 76
5 35 12
5 36 17
5 37 62
5 38 68
5 39 83
5 40 14
5 41 33
5 42 44
5 43 88
5 44 56
5 45 55
5 46 83
5 47 70
5 48 59
5 49 4
5 50 58
5 51 8
5 52 47
5 53 96
5 54 1
5 55 26
5 56 71
5 57 25
5 58 75
5 59 19
5 60 18
5 61 55
5 62 52
5 63 19
5 64 53
5 65 72
5 66 70
5 67 91
5 68 12
5 69 95
5 70 3
5 71 96
5 72 91
5 73 52
5 74 60
5 75 9
5 76 6
5 77 13
5 78 64
5 79 27
6 7 41
6 8 66
6 9 81
6 10 28
6 11 67
6 12 77
6 13 74
6 14 86
6 15 41
6 16 98
6 17 74
6 18 39
6 19 94
6 20 71
6 21 66
6 22 63
6 23 24
6 24 83
6 25 33
6 26 46
6 27 58
6 28 97
6 29 57
6 30 41
6 31 95
6 32 70
6 33 64
6 34 100
6 35 54
6 36 74
6 37 79
6 38 78
6 39 12
6 40 95
6 41 50
6 42 99
6 43 99
6 44 63
6 45 30
6 46 60
6 47 19
6 48 62
6 49 94
6 50 56
6 51 8
6 52 48
6 53 39
6 54 60
6 55 57
6 56 58
6 57 76
6 58 99
6 59 86
6 60 12
6 61 46
6 62 8
6 63 9
6 64 63
6 65 41
6 66 29
6 67 52
6 68 81
6 69 74
6 70 91
6 71 76
6 72 68
6 73 71
6 74 80
6 75 26
6 76 93
6 77 87
6 78 70
6 79 41
7 8 74
7 9 72
7 10 45
7 11 55
7 12 62
7 13 66
7 14 69
7 15 40
7 16 50
7 17 100
7 18 52
7 19 9
7 20 100
7 21 12
7 22 67
7 23 30
7 24 75
7 25 15
7 26 81
7 27 7
7 28 3
7 29 29
7 30 16
7 31 49
7 32 20
7 33 69
7 34 31
7 35 88
7 36 18
7 37 59
7 38 30
7 39 52
7 40 18
7 41 14
7 42 2
7 43 64
7 44 56
7 45 91
7 46 93
7 47 88
7 48 37
7 49 16
7 50 23
7 51 11
7 52 55
7 53 23
7 54 81
7 55 81
7 56 65
7 57 68
7 58 77
7 59 26
7 60 78
7 61 90
7 62 48
7 63 86
7 64 87
7 65 16
7 66 3
7 67 35
7 68 75
7 69 52
7 70 54
7 71 48
7 72 85
7 73 37
7 74 2
7 75 41
7 76 99
7 77 21
7 78 68
7 79 8
8 9 99
8 10 10
8 11 80
8 12 47
8 13 100
8 14 90
8 15 41
8 16 25
8 17 67
8 18 42
8 19 83
8 20 73
8 21 98
8 22 84
8 23 52
8 24 35
8 25 83
8 26 5
8 27 22
8 28 69
8 29 81
8 30 63
8 31 72
8 32 6
8 33 10
8 34 83
8 35 60
8 36 66
8 37 53
8 38 63
8 39 34
8 40 26
8 41 14
8 42 32
8 43 46
8 44 7
8 45 99
8 46 38
8 47 96
8 48 47
8 49 56
8 50 73
8 51 74
8 52 50
8 53 67
8 54 10
8 55 3
8 56 13
8 57 68
8 58 87
8 59 91
8 60 97
8 61 57
8 62 59
8 63 73
8 64 20
8 65 85
8 66 8
8 67 55
8 68 87
8 69 85
8 70 24
8 71 1
8 72 35
8 73 64
8 74 47
8 75 68
8 76 94
8 77 21
8 78 52
8 79 15
9 10 42
9 11 79
9 12 47
9 13 14
9 14 52
9 15 26
9 16 99
9 17 37
9 18 56
9 19 35
9 20 85
9 21 98
9 22 87
9 23 52
9 24 32
9 25 47
9 26 45
9 27 55
9 28 86
9 29 80
9 30 78
9 31 83
9 32 98
9 33 53
9 34 74
9 35 94
9 36 58
9 37 40
9 38 75
9 39 27
9 40 11
9 41 50
9 42 28
9 43 87
9 44 47
9 45 10
9 46 46
9 47 86
9 48 37
9 49 46
9 50 6
9 51 54
9 52 71
9 53 61
9 54 51
9 55 47
9 56 100
9 57 26
9 58 86
9 59 69
9 60 21
9 61 7
9 62 10
9 63 30
9 64 67
9 65 37
9 66 70
9 67 61
9 68 74
9 69 60
9 70 59
9 71 100
9 72 25
9 73 100
9 74 60
9 75 83
9 76 47
9 77 29
9 78 2
9 79 65
10 11 97
10 12 42
10 13 10
10 14 26
10 15 52
10 16 23
10 17 48
10 18 79
10 19 24
10 20 10
10 21 65
10 22 96
10 23 8
10 24 36
10 25 83
10 26 1
10 27 66
10 28 49
10 29 22
10 30 38
10 31 98
10 32 63
10 33 19
10 34 68
10 35 66
10 36 5
10 37 39
10 38 22
10 39 39
10 40 23
10 41 8
10 42 6
10 43 77
10 44 89
10 45 32
10 46 69
10 47 84
10 48 67
10 49 24
10 50 50
10 51 9
10 52 8
10 53 74
10 54 64
10 55 34
10 56 55
10 57 3
10 58 64
10 59 83
10 60 93
10 61 37
10 62 71
10 63 34
10 64 63
10 65 29
10 66 64
10 67 37
10 68 64
10 69 6
10 70 90
10 71 93
10 72 92
10 73 59
10 74 24
10 75 27
10 76 87
10 77 77
10 78 17
10 79 74
11 12 89
11 13 68
11 14 40
11 15 90
11 16 45
11 17 6
11 18 13
11 19 48
11 20 48
11 21 69
11 22 77
11 23 9
11 24 1
11 25 58
11 26 1
11 27 13
11 28 55
11 29 50
11 30 2
11 31 76
11 32 61
11 33 56
11 34 24
11 35 91
11 36 41
11 37 51
11 38 14
11 39 85
11 40 81
11 41 78
11 42 7
11 43 71
11 44 13
11 45 39
11 46 64
11 47 2
11 48 7
11 49 39
11 50 72
11 51 71
11 52 48
11 53 29
11 54 49
11 55 11
11 56 24
11 57 52
11 58 96
11 59 36
11 60 10
11 61 2
11 62 32
11 63 12
11 64 4
11 65 3
11 66 57
11 67 68
11 68 100
11 69 26
11 70 4
11 71 62
11 72 42
11 73 43
11 74 1
11 75 71
11 76 19
11 77 35
11 78 69
11 79 86
12 13 8
12 14 28
12 15 39
12 16 93
12 17 25
12 18 29
12 19 9
12 20 84
12 21 96
12 22 75
12 23 77
12 24 44
12 25 62
12 26 43
12 27 86
12 28 30
12 29 87
12 30 97
12 31 21
12 32 32
12 33 50
12 34 27
12 35 42
12 36 97
12 37 53
12 38 80
12 39 31
12 40 2
12 41 23
12 42 20
12 43 30
12 44 17
12 45 96
12 46 44
12 47 41
12 48 51
12 49 95
12 50 32
12 51 12
12 52 1
12 53 88
12 54 71
12 55 83
12 56 12
12 57 63
12 58 17
12 59 17
12 60 70
12 61 22
12 62 2
12 63 23
12 64 46
12 65 98
12 66 48
12 67 80
12 68 41
12 69 10
12 70 7
12 71 32
12 72 42
12 73 57
12 74 48
12 75 33
12 76 57
12 77 75
12 78 13
12 79 21
13 14 32
13 15 81
13 16 53
13 17 81
13 18 59
13 19 3
13 20 48
13 21 85
13 22 25
13 23 1
13 24 53
13 25 24
13 26 30
13 27 31
13 28 8
13 29 100
13 30 19
13 31 7
13 32 37
13 33 81
13 34 64
13 35 27
13 36 84
13 37 70
13 38 23
13 39 64
13 40 36
13 41 60
13 42 23
13 43 22
13 44 79
13 45 26
13 46 100
13 47 50
13 48 90
13 49 41
13 50 4
13 51 23
13 52 44
13 53 86
13 54 80
13 55 53
13 56 64
13 57 96
13 58 79
13 59 53
13 60 21
13 61 70
13 62 35
13 63 23
13 64 20
13 65 95
13 66 60
13 67 21
13 68 35
13 69 66
13 70 41
13 71 11
13 72 88
13 73 83
13 74 11
13 75 21
13 76 7
13 77 28
13 78 89
13 79 54
14 15 90
14 16 79
14 17 73
14 18 26
14 19 1
14 20 64
14 21 83
14 22 31
14 23 43
14 24 64
14 25 99
14 26 73
14 27 18
14 28 48
14 29 14
14 30 9
14 31 78
14 32 16
14 33 7
14 34 25
14 35 28
14 36 67
14 37 78
14 38 85
14 39 26
14 40 74
14 41 1
14 42 99
14 43 53
14 44 37
14 45 26
14 46 87
14 47 59
14 48 28
14 49 52
14 50 25
14 51 36
14 52 93
14 53 2
14 54 60
14 55 49
14 56 61
14 57 9
14 58 82
14 59 89
14 60 5
14 61 86
14 62 65
14 63 61
14 64 77
14 65 8
14 66 10
14 67 8
14 68 99
14 69 3
14 70 5
14 71 23
14 72 78
14 73 69
14 74 26
14 75 69
14 76 87
14 77 46
14 78 96
14 79 77
15 16 20
15 17 62
15 18 56
15 19 12
15 20 59
15 21 5
15 22 28
15 23 43
15 24 77
15 25 43
15 26 66
15 27 66
15 28 70
15 29 51
15 30 27
15 31 15
15 32 61
15 33 27
15 34 58
15 35 91
15 36 93
15 37 25
15 38 100
15 39 3
15 40 8
15 41 85
15 42 39
15 43 36
15 44 59
15 45 83
15 46 10
15 47 84
15 48 42
15 49 65
15 50 82
15 51 64
15 52 97
15 53 95
15 54 77
15 55 60
15 56 19
15 57 33
15 58 7
15 59 70
15 60 35
15 61 82
15 62 58
15 63 96
15 64 8
15 65 77
15 66 10
15 67 6
15 68 12
15 69 88
15 70 82
15 71 47
15 72 79
15 73 92
15 74 38
15 75 11
15 76 26
15 77 55
15 78 6
15 79 79
16 17 2
16 18 68
16 19 31
16 20 66
16 21 59
16 22 21
16 23 45
16 24 86
16 25 98
16 26 3
16 27 61
16 28 19
16 29 14
16 30 35
16 31 13
16 32 74
16 33 97
16 34 54
16 35 83
16 36 81
16 37 94
16 38 14
16 39 68
16 40 83
16 41 90
16 42 6
16 43 3
16 44 78
16 45 75
16 46 23
16 47 66
16 48 68
16 49 3
16 50 44
16 51 56
16 52 82
16 53 90
16 54 67
16 55 97
16 56 89
16 57 41
16 58 77
16 59 58
16 60 41
16 61 97
16 62 6
16 63 35
16 64 52
16 65 69
16 66 59
16 67 16
16 68 22
16 69 10
16 70 34
16 71 54
16 72 24
16 73 2
16 74 73
16 75 94
16 76 98
16 77 93
16 78 18
16 79 84
17 18 17
17 19 26
17 20 50
17 21 40
17 22 39
17 23 22
17 24 34
17 25 30
17 26 28
17 27 92
17 28 24
17 29 20
17 30 95
17 31 10
17 32 30
17 33 54
17 34 27
17 35 17
17 36 21
17 37 70
17 38 10
17 39 23
17 40 21
17 41 73
17 42 46
17 43 77
17 44 4
17 45 56
17 46 83
17 47 61
17 48 12
17 49 12
17 50 38
17 51 96
17 52 18
17 53 96
17 54 72
17 55 16
17 56 85
17 57 38
17 58 46
17 59 30
17 60 91
17 61 83
17 62 52
17 63 4
17 64 1
17 65 64
17 66 71
17 67 72
17 68 18
17 69 45
17 70 10
17 71 28
17 72 80
17 73 70
17 74 68
17 75 51
17 76 7
17 77 63
17 78 15
17 79 70
18 19 23
18 20 51
18 21 69
18 22 76
18 23 92
18 24 72
18 25 95
18 26 9
18 27 29
18 28 90
18 29 45
18 30 8
18 31 25
18 32 82
18 33 46
18 34 43
18 35 73
18 36 2
18 37 23
18 38 65
18 39 90
18 40 8
18 41 9
18 42 48
18 43 36
18 44 47
18 45 24
18 46 43
18 47 11
18 48 63
18 49 71
18 50 84
18 51 86
18 52 80
18 53 6
18 54 24
18 55 9
18 56 4
18 57 70
18 58 37
18 59 92
18 60 73
18 61 3
18 62 21
18 63 18
18 64 18
18 65 97
18 66 57
18 67 75
18 68 46
18 69 100
18 70 28
18 71 20
18 72 17
18 73 2
18 74 32
18 75 87
18 76 59
18 77 28
18 78 12
18 79 63
19 20 41
19 21 37
19 22 18
19 23 62
19 24 93
19 25 88
19 26 52
19 27 64
19 28 99
19 29 16
19 30 14
19 31 72
19 32 37
19 33 69
19 34 90
19 35 93
19 36 67
19 37 54
19 38 70
19 39 83
19 40 23
19 41 8
19 42 83
19 43 89
19 44 30
19 45 2
19 46 36
19 47 35
19 48 77
19 49 11
19 50 84
19 51 78
19 52 21
19 53 99
19 54 19
19 55 55
19 56 43
19 57 94
19 58 89
19 59 48
19 60 78
19 61 47
19 62 21
19 63 13
19 64 41
19 65 68
19 66 37
19 67 61
19 68 57
19 69 48
19 70 10
19 71 90
19 72 17
19 73 98
19 74 10
19 75 36
19 76 72
19 77 94
19 78 67
19 79 56
20 21 97
20 22 27
20 23 7
20 24 32
20 25 57
20 26 94
20 27 21
20 28 78
20 29 37
20 30 39
20 31 9
20 32 47
20 33 61
20 34 63
20 35 6
20 36 85
20 37 41
20 38 87
20 39 44
20 40 18
20 41 99
20 42 44
20 43 16
20 44 75
20 45 47
20 46 11
20 47 63
20 48 84
20 49 46
20 50 49
20 51 80
20 52 74
20 53 71
20 54 22
20 55 55
20 56 97
20 57 44
20 58 61
20 59 69
20 60 64
20 61 7
20 62 99
20 63 71
20 64 29
20 65 58
20 66 24
20 67 90
20 68 2
20 69 3
20 70 18
20 71 53
20 72 32
20 73 95
20 74 30
20 75 8
20 76 24
20 77 16
20 78 69
20 79 55
21 22 7
21 23 23
21 24 16
21 25 58
21 26 31
21 27 50
21 28 94
21 29 48
21 30 64
21 31 15
21 32 11
21 33 7
21 34 99
21 35 68
21 36 38
21 37 22
21 38 56
21 39 30
21 40 88
21 41 39
21 42 100
21 43 64
21 44 36
21 45 51
21 46 19
21 47 34
21 48 11
21 49 42
21 50 79
21 51 46
21 52 85
21 53 11
21 54 78
21 55 43
21 56 12
21 57 40
21 58 57
21 59 76
21 60 56
21 61 29
21 62 20
21 63 14
21 64 27
21 65 98
21 66 47
21 67 68
21 68 20
21 69 54
21 70 24
21 71 5
21 72 67
21 73 65
21 74 20
21 75 55
21 76 77
21 77 86
21 78 78
21 79 14
22 23 36
22 24 31
22 25 27
22 26 71
22 27 58
22 28 10
22 29 67
22 30 94
22 31 33
22 32 29
22 33 14
22 34 69
22 35 58
22 36 55
22 37 84
22 38 41
22 39 12
22 40 72
22 41 97
22 42 1
22 43 67
22 44 10
22 45 85
22 46 91
22 47 2
22 48 42
22 49 13
22 50 21
22 51 68
22 52 3
22 53 51
22 54 16
22 55 21
22 56 47
22 57 15
22 58 45
22 59 74
22 60 26
22 61 29
22 62 25
22 63 5
22 64 27
22 65 6
22 66 38
22 67 17
22 68 50
22 69 27
22 70 45
22 71 34
22 72 35
22 73 50
22 74 59
22 75 45
22 76 65
22 77 18
22 78 74
22 79 100
23 24 42
23 25 7
23 26 25
23 27 66
23 28 49
23 29 59
23 30 41
23 31 95
23 32 66
23 33 99
23 34 37
23 35 51
23 36 7
23 37 29
23 38 100
23 39 13
23 40 92
23 41 65
23 42 19
23 43 96
23 44 45
23 45 42
23 46 21
23 47 61
23 48 4
23 49 30
23 50 84
23 51 20
23 52 15
23 53 9
23 54 14
23 55 11
23 56 22
23 57 58
23 58 17
23 59 42
23 60 90
23 61 16
23 62 21
23 63 46
23 64 50
23 65 26
23 66 22
23 67 42
23 68 12
23 69 85
23 70 35
23 71 31
23 72 84
23 73 32
23 74 9
23 75 33
23 76 40
23 77 40
23 78 39
23 79 82
24 25 79
24 26 87
24 27 3
24 28 56
24 29 64
24 30 61
24 31 35
24 32 71
24 33 60
24 34 64
24 35 10
24 36 24
24 37 72
24 38 64
24 39 42
24 40 78
24 41 58
24 42 28
24 43 29
24 44 36
24 45 19
24 46 32
24 47 35
24 48 8
24 49 7
24 50 90
24 51 32
24 52 60
24 53 53
24 54 17
24 55 88
24 56 57
24 57 35
24 58 72
24 59 24
24 60 99
24 61 98
24 62 62
24 63 63
24 64 10
24 65 95
24 66 6
24 67 10
24 68 59
24 69 46
24 70 91
24 71 66
24 72 32
24 73 74
24 74 79
24 75 70
24 76 25
24 77 1
24 78 40
24 79 26
25 26 47
25 27 17
25 28 85
25 29 44
25 30 87
25 31 89
25 32 83
25 33 47
25 34 34
25 35 6
25 36 32
25 37 92
25 38 55
25 39 100
25 40 96
25 41 55
25 42 74
25 43 60
25 44 29
25 45 40
25 46 1
25 47 37
25 48 13
25 49 73
25 50 59
25 51 30
25 52 77
25 53 35
25 54 84
25 55 56
25 56 33
25 57 20
25 58 98
25 59 87
25 60 35
25 61 27
25 62 98
25 63 24
25 64 56
25 65 11
25 66 38
25 67 46
25 68 24
25 69 42
25 70 60
25 71 7
25 72 61
25 73 64
25 74 82
25 75 1
25 76 47
25 77 1
25 78 4
25 79 64
26 27 80
26 28 11
26 29 10
26 30 91
26 31 54
26 32 27
26 33 49
26 34 92
26 35 71
26 36 91
26 37 6
26 38 48
26 39 19
26 40 91
26 41 17
26 42 18
26 43 77
26 44 59
26 45 45
26 46 74
26 47 15
26 48 50
26 49 99
26 50 80
26 51 96
26 52 18
26 53 70
26 54 57
26 55 26
26 56 62
26 57 31
26 58 22
26 59 66
26 60 33
26 61 85
26 62 51
26 63 95
26 64 92
26 65 17
26 66 64
26 67 36
26 68 36
26 69 11
26 70 52
26 71 13
26 72 57
26 73 49
26 74 21
26 75 15
26 76 54
26 77 73
26 78 52
26 79 62
27 28 100
27 29 28
27 30 36
27 31 65
27 32 84
27 33 36
27 34 39
27 35 63
27 36 72
27 37 25
27 38 58
27 39 61
27 40 30
27 41 45
27 42 46
27 43 47
27 44 82
27 45 11
27 46 84
27 47 26
27 48 32
27 49 70
27 50 33
27 51 60
27 52 63
27 53 31
27 54 82
27 55 63
27 56 91
27 57 78
27 58 37
27 59 27
27 60 27
27 61 18
27 62 90
27 63 18
27 64 74
27 65 37
27 66 40
27 67 80
27 68 58
27 69 2
27 70 25
27 71 12
27 72 10
27 73 27
27 74 18
27 75 66
27 76 9
27 77 48
27 78 26
27 79 69
28 29 46
28 30 75
28 31 17
28 32 47
28 33 80
28 34 33
28 35 56
28 36 62
28 37 7
28 38 66
28 39 10
28 40 10
28 41 42
28 42 36
28 43 22
28 44 37
28 45 38
28 46 68
28 47 59
28 48 10
28 49 16
28 50 41
28 51 99
28 52 96
28 53 41
28 54 6
28 55 1
28 56 2
28 57 85
28 58 97
28 59 88
28 60 8
28 61 67
28 62 68
28 63 33
28 64 95
28 65 40
28 66 42
28 67 76
28 68 16
28 69 5
28 70 19
28 71 89
28 72 52
28 73 70
28 74 17
28 75 90
28 76 35
28 77 15
28 78 44
28 79 97
29 30 81
29 31 87
29 32 1
29 33 7
29 34 57
29 35 85
29 36 58
29 37 46
29 38 58
29 39 95
29 40 27
29 41 81
29 42 19
29 43 34
29 44 54
29 45 47
29 46 31
29 47 96
29 48 94
29 49 28
29 50 99
29 51 9
29 52 28
29 53 60
29 54 58
29 55 98
29 56 48
29 57 10
29 58 86
29 59 27
29 60 43
29 61 85
29 62 98
29 63 10
29 64 2
29 65 57
29 66 69
29 67 58
29 68 97
29 69 5
29 70 82
29 71 75
29 72 67
29 73 22
29 74 79
29 75 93
29 76 70
29 77 63
29 78 54
29 79 61
30 31 79
30 32 22
30 33 98
30 34 24
30 35 70
30 36 6
30 37 21
30 38 27
30 39 66
30 40 68
30 41 37
30 42 91
30 43 54
30 44 94
30 45 71
30 46 95
30 47 5
30 48 5
30 49 12
30 50 23
30 51 99
30 52 44
30 53 59
30 54 50
30 55 94
30 56 96
30 57 57
30 58 18
30 59 71
30 60 61
30 61 95
30 62 75
30 63 59
30 64 64
30 65 58
30 66 80
30 67 52
30 68 71
30 69 13
30 70 20
30 71 48
30 72 14
30 73 46
30 74 96
30 75 95
30 76 21
30 77 79
30 78 50
30 79 32
31 32 83
31 33 2
31 34 32
31 35 79
31 36 23
31 37 96
31 38 32
31 39 10
31 40 51
31 41 17
31 42 31
31 43 72
31 44 60
31 45 73
31 46 14
31 47 7
31 48 52
31 49 3
31 50 44
31 51 16
31 52 31
31 53 1
31 54 17
31 55 97
31 56 66
31 57 75
31 58 64
31 59 57
31 60 74
31 61 39
31 62 31
31 63 25
31 64 24
31 65 6
31 66 70
31 67 3
31 68 13
31 69 76
31 70 81
31 71 65
31 72 39
31 73 25
31 74 30
31 75 97
31 76 73
31 77 53
31 78 86
31 79 1
32 33 11
32 34 92
32 35 37
32 36 35
32 37 64
32 38 81
32 39 60
32 40 98
32 41 100
32 42 75
32 43 12
32 44 55
32 45 59
32 46 54
32 47 33
32 48 59
32 49 23
32 50 26
32 51 64
32 52 79
32 53 78
32 54 34
32 55 64
32 56 50
32 57 35
32 58 69
32 59 37
32 60 70
32 61 10
32 62 51
32 63 30
32 64 22
32 65 44
32 66 72
32 67 87
32 68 75
32 69 82
32 70 98
32 71 64
32 72 83
32 73 39
32 74 85
32 75 24
32 76 62
32 77 3
32 78 86
32 79 72
33 34 82
33 35 100
33 36 54
33 37 97
33 38 31
33 39 40
33 40 19
33 41 76
33 42 5
33 43 54
33 44 39
33 45 9
33 46 52
33 47 31
33 48 40
33 49 9
33 50 85
33 51 76
33 52 66
33 53 83
33 54 40
33 55 74
33 56 24
33 57 73
33 58 57
33 59 91
33 60 69
33 61 91
33 62 17
33 63 95
33 64 83
33 65 79
33 66 25
33 67 87
33 68 53
33 69 68
33 70 86
33 71 90
33 72 87
33 73 42
33 74 15
33 75 92
33 76 7
33 77 80
33 78 26
33 79 24
34 35 11
34 36 75
34 37 99
34 38 77
34 39 31
34 40 52
34 41 71
34 42 14
34 43 1
34 44 94
34 45 78
34 46 90
34 47 33
34 48 41
34 49 30
34 50 48
34 51 52
34 52 81
34 53 4
34 54 98
34 55 31
34 56 65
34 57 18
34 58 18
34 59 49
34 60 66
34 61 63
34 62 21
34 63 5
34 64 100
34 65 88
34 66 76
34 67 68
34 68 88
34 69 56
34 70 6
34 71 35
34 72 69
34 73 24
34 74 100
34 75 16
34 76 65
34 77 5
34 78 86
34 79 18
35 36 87
35 37 86
35 38 20
35 39 83
35 40 9
35 41 54
35 42 66
35 43 13
35 44 16
35 45 40
35 46 68
35 47 88
35 48 28
35 49 77
35 50 99
35 51 31
35 52 78
35 53 8
35 54 45
35 55 93
35 56 14
35 57 61
35 58 98
35 59 6
35 60 33
35 61 5
35 62 61
35 63 77
35 64 13
35 65 87
35 66 70
35 67 7
35 68 18
35 69 9
35 70 58
35 71 71
35 72 90
35 73 75
35 74 68
35 75 34
35 76 60
35 77 78
35 78 75
35 79 46
36 37 96
36 38 76
36 39 83
36 40 40
36 41 41
36 42 40
36 43 53
36 44 3
36 45 45
36 46 24
36 47 81
36 48 91
36 49 100
36 50 65
36 51 87
36 52 44
36 53 37
36 54 8
36 55 86
36 56 94
36 57 14
36 58 79
36 59 48
36 60 9
36 61 55
36 62 44
36 63 54
36 64 98
36 65 5
36 66 81
36 67 85
36 68 86
36 69 97
36 70 45
36 71 10
36 72 79
36 73 14
36 74 43
36 75 20
36 76 38
36 77 39
36 78 35
36 79 82
37 38 98
37 39 81
37 40 13
37 41 38
37 42 46
37 43 80
37 44 92
37 45 5
37 46 5
37 47 12
37 48 16
37 49 2
37 50 2
37 51 6
37 52 72
37 53 83
37 54 34
37 55 55
37 56 21
37 57 37
37 58 79
37 59 66
37 60 83
37 61 92
37 62 39
37 63 71
37 64 4
37 65 65
37 66 36
37 67 59
37 68 23
37 69 32
37 70 38
37 71 33
37 72 17
37 73 25
37 74 95
37 75 41
37 76 66
37 77 9
37 78 96
37 79 85
38 39 76
38 40 5
38 41 98
38 42 73
38 43 81
38 44 1
38 45 42
38 46 37
38 47 13
38 48 10
38 49 34
38 50 28
38 51 99
38 52 91
38 53 48
38 54 51
38 55 50
38 56 41
38 57 8
38 58 23
38 59 25
38 60 98
38 61 70
38 62 55
38 63 98
38 64 54
38 65 41
38 66 28
38 67 18
38 68 89
38 69 33
38 70 69
38 71 7
38 72 100
38 73 84
38 74 19
38 75 6
38 76 19
38 77 18
38 78 47
38 79 91
39 40 16
39 41 18
39 42 95
39 43 27
39 44 8
39 45 42
39 46 25
39 47 7
39 48 19
39 49 97
39 50 49
39 51 31
39 52 21
39 53 80
39 54 82
39 55 33
39 56 6
39 57 67
39 58 92
39 59 94
39 60 7
39 61 40
39 62 48
39 63 12
39 64 85
39 65 73
39 66 40
39 67 40
39 68 42
39 69 77
39 70 62
39 71 59
39 72 66
39 73 71
39 74 59
39 75 80
39 76 1
39 77 8
39 78 23
39 79 79
40 41 91
40 42 31
40 43 10
40 44 45
40 45 65
40 46 93
40 47 64
40 48 61
40 49 4
40 50 14
40 51 86
40 52 68
40 53 96
40 54 70
40 55 100
40 56 82
40 57 90
40 58 70
40 59 44
40 60 29
40 61 96
40 62 87
40 63 48
40 64 56
40 65 95
40 66 71
40 67 5
40 68 1
40 69 58
40 70 10
40 71 79
40 72 25
40 73 47
40 74 84
40 75 43
40 76 94
40 77 27
40 78 94
40 79 78
41 42 91
41 43 53
41 44 57
41 45 23
41 46 57
41 47 85
41 48 84
41 49 39
41 50 63
41 51 32
41 52 20
41 53 1
41 54 69
41 55 68
41 56 81
41 57 28
41 58 93
41 59 69
41 60 12
41 61 57
41 62 64
41 63 74
41 64 6
41 65 45
41 66 85
41 67 10
41 68 54
41 69 81
41 70 10
41 71 32
41 72 15
41 73 44
41 74 61
41 75 20
41 76 38
41 77 77
41 78 79
41 79 39
42 43 63
42 44 74
42 45 14
42 46 94
42 47 5
42 48 76
42 49 42
42 50 20
42 51 98
42 52 57
42 53 16
42 54 8
42 55 8
42 56 37
42 57 12
42 58 5
42 59 9
42 60 97
42 61 82
42 62 64
42 63 93
42 64 89
42 65 54
42 66 68
42 67 4
42 68 39
42 69 62
42 70 24
42 71 7
42 72 87
42 73 65
42 74 4
42 75 57
42 76 22
42 77 6
42 78 6
42 79 99
43 44 3
43 45 78
43 46 68
43 47 43
43 48 74
43 49 35
43 50 7
43 51 14
43 52 16
43 53 46
43 54 11
43 55 77
43 56 13
43 57 84
43 58 11
43 59 93
43 60 22
43 61 34
43 62 21
43 63 45
43 64 76
43 65 1
43 66 90
43 67 65
43 68 13
43 69 69
43 70 45
43 71 35
43 72 77
43 73 44
43 74 65
43 75 11
43 76 74
43 77 26
43 78 11
43 79 18
44 45 6
44 46 40
44 47 74
44 48 21
44 49 55
44 50 5
44 51 82
44 52 54
44 53 1
44 54 27
44 55 100
44 56 41
44 57 94
44 58 82
44 59 69
44 60 76
44 61 53
44 62 62
44 63 62
44 64 63
44 65 13
44 66 70
44 67 94
44 68 41
44 69 5
44 70 68
44 71 99
44 72 39
44 73 12
44 74 7
44 75 28
44 76 2
44 77 54
44 78 95
44 79 75
45 46 81
45 47 25
45 48 47
45 49 20
45 50 22
45 51 61
45 52 35
45 53 76
45 54 24
45 55 63
45 56 33
45 57 45
45 58 18
45 59 15
45 60 94
45 61 20
45 62 31
45 63 50
45 64 16
45 65 16
45 66 8
45 67 69
45 68 44
45 69 13
45 70 73
45 71 98
45 72 96
45 73 88
45 74 62
45 75 29
45 76 99
45 77 16
45 78 54
45 79 39
46 47 41
46 48 99
46 49 69
46 50 64
46 51 89
46 52 90
46 53 86
46 54 22
46 55 66
46 56 95
46 57 71
46 58 76
46 59 72
46 60 81
46 61 27
46 62 31
46 63 23
46 64 75
46 65 47
46 66 27
46 67 57
46 68 46
46 69 52
46 70 47
46 71 97
46 72 19
46 73 19
46 74 39
46 75 72
46 76 97
46 77 22
46 78 26
46 79 50
47 48 33
47 49 15
47 50 98
47 51 60
47 52 26
47 53 50
47 54 70
47 55 21
47 56 41
47 57 17
47 58 22
47 59 85
47 60 24
47 61 35
47 62 32
47 63 14
47 64 55
47 65 16
47 66 9
47 67 48
47 68 88
47 69 30
47 70 95
47 71 59
47 72 54
47 73 30
47 74 40
47 75 50
47 76 71
47 77 86
47 78 9
47 79 26
48 49 9
48 50 61
48 51 77
48 52 3
48 53 27
48 54 84
48 55 87
48 56 16
48 57 42
48 58 11
48 59 85
48 60 39
48 61 1
48 62 73
48 63 14
48 64 25
48 65 12
48 66 36
48 67 95
48 68 93
48 69 22
48 70 12
48 71 69
48 72 90
48 73 92
48 74 98
48 75 33
48 76 14
48 77 98
48 78 16
48 79 79
49 50 21
49 51 53
49 52 94
49 53 54
49 54 72
49 55 87
49 56 34
49 57 95
49 58 84
49 59 30
49 60 44
49 61 33
49 62 32
49 63 46
49 64 68
49 65 13
49 66 95
49 67 70
49 68 51
49 69 20
49 70 92
49 71 81
49 72 23
49 73 66
49 74 68
49 75 91
49 76 80
49 77 16
49 78 6
49 79 1
50 51 18
50 52 32
50 53 24
50 54 53
50 55 96
50 56 84
50 57 66
50 58 42
50 59 36
50 60 51
50 61 46
50 62 50
50 63 26
50 64 53
50 65 33
50 66 64
50 67 4
50 68 35
50 69 49
50 70 25
50 71 41
50 72 98
50 73 45
50 74 61
50 75 38
50 76 48
50 77 70
50 78 55
50 79 9
51 52 3
51 53 57
51 54 51
51 55 56
51 56 33
51 57 79
51 58 28
51 59 82
51 60 6
51 61 54
51 62 21
51 63 44
51 64 94
51 65 29
51 66 54
51 67 99
51 68 22
51 69 17
51 70 66
51 71 94
51 72 89
51 73 95
51 74 96
51 75 50
51 76 78
51 77 78
51 78 14
51 79 3
52 53 1
52 54 32
52 55 50
52 56 29
52 57 29
52 58 44
52 59 80
52 60 42
52 61 22
52 62 47
52 63 37
52 64 64
52 65 86
52 66 14
52 67 49
52 68 4
52 69 75
52 70 18
52 71 29
52 72 23
52 73 19
52 74 3
52 75 3
52 76 37
52 77 72
52 78 24
52 79 29
53 54 14
53 55 82
53 56 26
53 57 90
53 58 57
53 59 42
53 60 94
53 61 97
53 62 78
53 63 91
53 64 63
53 65 94
53 66 11
53 67 18
53 68 80
53 69 64
53 70 89
53 71 92
53 72 62
53 73 54
53 74 25
53 75 91
53 76 39
53 77 68
53 78 40
53 79 73
54 55 66
54 56 71
54 57 67
54 58 93
54 59 38
54 60 77
54 61 11
54 62 31
54 63 67
54 64 60
54 65 30
54 66 95
54 67 70
54 68 68
54 69 73
54 70 12
54 71 76
54 72 20
54 73 91
54 74 1
54 75 71
54 76 34
54 77 52
54 78 32
54 79 97
55 56 9
55 57 7
55 58 34
55 59 91
55 60 88
55 61 14
55 62 56
55 63 11
55 64 56
55 65 88
55 66 92
55 67 11
55 68 39
55 69 65
55 70 4
55 71 83
55 72 37
55 73 66
55 74 90
55 75 14
55 76 34
55 77 33
55 78 20
55 79 52
56 57 18
56 58 30
56 59 89
56 60 35
56 61 26
56 62 34
56 63 12
56 64 30
56 65 67
56 66 82
56 67 27
56 68 84
56 69 80
56 70 47
56 71 57
56 72 40
56 73 53
56 74 58
56 75 41
56 76 6
56 77 27
56 78 20
56 79 92
57 58 3
57 59 17
57 60 94
57 61 67
57 62 42
57 63 31
57 64 44
57 65 29
57 66 26
57 67 68
57 68 54
57 69 76
57 70 4
57 71 21
57 72 45
57 73 98
57 74 74
57 75 43
57 76 54
57 77 60
57 78 70
57 79 75
58 59 62
58 60 14
58 61 7
58 62 18
58 63 13
58 64 100
58 65 27
58 66 85
58 67 57
58 68 84
58 69 37
58 70 73
58 71 50
58 72 53
58 73 57
58 74 66
58 75 85
58 76 73
58 77 14
58 78 67
58 79 66
59 60 84
59 61 25
59 62 38
59 63 20
59 64 40
59 65 6
59 66 20
59 67 36
59 68 18
59 69 60
59 70 20
59 71 58
59 72 55
59 73 21
59 74 26
59 75 34
59 76 26
59 77 59
59 78 23
59 79 32
60 61 68
60 62 87
60 63 26
60 64 41
60 65 69
60 66 47
60 67 94
60 68 96
60 69 49
60 70 60
60 71 56
60 72 79
60 73 23
60 74 2
60 75 77
60 76 36
60 77 35
60 78 62
60 79 15
61 62 58
61 63 88
61 64 49
61 65 32
61 66 36
61 67 15
61 68 2
61 69 42
61 70 76
61 71 62
61 72 82
61 73 85
61 74 60
61 75 46
61 76 55
61 77 57
61 78 79
61 79 4
62 63 19
62 64 96
62 65 31
62 66 37
62 67 77
62 68 88
62 69 44
62 70 84
62 71 90
62 72 60
62 73 52
62 74 4
62 75 8
62 76 42
62 77 3
62 78 50
62 79 70
63 64 71
63 65 41
63 66 11
63 67 38
63 68 70
63 69 67
63 70 37
63 71 8
63 72 93
63 73 43
63 74 83
63 75 81
63 76 100
63 77 41
63 78 95
63 79 29
64 65 32
64 66 97
64 67 34
64 68 48
64 69 79
64 70 26
64 71 24
64 72 19
64 73 92
64 74 94
64 75 53
64 76 10
64 77 45
64 78 71
64 79 82
65 66 29
65 67 55
65 68 55
65 69 51
65 70 30
65 71 22
65 72 12
65 73 47
65 74 46
65 75 11
65 76 82
65 77 84
65 78 27
65 79 95
66 67 65
66 68 28
66 69 75
66 70 77
66 71 72
66 72 34
66 73 68
66 74 68
66 75 19
66 76 69
66 77 98
66 78 28
66 79 81
67 68 80
67 69 43
67 70 88
67 71 22
67 72 58
67 73 96
67 74 35
67 75 27
67 76 28
67 77 74
67 78 72
67 79 37
68 69 81
68 70 72
68 71 27
68 72 11
68 73 17
68 74 84
68 75 80
68 76 5
68 77 79
68 78 96
68 79 36
69 70 2
69 71 26
69 72 49
69 73 89
69 74 71
69 75 53
69 76 39
69 77 90
69 78 1
69 79 46
70 71 49
70 72 41
70 73 12
70 74 33
70 75 59
70 76 76
70 77 55
70 78 47
70 79 46
71 72 87
71 73 4
71 74 89
71 75 27
71 76 24
71 77 15
71 78 30
71 79 61
72 73 9
72 74 58
72 75 16
72 76 57
72 77 87
72 78 84
72 79 46
73 74 78
73 75 19
73 76 99
73 77 12
73 78 91
73 79 19
74 75 64
74 76 31
74 77 62
74 78 12
74 79 8
75 76 36
75 77 75
75 78 37
75 79 65
76 77 46
76 78 18
76 79 85
77 78 82
77 79 22
78 79 87
