120 7140
0 1 55
0 2 29
0 3 71
0 4 52
0 5 87
0 6 14
0 7 26
0 8 2
0 9 68
0 10 71
0 11 76
0 12 34
0 13 78
0 14 62
0 15 52
0 16 75
0 17 36
0 18 52
0 19 18
0 20 91
0 21 76
0 22 62
0 23 67
0 24 88
0 25 66
0 26 91
0 27 75
0 28 63
0 29 85
0 30 72
0 31 61
0 32 43
0 33 58
0 34 11
0 35 9
0 36 83
0 37 20
0 38 58
0 39 60
0 40 41
0 41 82
0 42 90
0 43 85
0 44 13
0 45 14
0 46 23
0 47 20
0 48 31
0 49 61
0 50 65
0 51 54
0 52 89
0 53 1
0 54 41
0 55 33
0 56 55
0 57 42
0 58 1
0 59 31
0 60 8
0 61 6
0 62 67
0 63 12
0 64 37
0 65 96
0 66 51
0 67 93
0 68 4
0 69 80
0 70 78
0 71 26
0 72 48
0 73 60
0 74 90
0 75 55
0 76 45
0 77 10
0 78 6
0 79 82
0 80 22
0 81 47
0 82 24
0 83 87
0 84 74
0 85 7
0 86 28
0 87 75
0 88 16
0 89 74
0 90 100
0 91 1
0 92 49
0 93 98
0 94 27
0 95 27
0 96 22
0 97 89
0 98 39
0 99 29
0 100 37
0 101 25
0 102 32
0 103 62
0 104 19
0 105 25
0 106 24
0 107 73
0 108 18
0 109 89
0 110 10
0 111 4
0 112 29
0 113 71
0 114 68
0 115 29
0 116 48
0 117 8
0 118 50
0 119 96
1 2 69
1 3 70
1 4 35
1 5 33
1 6 88
1 7 47
1 8 23
1 9 80
1 10 86
1 11 84
1 12 24
1 13 28
1 14 93
1 15 62
1 16 30
1 17 61
1 18 38
1 19 6
1 20 53
1 21 7
1 22 70
1 23 100
1 24 36
1 25 97
1 26 47
1 27 68
1 28 7
1 29 78
1 30 94
1 31 97
1 32 94
1 33 89
1 34 88
1 35 61
1 36 64
1 37 98
1 38 69
1 39 53
1 40 38
1 41 9
1 42 63
1 43 92
1 44 52
1 45 58
1 46 89
1 47 71
1 48 41
1 49 38
1 50 7
1 51 57
1 52 86
1 53 67
1 54 85
1 55 49
1 56 66
1 57 92
1 58 75
1 59 76
1 60 28
1 61 44
1 62 36
1 63 91
1 64 39
1 65 63
1 66 73
1 67 12
1 68 47
1 69 4
1 70 74
1 71 68
1 72 93
1 73 93
1 74 40
1 75 22
1 76 33
1 77 63
1 78 70
1 79 48
1 80 96
1 81 64
1 82 47
1 83 21
1 84 99
1 85 23
1 86 11
1 87 96
1 88 80
1 89 44
1 90 27
1 91 35
1 92 70
1 93 46
1 94 78
1 95 82
1 96 17
1 97 17
1 98 67
1 99 15
1 100 52
1 101 47
1 102 13
1 103 60
1 104 29
1 105 44
1 106 32
1 107 24
1 108 76
1 109 25
1 110 25
1 111 65
1 112 61
1 113 34
1 114 96
1 115 97
1 116 85
1 117 21
1 118 55
1 119 3
2 3 14
2 4 22
2 5 9
2 6 93
2 7 42
2 8 47
2 9 76
2 10 73
2 11 48
2 12 1
2 13 84
2 14 17
2 15 27
2 16 19
2 17 97
2 18 47
2 19 19
2 20 55
2 21 4
2 22 47
2 23 7
2 24 55
2 25 80
2 26 12
2 27 33
2 28 97
2 29 89
2 30 21
2 31 41
2 32 38
2 33 75
2 34 68
2 35 43
2 36 67
2 37 89
2 38 84
2 39 2
2 40 53
2 41 3
2 42 90
2 43 35
2 44 29
2 45 85
2 46 92
2 47 54
2 48 51
2 49 42
2 50 78
2 51 57
2 52 31
2 53 21
2 54 76
2 55 49
2 56 17
2 57 18
2 58 25
2 59 92
2 60 91
2 61 60
2 62 97
2 63 85
2 64 69
2 65 64
2 66 82
2 67 62
2 68 4
2 69 84
2 70 25
2 71 26
2 72 5
2 73 87
2 74 86
2 75 57
2 76 39
2 77 30
2 78 73
2 79 5
2 80 57
2 81 69
2 82 43
2 83 54
2 84 76
2 85 72
2 86 32
2 87 57
2 88 61
2 89 57
2 90 83
2 91 97
2 92 92
2 93 68
2 94 19
2 95 31
2 96 14
2 97 77
2 98 15
2 99 64
2 100 2
2 101 43
2 102 25
2 103 83
2 104 71
2 105 68
2 106 18
2 107 89
2 108 25
2 109 18
2 110 90
2 111 90
2 112 11
2 113 94
2 114 4
2 115 67
2 116 52
2 117 76
2 118 16
2 119 86
3 4 83
3 5 77
3 6 27
3 7 94
3 8 34
3 9 59
3 10 37
3 11 73
3 12 44
3 13 95
3 14 83
3 15 53
3 16 16
3 17 45
3 18 3
3 19 40
3 20 68
3 21 23
3 22 24
3 23 94
3 24 1
3 25 27
3 26 36
3 27 63
3 28 62
3 29 48
3 30 55
3 31 53
3 32 42
3 33 82
3 34 1
3 35 94
3 36 2
3 37 10
3 38 3
3 39 77
3 40 18
3 41 36
3 42 55
3 43 28
3 44 52
3 45 53
3 46 3
3 47 31
3 48 91
3 49 36
3 50 89
3 51 90
3 52 20
3 53 33
3 54 33
3 55 6
3 56 18
3 57 4
3 58 100
3 59 50
3 60 30
3 61 64
3 62 67
3 63 44
3 64 1
3 65 78
3 66 21
3 67 44
3 68 6
3 69 77
3 70 4
3 71 83
3 72 66
3 73 60
3 74 75
3 75 4
3 76 40
3 77 67
3 78 4
3 79 69
3 80 17
3 81 73
3 82 85
3 83 11
3 84 90
3 85 76
3 86 87
3 87 4
3 88 81
3 89 64
3 90 59
3 91 18
3 92 47
3 93 10
3 94 15
3 95 29
3 96 71
3 97 92
3 98 45
3 99 28
3 100 78
3 101 2
3 102 99
3 103 70
3 104 98
3 105 30
3 106 80
3 107 60
3 108 97
3 109 85
3 110 73
3 111 56
3 112 31
3 113 58
3 114 66
3 115 2
3 116 100
3 117 84
3 118 33
3 119 33
4 5 5
4 6 79
4 7 53
4 8 34
4 9 17
4 10 27
4 11 85
4 12 43
4 13 77
4 14 12
4 15 1
4 16 18
4 17 22
4 18 63
4 19 62
4 20 62
4 21 39
4 22 60
4 23 60
4 24 36
4 25 87
4 26 49
4 27 11
4 28 21
4 29 3
4 30 85
4 31 73
4 32 47
4 33 77
4 34 68
4 35 90
4 36 24
4 37 52
4 38 6
4 39 3
4 40 22
4 41 74
4 42 35
4 43 4
4 44 54
4 45 30
4 46 36
4 47 1
4 48 80
4 49 62
4 50 10
4 51 22
4 52 77
4 53 8
4 54 82
4 55 31
4 56 9
4 57 58
4 58 79
4 59 100
4 60 98
4 61 6
4 62 98
4 63 95
4 64 44
4 65 47
4 66 81
4 67 45
4 68 47
4 69 20
4 70 96
4 71 29
4 72 81
4 73 19
4 74 54
4 75 7
4 76 58
4 77 84
4 78 81
4 79 90
4 80 18
4 81 23
4 82 14
4 83 45
4 84 60
4 85 20
4 86 82
4 87 2
4 88 91
4 89 73
4 90 85
4 91 2
4 92 18
4 93 32
4 94 26
4 95 65
4 96 55
4 97 14
4 98 59
4 99 37
4 100 29
4 101 68
4 102 83
4 103 54
4 104 67
4 105 5
4 106 7
4 107 80
4 108 37
4 109 75
4 110 46
4 111 66
4 112 8
4 113 99
4 114 9
4 115 45
4 116 47
4 117 30
4 118 69
4 119 15
5 6 39
5 7 3
5 8 67
5 9 45
5 10 28
5 11 26
5 12 67
5 13 42
5 14 35
5 15 28
5 16 32
5 17 88
5 18 15
5 19 25
5 20 20
5 21 76
5 22 22
5 23 28
5 24 83
5 25 28
5 26 55
5 27 92
5 28 4
5 29 16
5 30 61
5 31 43
5 32 20
5 33 35
5 34 61
5 35 25
5 36 56
5 37 78
5 38 8
5 39 56
5 40 92
5 41 80
5 42 62
5 43 79
5 44 90
5 45 100
5 46 3
5 47 38
5 48 100
5 49 8
5 50 75
5 51 29
5 52 19
5 53 42
5 54 13
5 55 62
5 56 73
5 57 18
5 58 21
5 59 27
5 60 99
5 61 44
5 62 61
5 63 21
5 64 50
5 65 88
5 66 47
5 67 70
5 68 84
5 69 65
5 70 12
5 71 16
5 72 91
5 73 61
5 74 70
5 75 16
5 76 64
5 77 91
5 78 41
5 79 7
5 80 98
5 81 31
5 82 25
5 83 87
5 84 33
5 85 27
5 86 53
5 87 50
5 88 90
5 89 9
5 90 41
5 91 56
5 92 11
5 93 8
5 94 88
5 95 16
5 96 97
5 97 90
5 98 95
5 99 73
5 100 59
5 101 36
5 102 98
5 103 67
5 104 25
5 105 36
5 106 13
5 107 36
5 108 30
5 109 90
5 110 29
5 111 23
5 112 5
5 113 45
5 114 95
5 115 28
5 116 84
5 117 42
5 118 56
5 119 84
6 7 50
6 8 2
6 9 60
6 10 85
6 11 61
6 12 52
6 13 29
6 14 37
6 15 50
6 16 57
6 17 49
6 18 90
6 19 99
6 20 57
6 21 37
6 22 6
6 23 58
6 24 82
6 25 12
6 26 86
6 27 41
6 28 100
6 29 6
6 30 52
6 31 63
6 32 100
6 33 14
6 34 61
6 35 30
6 36 40
6 37 94
6 38 43
6 39 61
6 40 58
6 41 43
6 42 60
6 43 95
6 44 79
6 45 67
6 46 66
6 47 4
6 48 79
6 49 67
6 50 47
6 51 93
6 52 82
6 53 55
6 54 99
6 55 5
6 56 34
6 57 12
6 58 36
6 59 37
6 60 26
6 61 74
6 62 98
6 63 70
6 64 6
6 65 8
6 66 34
6 67 100
6 68 17
6 69 32
6 70 47
6 71 14
6 72 31
6 73 6
6 74 73
6 75 60
6 76 1
6 77 98
6 78 44
6 79 43
6 80 47
6 81 54
6 82 11
6 83 82
6 84 30
6 85 88
6 86 3
6 87 79
6 88 82
6 89 62
6 90 17
6 91 77
6 92 11
6 93 85
6 94 4
6 95 9
6 96 91
6 97 66
6 98 33
6 99 72
6 100 2
6 101 84
6 102 29
6 103 14
6 104 90
6 105 21
6 106 48
6 107 8
6 108 91
6 109 68
6 110 56
6 111 40
6 112 21
6 113 65
6 114 22
6 115 22
6 116 32
6 117 48
6 118 21
6 119 76
7 8 30
7 9 35
7 10 90
7 11 77
7 12 47
7 13 20
7 14 61
7 15 51
7 16 52
7 17 11
7 18 54
7 19 13
7 20 16
7 21 19
7 22 54
7 23 25
7 24 10
7 25 84
7 26 71
7 27 48
7 28 7
7 29 32
7 30 49
7 31 78
7 32 1
7 33 8
7 34 40
7 35 8
7 36 1
7 37 53
7 38 80
7 39 44
7 40 17
7 41 36
7 42 19
7 43 12
7 44 46
7 45 27
7 46 95
7 47 9
7 48 88
7 49 28
7 50 16
7 51 21
7 52 66
7 53 78
7 54 42
7 55 78
7 56 28
7 57 26
7 58 53
7 59 53
7 60 89
7 61 23
7 62 61
7 63 24
7 64 14
7 65 47
7 66 96
7 67 73
7 68 46
7 69 36
7 70 16
7 71 47
7 72 26
7 73 94
7 74 53
7 75 97
7 76 17
7 77 96
7 78 64
7 79 43
7 80 38
7 81 97
7 82 9
7 83 31
7 84 95
7 85 81
7 86 82
7 87 97
7 88 79
7 89 78
7 90 58
7 91 84
7 92 50
7 93 83
7 94 62
7 95 67
7 96 79
7 97 6
7 98 37
7 99 44
7 100 91
7 101 96
7 102 48
7 103 56
7 104 64
7 105 14
7 106 4
7 107 5
7 108 50
7 109 93
7 110 63
7 111 33
7 112 71
7 113 59
7 114 13
7 115 55
7 116 66
7 117 69
7 118 34
7 119 40
8 9 90
8 10 13
8 11 46
8 12 88
8 13 100
8 14 92
8 15 49
8 16 49
8 17 72
8 18 86
8 19 21
8 20 45
8 21 44
8 22 66
8 23 47
8 24 91
8 25 45
8 26 31
8 27 11
8 28 8
8 29 54
8 30 70
8 31 30
8 32 51
8 33 6
8 34 40
8 35 34
8 36 39
8 37 16
8 38 11
8 39 86
8 40 14
8 41 18
8 42 34
8 43 21
8 44 36
8 45 85
8 46 13
8 47 78
8 48 94
8 49 96
8 50 9
8 51 91
8 52 99
8 53 34
8 54 81
8 55 96
8 56 31
8 57 62
8 58 13
8 59 27
8 60 90
8 61 62
8 62 67
8 63 65
8 64 19
8 65 35
8 66 82
8 67 79
8 68 98
8 69 46
8 70 95
8 71 24
8 72 17
8 73 15
8 74 6
8 75 45
8 76 56
8 77 9
8 78 59
8 79 17
8 80 13
8 81 6
8 82 79
8 83 55
8 84 82
8 85 71
8 86 58
8 87 20
8 88 26
8 89 24
8 90 92
8 91 95
8 92 70
8 93 30
8 94 46
8 95 9
8 96 11
8 97 94
8 98 18
8 99 39
8 100 21
8 101 48
8 102 75
8 103 66
8 104 12
8 105 94
8 106 28
8 107 53
8 108 84
8 109 13
8 110 8
8 111 60
8 112 57
8 113 53
8 114 94
8 115 5
8 116 90
8 117 23
8 118 98
8 119 72
9 10 89
9 11 65
9 12 22
9 13 78
9 14 72
9 15 68
9 16 88
9 17 65
9 18 68
9 19 2
9 20 69
9 21 81
9 22 85
9 23 84
9 24 94
9 25 3
9 26 31
9 27 97
9 28 51
9 29 16
9 30 73
9 31 1
9 32 48
9 33 92
9 34 60
9 35 8
9 36 51
9 37 27
9 38 93
9 39 90
9 40 46
9 41 30
9 42 14
9 43 5
9 44 35
9 45 79
9 46 43
9 47 18
9 48 92
9 49 19
9 50 88
9 51 95
9 52 9
9 53 63
9 54 22
9 55 69
9 56 40
9 57 46
9 58 94
9 59 79
9 60 61
9 61 53
9 62 56
9 63 27
9 64 41
9 65 66
9 66 32
9 67 71
9 68 55
9 69 22
9 70 1
9 71 14
9 72 20
9 73 27
9 74 28
9 75 15
9 76 51
9 77 48
9 78 68
9 79 47
9 80 38
9 81 54
9 82 58
9 83 100
9 84 53
9 85 90
9 86 100
9 87 73
9 88 41
9 89 74
9 90 26
9 91 69
9 92 9
9 93 69
9 94 93
9 95 99
9 96 16
9 97 3
9 98 87
9 99 76
9 100 41
9 101 39
9 102 5
9 103 2
9 104 17
9 105 99
9 106 40
9 107 36
9 108 40
9 109 24
9 110 29
9 111 16
9 112 7
9 113 37
9 114 87
9 115 63
9 116 95
9 117 4
9 118 32
9 119 91
10 11 95
10 12 38
10 13 88
10 14 54
10 15 93
10 16 29
10 17 2
10 18 5
10 19 59
10 20 61
10 21 62
10 22 24
10 23 42
10 24 51
10 25 38
10 26 89
10 27 91
10 28 77
10 29 60
10 30 83
10 31 47
10 32 52
10 33 12
10 34 91
10 35 1
10 36 92
10 37 97
10 38 75
10 39 93
10 40 72
10 41 19
10 42 42
10 43 42
10 44 51
10 45 66
10 46 31
10 47 16
10 48 37
10 49 69
10 50 46
10 51 75
10 52 82
10 53 11
10 54 54
10 55 1
10 56 1
10 57 55
10 58 82
10 59 73
10 60 83
10 61 98
10 62 61
10 63 11
10 64 97
10 65 39
10 66 95
10 67 5
10 68 46
10 69 55
10 70 26
10 71 95
10 72 54
10 73 82
10 74 72
10 75 100
10 76 7
10 77 89
10 78 61
10 79 70
10 80 77
10 81 84
10 82 35
10 83 80
10 84 13
10 85 34
10 86 87
10 87 91
10 88 19
10 89 51
10 90 11
10 91 58
10 92 83
10 93 39
10 94 38
10 95 85
10 96 14
10 97 54
10 98 70
10 99 52
10 100 41
10 101 14
10 102 22
10 103 18
10 104 55
10 105 67
10 106 74
10 107 97
10 108 23
10 109 78
10 110 66
10 111 74
10 112 85
10 113 45
10 114 20
10 115 32
10 116 73
10 117 24
10 118 88
10 119 34
11 12 52
11 13 54
11 14 41
11 15 96
11 16 18
11 17 80
11 18 94
11 19 20
11 20 14
11 21 57
11 22 26
11 23 54
11 24 41
11 25 67
11 26 9
11 27 35
11 28 76
11 29 30
11 30 26
11 31 92
11 32 23
11 33 60
11 34 77
11 35 90
11 36 57
11 37 60
11 38 80
11 39 95
11 40 49
11 41 38
11 42 95
11 43 64
11 44 42
11 45 77
11 46 15
11 47 5
11 48 75
11 49 42
11 50 48
11 51 70
11 52 74
11 53 85
11 54 16
11 55 56
11 56 75
11 57 3
11 58 69
11 59 58
11 60 18
11 61 29
11 62 45
11 63 73
11 64 30
11 65 70
11 66 52
11 67 3
11 68 60
11 69 46
11 70 39
11 71 68
11 72 12
11 73 49
11 74 72
11 75 94
11 76 83
11 77 72
11 78 75
11 79 72
11 80 64
11 81 15
11 82 11
11 83 50
11 84 84
11 85 69
11 86 46
11 87 64
11 88 34
11 89 95
11 90 76
11 91 59
11 92 73
11 93 69
11 94 83
11 95 53
11 96 25
11 97 36
11 98 52
11 99 27
11 100 51
11 101 3
11 102 75
11 103 69
11 104 99
11 105 41
11 106 2
11 107 16
11 108 74
11 109 75
11 110 41
11 111 4
11 112 31
11 113 49
11 114 97
11 115 9
11 116 6
11 117 6
11 118 7
11 119 17
12 13 2
12 14 54
12 15 8
12 16 33
12 17 78
12 18 16
12 19 17
12 20 57
12 21 48
12 22 27
12 23 78
12 24 39
12 25 10
12 26 79
12 27 99
12 28 17
12 29 37
12 30 87
12 31 36
12 32 94
12 33 3
12 34 36
12 35 25
12 36 59
12 37 98
12 38 2
12 39 70
12 40 20
12 41 97
12 42 77
12 43 96
12 44 34
12 45 51
12 46 52
12 47 15
12 48 81
12 49 95
12 50 24
12 51 72
12 52 26
12 53 38
12 54 24
12 55 31
12 56 3
12 57 93
12 58 74
12 59 10
12 60 8
12 61 34
12 62 63
12 63 59
12 64 63
12 65 75
12 66 49
12 67 50
12 68 5
12 69 34
12 70 9
12 71 80
12 72 55
12 73 96
12 74 54
12 75 60
12 76 73
12 77 13
12 78 55
12 79 65
12 80 92
12 81 33
12 82 33
12 83 96
12 84 83
12 85 91
12 86 71
12 87 9
12 88 17
12 89 4
12 90 2
12 91 71
12 92 98
12 93 41
12 94 51
12 95 93
12 96 18
12 97 48
12 98 68
12 99 5
12 100 45
12 101 11
12 102 19
12 103 4
12 104 93
12 105 92
12 106 79
12 107 70
12 108 29
12 109 24
12 110 14
12 111 34
12 112 31
12 113 43
12 114 98
12 115 5
12 116 50
12 117 91
12 118 24
12 119 39
13 14 42
13 15 93
13 16 22
13 17 82
13 18 7
13 19 46
13 20 60
13 21 93
13 22 61
13 23 98
13 24 90
13 25 73
13 26 51
13 27 89
13 28 71
13 29 78
13 30 70
13 31 4
13 32 91
13 33 78
13 34 90
13 35 66
13 36 27
13 37 40
13 38 20
13 39 37
13 40 46
13 41 14
13 42 59
13 43 10
13 44 45
13 45 25
13 46 92
13 47 17
13 48 48
13 49 100
13 50 66
13 51 83
13 52 98
13 53 52
13 54 55
13 55 24
13 56 28
13 57 95
13 58 1
13 59 66
13 60 39
13 61 16
13 62 32
13 63 80
13 64 2
13 65 50
13 66 21
13 67 74
13 68 54
13 69 50
13 70 91
13 71 16
13 72 83
13 73 97
13 74 62
13 75 21
13 76 16
13 77 51
13 78 28
13 79 70
13 80 53
13 81 36
13 82 37
13 83 5
13 84 70
13 85 13
13 86 70
13 87 74
13 88 29
13 89 100
13 90 83
13 91 89
13 92 38
13 93 88
13 94 36
13 95 42
13 96 80
13 97 17
13 98 57
13 99 26
13 100 92
13 101 13
13 102 38
13 103 83
13 104 27
13 105 67
13 106 26
13 107 16
13 108 47
13 109 66
13 110 88
13 111 99
13 112 8
13 113 40
13 114 81
13 115 27
13 116 7
13 117 30
13 118 21
13 119 3
14 15 52
14 16 36
14 17 77
14 18 87
14 19 43
14 20 63
14 21 94
14 22 61
14 23 82
14 24 2
14 25 66
14 26 99
14 27 34
14 28 52
14 29 55
14 30 57
14 31 45
14 32 39
14 33 77
14 34 49
14 35 49
14 36 63
14 37 86
14 38 59
14 39 21
14 40 97
14 41 63
14 42 41
14 43 15
14 44 23
14 45 46
14 46 5
14 47 75
14 48 46
14 49 30
14 50 71
14 51 48
14 52 1
14 53 38
14 54 72
14 55 88
14 56 70
14 57 17
14 58 95
14 59 41
14 60 12
14 61 63
14 62 74
14 63 14
14 64 87
14 65 65
14 66 81
14 67 62
14 68 17
14 69 88
14 70 85
14 71 23
14 72 44
14 73 26
14 74 73
14 75 37
14 76 82
14 77 91
14 78 70
14 79 5
14 80 47
14 81 89
14 82 100
14 83 8
14 84 99
14 85 79
14 86 76
14 87 87
14 88 90
14 89 94
14 90 88
14 91 8
14 92 56
14 93 70
14 94 29
14 95 71
14 96 38
14 97 30
14 98 79
14 99 68
14 100 26
14 101 45
14 102 51
14 103 72
14 104 59
14 105 40
14 106 88
14 107 75
14 108 97
14 109 61
14 110 23
14 111 53
14 112 15
14 113 45
14 114 51
14 115 29
14 116 24
14 117 72
14 118 19
14 119 58
15 16 32
15 17 46
15 18 100
15 19 28
15 20 100
15 21 87
15 22 46
15 23 75
15 24 78
15 25 37
15 26 3
15 27 67
15 28 3
15 29 38
15 30 40
15 31 68
15 32 96
15 33 58
15 34 66
15 35 12
15 36 13
15 37 35
15 38 3
15 39 49
15 40 28
15 41 40
15 42 28
15 43 84
15 44 48
15 45 7
15 46 6
15 47 18
15 48 63
15 49 69
15 50 80
15 51 80
15 52 99
15 53 93
15 54 98
15 55 47
15 56 74
15 57 63
15 58 95
15 59 17
15 60 22
15 61 69
15 62 26
15 63 29
15 64 27
15 65 30
15 66 24
15 67 4
15 68 60
15 69 46
15 70 3
15 71 1
15 72 85
15 73 45
15 74 33
15 75 46
15 76 27
15 77 25
15 78 17
15 79 8
15 80 10
15 81 44
15 82 34
15 83 68
15 84 59
15 85 58
15 86 77
15 87 89
15 88 94
15 89 5
15 90 20
15 91 15
15 92 26
15 93 7
15 94 11
15 95 51
15 96 29
15 97 38
15 98 97
15 99 76
15 100 41
15 101 53
15 102 72
15 103 60
15 104 25
15 105 15
15 106 73
15 107 40
15 108 5
15 109 98
15 110 29
15 111 32
15 112 73
15 113 11
15 114 34
15 115 67
15 116 39
15 117 13
15 118 22
15 119 71
16 17 76
16 18 8
16 19 10
16 20 50
16 21 18
16 22 44
16 23 38
16 24 72
16 25 5
16 26 16
16 27 25
16 28 28
16 29 5
16 30 11
16 31 62
16 32 61
16 33 68
16 34 44
16 35 70
16 36 64
16 37 5
16 38 41
16 39 18
16 40 16
16 41 71
16 42 41
16 43 91
16 44 49
16 45 79
16 46 55
16 47 34
16 48 5
16 49 77
16 50 15
16 51 56
16 52 86
16 53 8
16 54 42
16 55 27
16 56 42
16 57 8
16 58 93
16 59 2
16 60 29
16 61 71
16 62 93
16 63 78
16 64 78
16 65 83
16 66 2
16 67 88
16 68 86
16 69 63
16 70 12
16 71 55
16 72 100
16 73 13
16 74 86
16 75 56
16 76 70
16 77 34
16 78 72
16 79 21
16 80 63
16 81 44
16 82 51
16 83 48
16 84 3
16 85 82
16 86 23
16 87 90
16 88 55
16 89 56
16 90 75
16 91 77
16 92 26
16 93 57
16 94 58
16 95 86
16 96 32
16 97 100
16 98 95
16 99 70
16 100 51
16 101 35
16 102 13
16 103 63
16 104 98
16 105 28
16 106 30
16 107 47
16 108 94
16 109 95
16 110 40
16 111 64
16 112 16
16 113 90
16 114 77
16 115 54
16 116 12
16 117 8
16 118 65
16 119 85
17 18 67
17 19 16
17 20 4
17 21 17
17 22 96
17 23 44
17 24 34
17 25 89
17 26 18
17 27 4
17 28 41
17 29 2
17 30 62
17 31 37
17 32 11
17 33 39
17 34 15
17 35 56
17 36 26
17 37 8
17 38 38
17 39 70
17 40 35
17 41 49
17 42 73
17 43 61
17 44 92
17 45 72
17 46 28
17 47 57
17 48 56
17 49 93
17 50 96
17 51 33
17 52 35
17 53 10
17 54 90
17 55 49
17 56 55
17 57 63
17 58 59
17 59 69
17 60 12
17 61 89
17 62 88
17 63 38
17 64 49
17 65 44
17 66 99
17 67 98
17 68 84
17 69 46
17 70 4
17 71 24
17 72 95
17 73 76
17 74 56
17 75 20
17 76 89
17 77 100
17 78 88
17 79 59
17 80 70
17 81 90
17 82 14
17 83 14
17 84 51
17 85 36
17 86 93
17 87 100
17 88 93
17 89 15
17 90 44
17 91 21
17 92 8
17 93 85
17 94 7
17 95 70
17 96 1
17 97 65
17 98 52
17 99 47
17 100 72
17 101 32
17 102 22
17 103 65
17 104 82
17 105 54
17 106 68
17 107 41
17 108 30
17 109 92
17 110 33
17 111 95
17 112 78
17 113 83
17 114 33
17 115 71
17 116 93
17 117 34
17 118 83
17 119 73
18 19 27
18 20 64
18 21 8
18 22 73
18 23 65
18 24 42
18 25 54
18 26 59
18 27 24
18 28 63
18 29 32
18 30 89
18 31 11
18 32 89
18 33 30
18 34 69
18 35 68
18 36 85
18 37 88
18 38 92
18 39 90
18 40 26
18 41 68
18 42 4
18 43 50
18 44 53
18 45 74
18 46 90
18 47 3
18 48 11
18 49 28
18 50 93
18 51 63
18 52 30
18 53 42
18 54 50
18 55 7
18 56 57
18 57 95
18 58 28
18 59 86
18 60 18
18 61 97
18 62 85
18 63 3
18 64 38
18 65 62
18 66 97
18 67 72
18 68 29
18 69 98
18 70 16
18 71 80
18 72 49
18 73 9
18 74 11
18 75 45
18 76 65
18 77 78
18 78 33
18 79 36
18 80 36
18 81 6
18 82 13
18 83 29
18 84 52
18 85 75
18 86 8
18 87 42
18 88 22
18 89 46
18 90 56
18 91 95
18 92 36
18 93 31
18 94 67
18 95 91
18 96 15
18 97 77
18 98 87
18 99 47
18 100 67
18 101 11
18 102 19
18 103 95
18 104 20
18 105 2
18 106 45
18 107 71
18 108 39
18 109 87
18 110 24
18 111 95
18 112 8
18 113 33
18 114 99
18 115 98
18 116 26
18 117 52
18 118 25
18 119 15
19 20 6
19 21 45
19 22 47
19 23 85
19 24 49
19 25 87
19 26 55
19 27 7
19 28 57
19 29 58
19 30 28
19 31 9
19 32 53
19 33 33
19 34 72
19 35 21
19 36 47
19 37 30
19 38 53
19 39 53
19 40 28
19 41 35
19 42 85
19 43 33
19 44 74
19 45 30
19 46 9
19 47 72
19 48 98
19 49 64
19 50 95
19 51 73
19 52 81
19 53 100
19 54 78
19 55 95
19 56 59
19 57 1
19 58 14
19 59 74
19 60 61
19 61 51
19 62 75
19 63 91
19 64 82
19 65 33
19 66 77
19 67 21
19 68 23
19 69 44
19 70 4
19 71 57
19 72 54
19 73 31
19 74 96
19 75 93
19 76 87
19 77 11
19 78 84
19 79 37
19 80 75
19 81 54
19 82 69
19 83 96
19 84 31
19 85 11
19 86 63
19 87 39
19 88 87
19 89 99
19 90 61
19 91 37
19 92 33
19 93 43
19 94 73
19 95 31
19 96 64
19 97 40
19 98 23
19 99 83
19 100 4
19 101 31
19 102 7
19 103 73
19 104 21
19 105 31
19 106 83
19 107 64
19 108 51
19 109 13
19 110 53
19 111 60
19 112 36
19 113 38
19 114 82
19 115 60
19 116 21
19 117 15
19 118 71
19 119 88
20 21 62
20 22 91
20 23 10
20 24 19
20 25 26
20 26 78
20 27 45
20 28 3
20 29 28
20 30 80
20 31 1
20 32 89
20 33 14
20 34 84
20 35 48
20 36 53
20 37 87
20 38 92
20 39 62
20 40 58
20 41 91
20 42 48
20 43 52
20 44 97
20 45 35
20 46 54
20 47 74
20 48 75
20 49 3
20 50 88
20 51 37
20 52 56
20 53 13
20 54 54
20 55 4
20 56 8
20 57 56
20 58 73
20 59 13
20 60 45
20 61 28
20 62 24
20 63 25
20 64 69
20 65 38
20 66 87
20 67 39
20 68 71
20 69 84
20 70 21
20 71 54
20 72 67
20 73 38
20 74 43
20 75 63
20 76 31
20 77 36
20 78 3
20 79 63
20 80 65
20 81 69
20 82 58
20 83 50
20 84 59
20 85 25
20 86 55
20 87 64
20 88 78
20 89 5
20 90 20
20 91 72
20 92 88
20 93 83
20 94 48
20 95 60
20 96 45
20 97 23
20 98 82
20 99 73
20 100 50
20 101 30
20 102 25
20 103 54
20 104 87
20 105 19
20 106 42
20 107 10
20 108 7
20 109 18
20 110 50
20 111 44
20 112 58
20 113 72
20 114 85
20 115 1
20 116 11
20 117 25
20 118 91
20 119 1
21 22 46
21 23 15
21 24 23
21 25 34
21 26 56
21 27 36
21 28 96
21 29 77
21 30 87
21 31 44
21 32 58
21 33 73
21 34 87
21 35 9
21 36 36
21 37 92
21 38 71
21 39 49
21 40 43
21 41 89
21 42 81
21 43 97
21 44 82
21 45 39
21 46 57
21 47 4
21 48 10
21 49 26
21 50 46
21 51 4
21 52 86
21 53 50
21 54 56
21 55 70
21 56 4
21 57 97
21 58 72
21 59 96
21 60 6
21 61 88
21 62 55
21 63 26
21 64 67
21 65 8
21 66 86
21 67 53
21 68 81
21 69 7
21 70 100
21 71 30
21 72 52
21 73 16
21 74 32
21 75 47
21 76 2
21 77 66
21 78 87
21 79 29
21 80 98
21 81 90
21 82 2
21 83 86
21 84 14
21 85 44
21 86 82
21 87 62
21 88 81
21 89 38
21 90 55
21 91 95
21 92 50
21 93 23
21 94 3
21 95 47
21 96 18
21 97 11
21 98 97
21 99 1
21 100 89
21 101 88
21 102 10
21 103 45
21 104 10
21 105 86
21 106 21
21 107 73
21 108 16
21 109 95
21 110 29
21 111 57
21 112 93
21 113 35
21 114 32
21 115 5
21 116 11
21 117 72
21 118 60
21 119 100
22 23 86
22 24 51
22 25 78
22 26 39
22 27 92
22 28 87
22 29 15
22 30 32
22 31 64
22 32 9
22 33 14
22 34 47
22 35 14
22 36 13
22 37 78
22 38 75
22 39 82
22 40 98
22 41 10
22 42 78
22 43 42
22 44 30
22 45 78
22 46 86
22 47 35
22 48 23
22 49 63
22 50 10
22 51 4
22 52 75
22 53 88
22 54 85
22 55 82
22 56 89
22 57 51
22 58 35
22 59 32
22 60 75
22 61 62
22 62 44
22 63 3
22 64 93
22 65 47
22 66 12
22 67 70
22 68 98
22 69 25
22 70 29
22 71 86
22 72 18
22 73 45
22 74 86
22 75 62
22 76 99
22 77 25
22 78 56
22 79 55
22 80 80
22 81 74
22 82 56
22 83 46
22 84 40
22 85 83
22 86 77
22 87 20
22 88 17
22 89 35
22 90 44
22 91 98
22 92 81
22 93 84
22 94 9
22 95 60
22 96 29
22 97 54
22 98 43
22 99 84
22 100 6
22 101 18
22 102 60
22 103 66
22 104 39
22 105 3
22 106 98
22 107 6
22 108 79
22 109 38
22 110 90
22 111 7
22 112 91
22 113 24
22 114 37
22 115 32
22 116 69
22 117 36
22 118 92
22 119 18
23 24 28
23 25 69
23 26 28
23 27 72
23 28 61
23 29 86
23 30 17
23 31 13
23 32 1
23 33 20
23 34 27
23 35 65
23 36 50
23 37 71
23 38 45
23 39 44
23 40 31
23 41 63
23 42 15
23 43 88
23 44 1
23 45 59
23 46 25
23 47 79
23 48 59
23 49 55
23 50 88
23 51 23
23 52 83
23 53 55
23 54 70
23 55 24
23 56 7
23 57 49
23 58 86
23 59 18
23 60 92
23 61 96
23 62 60
23 63 91
23 64 83
23 65 64
23 66 29
23 67 84
23 68 52
23 69 59
23 70 67
23 71 46
23 72 44
23 73 41
23 74 1
23 75 76
23 76 38
23 77 23
23 78 42
23 79 56
23 80 50
23 81 67
23 82 93
23 83 90
23 84 39
23 85 29
23 86 82
23 87 23
23 88 79
23 89 22
23 90 4
23 91 11
23 92 40
23 93 69
23 94 72
23 95 54
23 96 4
23 97 53
23 98 35
23 99 42
23 100 35
23 101 52
23 102 60
23 103 75
23 104 80
23 105 99
23 106 45
23 107 99
23 108 27
23 109 47
23 110 59
23 111 42
23 112 25
23 113 87
23 114 11
23 115 99
23 116 9
23 117 89
23 118 24
23 119 38
24 25 29
24 26 70
24 27 3
24 28 29
24 29 78
24 30 58
24 31 89
24 32 38
24 33 82
24 34 85
24 35 66
24 36 19
24 37 52
24 38 65
24 39 68
24 40 70
24 41 57
24 42 94
24 43 76
24 44 48
24 45 36
24 46 45
24 47 46
24 48 1
24 49 38
24 50 88
24 51 12
24 52 40
24 53 26
24 54 70
24 55 96
24 56 28
24 57 88
24 58 40
24 59 63
24 60 61
24 61 4
24 62 15
24 63 26
24 64 48
24 65 39
24 66 34
24 67 37
24 68 92
24 69 79
24 70 94
24 71 68
24 72 46
24 73 79
24 74 24
24 75 30
24 76 23
24 77 13
24 78 84
24 79 75
24 80 81
24 81 20
24 82 87
24 83 28
24 84 31
24 85 76
24 86 66
24 87 55
24 88 69
24 89 8
24 90 71
24 91 24
24 92 70
24 93 92
24 94 82
24 95 48
24 96 49
24 97 97
24 98 30
24 99 58
24 100 39
24 101 100
24 102 16
24 103 57
24 104 84
24 105 19
24 106 60
24 107 94
24 108 37
24 109 23
24 110 69
24 111 71
24 112 17
24 113 21
24 114 54
24 115 96
24 116 78
24 117 28
24 118 100
24 119 47
25 26 46
25 27 68
25 28 47
25 29 50
25 30 60
25 31 9
25 32 73
25 33 78
25 34 84
25 35 60
25 36 32
25 37 26
25 38 84
25 39 93
25 40 63
25 41 81
25 42 77
25 43 55
25 44 4
25 45 57
25 46 96
25 47 3
25 48 1
25 49 87
25 50 10
25 51 30
25 52 46
25 53 27
25 54 39
25 55 26
25 56 49
25 57 95
25 58 81
25 59 80
25 60 81
25 61 72
25 62 31
25 63 4
25 64 95
25 65 54
25 66 57
25 67 34
25 68 81
25 69 40
25 70 17
25 71 99
25 72 47
25 73 24
25 74 63
25 75 84
25 76 93
25 77 44
25 78 77
25 79 48
25 80 39
25 81 27
25 82 52
25 83 67
25 84 82
25 85 2
25 86 17
25 87 37
25 88 31
25 89 7
25 90 9
25 91 41
25 92 45
25 93 74
25 94 37
25 95 48
25 96 89
25 97 8
25 98 75
25 99 87
25 100 4
25 101 56
25 102 29
25 103 98
25 104 15
25 105 35
25 106 40
25 107 35
25 108 83
25 109 60
25 110 26
25 111 71
25 112 44
25 113 58
25 114 1
25 115 78
25 116 93
25 117 27
25 118 71
25 119 100
26 27 22
26 28 31
26 29 97
26 30 89
26 31 63
26 32 96
26 33 94
26 34 68
26 35 16
26 36 68
26 37 83
26 38 75
26 39 14
26 40 90
26 41 4
26 42 49
26 43 5
26 44 16
26 45 40
26 46 52
26 47 74
26 48 99
26 49 97
26 50 91
26 51 53
26 52 25
26 53 46
26 54 4
26 55 39
26 56 66
26 57 98
26 58 66
26 59 61
26 60 10
26 61 58
26 62 29
26 63 75
26 64 91
26 65 38
26 66 50
26 67 85
26 68 41
26 69 82
26 70 9
26 71 11
26 72 16
26 73 87
26 74 87
26 75 78
26 76 64
26 77 76
26 78 89
26 79 27
26 80 93
26 81 36
26 82 17
26 83 14
26 84 40
26 85 67
26 86 8
26 87 37
26 88 40
26 89 58
26 90 34
26 91 83
26 92 65
26 93 83
26 94 42
26 95 21
26 96 65
26 97 95
26 98 39
26 99 40
26 100 18
26 101 36
26 102 27
26 103 23
26 104 80
26 105 4
26 106 61
26 107 50
26 108 68
26 109 98
26 110 92
26 111 50
26 112 65
26 113 85
26 114 39
26 115 68
26 116 95
26 117 70
26 118 43
26 119 47
27 28 22
27 29 9
27 30 98
27 31 37
27 32 87
27 33 65
27 34 18
27 35 20
27 36 33
27 37 63
27 38 41
27 39 36
27 40 69
27 41 44
27 42 5
27 43 12
27 44 85
27 45 74
27 46 1
27 47 70
27 48 35
27 49 29
27 50 6
27 51 59
27 52 65
27 53 7
27 54 16
27 55 92
27 56 95
27 57 36
27 58 88
27 59 18
27 60 70
27 61 88
27 62 89
27 63 48
27 64 100
27 65 54
27 66 88
27 67 33
27 68 46
27 69 84
27 70 46
27 71 16
27 72 77
27 73 93
27 74 100
27 75 59
27 76 88
27 77 48
27 78 58
27 79 72
27 80 89
27 81 13
27 82 94
27 83 88
27 84 32
27 85 79
27 86 6
27 87 89
27 88 64
27 89 71
27 90 38
27 91 11
27 92 64
27 93 1
27 94 57
27 95 56
27 96 57
27 97 15
27 98 63
27 99 51
27 100 51
27 101 16
27 102 23
27 103 99
27 104 43
27 105 11
27 106 6
27 107 27
27 108 28
27 109 93
27 110 13
27 111 74
27 112 36
27 113 22
27 114 69
27 115 74
27 116 16
27 117 94
27 118 8
27 119 58
28 29 53
28 30 92
28 31 62
28 32 56
28 33 80
28 34 2
28 35 51
28 36 28
28 37 76
28 38 81
28 39 15
28 40 45
28 41 32
28 42 14
28 43 76
28 44 59
28 45 64
28 46 20
28 47 71
28 48 37
28 49 43
28 50 43
28 51 13
28 52 59
28 53 9
28 54 85
28 55 19
28 56 42
28 57 21
28 58 23
28 59 51
28 60 79
28 61 5
28 62 55
28 63 24
28 64 37
28 65 46
28 66 7
28 67 26
28 68 23
28 69 85
28 70 3
28 71 45
28 72 75
28 73 89
28 74 76
28 75 22
28 76 96
28 77 9
28 78 8
28 79 99
28 80 5
28 81 36
28 82 90
28 83 55
28 84 24
28 85 55
28 86 30
28 87 71
28 88 78
28 89 58
28 90 66
28 91 54
28 92 80
28 93 53
28 94 81
28 95 38
28 96 81
28 97 84
28 98 72
28 99 98
28 100 87
28 101 78
28 102 80
28 103 78
28 104 96
28 105 83
28 106 54
28 107 45
28 108 13
28 109 58
28 110 82
28 111 40
28 112 49
28 113 4
28 114 85
28 115 39
28 116 18
28 117 41
28 118 87
28 119 64
29 30 68
29 31 3
29 32 4
29 33 16
29 34 5
29 35 99
29 36 51
29 37 56
29 38 2
29 39 54
29 40 51
29 41 82
29 42 52
29 43 32
29 44 20
29 45 22
29 46 70
29 47 25
29 48 73
29 49 35
29 50 94
29 51 64
29 52 97
29 53 10
29 54 52
29 55 79
29 56 22
29 57 93
29 58 38
29 59 70
29 60 39
29 61 17
29 62 70
29 63 40
29 64 63
29 65 25
29 66 97
29 67 94
29 68 98
29 69 39
29 70 38
29 71 24
29 72 72
29 73 52
29 74 81
29 75 45
29 76 9
29 77 64
29 78 75
29 79 16
29 80 69
29 81 27
29 82 14
29 83 70
29 84 99
29 85 11
29 86 19
29 87 60
29 88 73
29 89 5
29 90 27
29 91 52
29 92 76
29 93 58
29 94 67
29 95 6
29 96 89
29 97 86
29 98 8
29 99 78
29 100 43
29 101 24
29 102 51
29 103 89
29 104 32
29 105 63
29 106 62
29 107 82
29 108 8
29 109 83
29 110 99
29 111 5
29 112 52
29 113 29
29 114 52
29 115 75
29 116 32
29 117 44
29 118 11
29 119 41
30 31 61
30 32 47
30 33 50
30 34 9
30 35 61
30 36 80
30 37 57
30 38 3
30 39 7
30 40 37
30 41 19
30 42 91
30 43 33
30 44 72
30 45 88
30 46 14
30 47 56
30 48 93
30 49 5
30 50 97
30 51 24
30 52 21
30 53 18
30 54 72
30 55 45
30 56 37
30 57 59
30 58 44
30 59 41
30 60 44
30 61 91
30 62 86
30 63 16
30 64 7
30 65 11
30 66 6
30 67 85
30 68 44
30 69 50
30 70 76
30 71 44
30 72 19
30 73 87
30 74 90
30 75 90
30 76 39
30 77 73
30 78 31
30 79 9
30 80 69
30 81 56
30 82 43
30 83 86
30 84 12
30 85 88
30 86 76
30 87 74
30 88 44
30 89 43
30 90 93
30 91 93
30 92 27
30 93 72
30 94 8
30 95 93
30 96 7
30 97 96
30 98 8
30 99 28
30 100 31
30 101 84
30 102 53
30 103 71
30 104 37
30 105 19
30 106 37
30 107 44
30 108 50
30 109 15
30 110 14
30 111 26
30 112 42
30 113 42
30 114 30
30 115 41
30 116 23
30 117 35
30 118 98
30 119 86
31 32 46
31 33 12
31 34 20
31 35 20
31 36 88
31 37 63
31 38 53
31 39 3
31 40 68
31 41 66
31 42 11
31 43 91
31 44 70
31 45 53
31 46 75
31 47 92
31 48 6
31 49 2
31 50 35
31 51 18
31 52 44
31 53 79
31 54 13
31 55 38
31 56 94
31 57 24
31 58 16
31 59 19
31 60 60
31 61 51
31 62 13
31 63 59
31 64 44
31 65 93
31 66 42
31 67 52
31 68 70
31 69 20
31 70 98
31 71 26
31 72 82
31 73 82
31 74 4
31 75 48
31 76 3
31 77 99
31 78 82
31 79 48
31 80 9
31 81 86
31 82 29
31 83 46
31 84 89
31 85 36
31 86 89
31 87 41
31 88 80
31 89 97
31 90 76
31 91 17
31 92 37
31 93 21
31 94 63
31 95 98
31 96 29
31 97 58
31 98 61
31 99 89
31 100 67
31 101 18
31 102 20
31 103 48
31 104 34
31 105 82
31 106 61
31 107 22
31 108 36
31 109 72
31 110 18
31 111 32
31 112 24
31 113 22
31 114 59
31 115 99
31 116 5
31 117 100
31 118 87
31 119 99
32 33 16
32 34 26
32 35 45
32 36 5
32 37 95
32 38 50
32 39 1
32 40 67
32 41 47
32 42 26
32 43 37
32 44 43
32 45 75
32 46 4
32 47 75
32 48 64
32 49 2
32 50 46
32 51 67
32 52 84
32 53 16
32 54 83
32 55 66
32 56 39
32 57 14
32 58 21
32 59 89
32 60 3
32 61 80
32 62 21
32 63 29
32 64 85
32 65 42
32 66 2
32 67 27
32 68 46
32 69 86
32 70 43
32 71 78
32 72 45
32 73 80
32 74 48
32 75 54
32 76 84
32 77 29
32 78 58
32 79 7
32 80 6
32 81 85
32 82 75
32 83 78
32 84 53
32 85 16
32 86 47
32 87 79
32 88 28
32 89 22
32 90 19
32 91 88
32 92 12
32 93 100
32 94 95
32 95 81
32 96 98
32 97 17
32 98 41
32 99 10
32 100 84
32 101 21
32 102 97
32 103 29
32 104 19
32 105 61
32 106 31
32 107 43
32 108 96
32 109 64
32 110 27
32 111 1
32 112 38
32 113 98
32 114 90
32 115 18
32 116 90
32 117 70
32 118 24
32 119 67
33 34 73
33 35 71
33 36 43
33 37 97
33 38 96
33 39 84
33 40 43
33 41 3
33 42 76
33 43 96
33 44 62
33 45 10
33 46 81
33 47 52
33 48 98
33 49 96
33 50 22
33 51 52
33 52 31
33 53 73
33 54 3
33 55 49
33 56 46
33 57 26
33 58 8
33 59 81
33 60 19
33 61 100
33 62 92
33 63 16
33 64 1
33 65 86
33 66 25
33 67 36
33 68 53
33 69 23
33 70 22
33 71 100
33 72 58
33 73 34
33 74 28
33 75 50
33 76 13
33 77 31
33 78 58
33 79 59
33 80 45
33 81 53
33 82 60
33 83 66
33 84 18
33 85 91
33 86 48
33 87 20
33 88 33
33 89 67
33 90 64
33 91 20
33 92 69
33 93 99
33 94 82
33 95 41
33 96 10
33 97 24
33 98 21
33 99 14
33 100 95
33 101 98
33 102 46
33 103 95
33 104 60
33 105 23
33 106 26
33 107 92
33 108 79
33 109 55
33 110 53
33 111 30
33 112 100
33 113 4
33 114 61
33 115 94
33 116 98
33 117 32
33 118 70
33 119 2
34 35 67
34 36 56
34 37 36
34 38 36
34 39 91
34 40 91
34 41 1
34 42 30
34 43 54
34 44 28
34 45 20
34 46 29
34 47 95
34 48 27
34 49 65
34 50 18
34 51 39
34 52 56
34 53 53
34 54 7
34 55 85
34 56 1
34 57 47
34 58 80
34 59 26
34 60 50
34 61 80
34 62 86
34 63 32
34 64 69
34 65 56
34 66 59
34 67 90
34 68 5
34 69 84
34 70 53
34 71 97
34 72 64
34 73 27
34 74 59
34 75 27
34 76 23
34 77 77
34 78 72
34 79 49
34 80 66
34 81 17
34 82 41
34 83 93
34 84 27
34 85 39
34 86 77
34 87 74
34 88 6
34 89 98
34 90 87
34 91 64
34 92 25
34 93 73
34 94 65
34 95 28
34 96 75
34 97 63
34 98 6
34 99 55
34 100 77
34 101 2
34 102 87
34 103 72
34 104 30
34 105 41
34 106 98
34 107 23
34 108 95
34 109 33
34 110 93
34 111 63
34 112 56
34 113 53
34 114 6
34 115 95
34 116 54
34 117 75
34 118 98
34 119 65
35 36 37
35 37 51
35 38 44
35 39 82
35 40 38
35 41 54
35 42 48
35 43 19
35 44 24
35 45 36
35 46 47
35 47 46
35 48 54
35 49 51
35 50 61
35 51 19
35 52 42
35 53 69
35 54 76
35 55 69
35 56 65
35 57 90
35 58 71
35 59 20
35 60 89
35 61 5
35 62 19
35 63 12
35 64 87
35 65 34
35 66 26
35 67 58
35 68 13
35 69 3
35 70 4
35 71 37
35 72 73
35 73 40
35 74 10
35 75 31
35 76 21
35 77 30
35 78 54
35 79 92
35 80 100
35 81 96
35 82 66
35 83 24
35 84 67
35 85 63
35 86 34
35 87 90
35 88 10
35 89 27
35 90 80
35 91 18
35 92 86
35 93 61
35 94 93
35 95 41
35 96 16
35 97 78
35 98 88
35 99 35
35 100 58
35 101 12
35 102 28
35 103 81
35 104 88
35 105 10
35 106 73
35 107 100
35 108 86
35 109 45
35 110 65
35 111 43
35 112 60
35 113 59
35 114 33
35 115 44
35 116 12
35 117 80
35 118 21
35 119 60
36 37 81
36 38 70
36 39 10
36 40 55
36 41 45
36 42 60
36 43 42
36 44 55
36 45 78
36 46 89
36 47 94
36 48 78
36 49 52
36 50 67
36 51 93
36 52 14
36 53 45
36 54 75
36 55 42
36 56 42
36 57 57
36 58 50
36 59 19
36 60 39
36 61 37
36 62 39
36 63 6
36 64 21
36 65 35
36 66 93
36 67 43
36 68 77
36 69 80
36 70 77
36 71 47
36 72 46
36 73 3
36 74 60
36 75 85
36 76 2
36 77 49
36 78 69
36 79 60
36 80 61
36 81 21
36 82 11
36 83 40
36 84 21
36 85 10
36 86 8
36 87 93
36 88 7
36 89 69
36 90 4
36 91 95
36 92 24
36 93 13
36 94 52
36 95 41
36 96 56
36 97 30
36 98 28
36 99 24
36 100 86
36 101 56
36 102 3
36 103 77
36 104 64
36 105 28
36 106 33
36 107 64
36 108 31
36 109 19
36 110 51
36 111 22
36 112 83
36 113 60
36 114 57
36 115 46
36 116 91
36 117 64
36 118 34
36 119 14
37 38 51
37 39 37
37 40 26
37 41 44
37 42 15
37 43 94
37 44 87
37 45 79
37 46 64
37 47 60
37 48 46
37 49 40
37 50 45
37 51 66
37 52 4
37 53 86
37 54 86
37 55 79
37 56 18
37 57 32
37 58 90
37 59 55
37 60 8
37 61 78
37 62 46
37 63 61
37 64 33
37 65 5
37 66 65
37 67 41
37 68 9
37 69 29
37 70 76
37 71 61
37 72 71
37 73 32
37 74 7
37 75 65
37 76 42
37 77 54
37 78 3
37 79 86
37 80 6
37 81 20
37 82 37
37 83 11
37 84 24
37 85 14
37 86 74
37 87 82
37 88 29
37 89 1
37 90 28
37 91 68
37 92 97
37 93 74
37 94 29
37 95 52
37 96 55
37 97 34
37 98 51
37 99 30
37 100 56
37 101 25
37 102 65
37 103 6
37 104 50
37 105 31
37 106 59
37 107 59
37 108 95
37 109 9
37 110 28
37 111 59
37 112 14
37 113 39
37 114 16
37 115 90
37 116 98
37 117 33
37 118 86
37 119 66
38 39 30
38 40 62
38 41 76
38 42 28
38 43 25
38 44 2
38 45 39
38 46 99
38 47 8
38 48 44
38 49 47
38 50 51
38 51 32
38 52 4
38 53 83
38 54 74
38 55 51
38 56 7
38 57 42
38 58 40
38 59 81
38 60 18
38 61 96
38 62 57
38 63 7
38 64 83
38 65 20
38 66 83
38 67 21
38 68 13
38 69 15
38 70 94
38 71 93
38 72 20
38 73 72
38 74 29
38 75 55
38 76 15
38 77 97
38 78 83
38 79 31
38 80 11
38 81 23
38 82 41
38 83 13
38 84 89
38 85 86
38 86 75
38 87 18
38 88 76
38 89 77
38 90 20
38 91 26
38 92 85
38 93 41
38 94 10
38 95 99
38 96 88
38 97 12
38 98 91
38 99 13
38 100 93
38 101 25
38 102 37
38 103 80
38 104 46
38 105 49
38 106 83
38 107 49
38 108 57
38 109 10
38 110 21
38 111 86
38 112 45
38 113 59
38 114 47
38 115 66
38 116 64
38 117 36
38 118 31
38 119 41
39 40 52
39 41 37
39 42 23
39 43 87
39 44 89
39 45 49
39 46 49
39 47 65
39 48 76
39 49 10
39 50 7
39 51 19
39 52 58
39 53 35
39 54 45
39 55 48
39 56 67
39 57 15
39 58 4
39 59 32
39 60 1
39 61 69
39 62 24
39 63 14
39 64 57
39 65 59
39 66 36
39 67 68
39 68 61
39 69 68
39 70 67
39 71 52
39 72 100
39 73 84
39 74 37
39 75 84
39 76 86
39 77 87
39 78 83
39 79 83
39 80 9
39 81 89
39 82 20
39 83 49
39 84 3
39 85 100
39 86 73
39 87 64
39 88 66
39 89 48
39 90 18
39 91 15
39 92 82
39 93 92
39 94 36
39 95 31
39 96 41
39 97 58
39 98 94
39 99 18
39 100 31
39 101 77
39 102 12
39 103 76
39 104 30
39 105 82
39 106 16
39 107 49
39 108 39
39 109 63
39 110 57
39 111 98
39 112 13
39 113 72
39 114 61
39 115 30
39 116 57
39 117 17
39 118 80
39 119 68
40 41 90
40 42 23
40 43 46
40 44 5
40 45 31
40 46 80
40 47 66
40 48 61
40 49 69
40 50 32
40 51 73
40 52 37
40 53 34
40 54 46
40 55 48
40 56 28
40 57 26
40 58 84
40 59 61
40 60 33
40 61 77
40 62 21
40 63 1
40 64 36
40 65 75
40 66 89
40 67 6
40 68 56
40 69 23
40 70 92
40 71 84
40 72 69
40 73 46
40 74 33
40 75 55
40 76 2
40 77 20
40 78 79
40 79 18
40 80 28
40 81 43
40 82 90
40 83 94
40 84 9
40 85 89
40 86 65
40 87 55
40 88 42
40 89 89
40 90 89
40 91 25
40 92 75
40 93 2
40 94 100
40 95 20
40 96 21
40 97 44
40 98 73
40 99 5
40 100 35
40 101 4
40 102 53
40 103 9
40 104 98
40 105 37
40 106 16
40 107 43
40 108 35
40 109 83
40 110 95
40 111 79
40 112 29
40 113 43
40 114 93
40 115 33
40 116 98
40 117 76
40 118 57
40 119 80
41 42 59
41 43 81
41 44 63
41 45 92
41 46 32
41 47 20
41 48 46
41 49 91
41 50 92
41 51 95
41 52 95
41 53 90
41 54 10
41 55 93
41 56 68
41 57 26
41 58 45
41 59 61
41 60 59
41 61 86
41 62 42
41 63 73
41 64 92
41 65 90
41 66 14
41 67 37
41 68 46
41 69 59
41 70 23
41 71 56
41 72 17
41 73 32
41 74 63
41 75 55
41 76 97
41 77 82
41 78 13
41 79 42
41 80 57
41 81 93
41 82 45
41 83 85
41 84 89
41 85 11
41 86 47
41 87 83
41 88 83
41 89 5
41 90 45
41 91 71
41 92 17
41 93 48
41 94 50
41 95 13
41 96 91
41 97 93
41 98 58
41 99 75
41 100 51
41 101 26
41 102 27
41 103 46
41 104 61
41 105 44
41 106 54
41 107 23
41 108 47
41 109 60
41 110 67
41 111 65
41 112 81
41 113 85
41 114 35
41 115 1
41 116 43
41 117 49
41 118 95
41 119 32
42 43 15
42 44 14
42 45 65
42 46 76
42 47 79
42 48 59
42 49 83
42 50 12
42 51 50
42 52 17
42 53 97
42 54 94
42 55 52
42 56 73
42 57 28
42 58 71
42 59 66
42 60 13
42 61 39
42 62 16
42 63 89
42 64 93
42 65 97
42 66 15
42 67 12
42 68 54
42 69 16
42 70 9
42 71 23
42 72 96
42 73 70
42 74 68
42 75 53
42 76 90
42 77 80
42 78 50
42 79 56
42 80 61
42 81 33
42 82 44
42 83 62
42 84 93
42 85 34
42 86 77
42 87 90
42 88 98
42 89 44
42 90 23
42 91 80
42 92 3
42 93 69
42 94 11
42 95 69
42 96 12
42 97 18
42 98 38
42 99 3
42 100 29
42 101 50
42 102 28
42 103 10
42 104 36
42 105 19
42 106 40
42 107 28
42 108 88
42 109 77
42 110 98
42 111 100
42 112 44
42 113 22
42 114 29
42 115 68
42 116 48
42 117 44
42 118 87
42 119 84
43 44 98
43 45 14
43 46 42
43 47 58
43 48 11
43 49 72
43 50 57
43 51 18
43 52 85
43 53 1
43 54 26
43 55 93
43 56 94
43 57 99
43 58 63
43 59 92
43 60 1
43 61 31
43 62 82
43 63 91
43 64 91
43 65 17
43 66 79
43 67 27
43 68 58
43 69 30
43 70 25
43 71 45
43 72 42
43 73 46
43 74 2
43 75 87
43 76 58
43 77 100
43 78 67
43 79 82
43 80 93
43 81 100
43 82 19
43 83 11
43 84 79
43 85 74
43 86 82
43 87 71
43 88 45
43 89 90
43 90 27
43 91 51
43 92 4
43 93 75
43 94 69
43 95 89
43 96 90
43 97 15
43 98 69
43 99 6
43 100 81
43 101 47
43 102 31
43 103 82
43 104 56
43 105 91
43 106 68
43 107 29
43 108 48
43 109 54
43 110 35
43 111 79
43 112 36
43 113 92
43 114 1
43 115 34
43 116 100
43 117 99
43 118 3
43 119 95
44 45 24
44 46 39
44 47 70
44 48 22
44 49 37
44 50 91
44 51 100
44 52 92
44 53 84
44 54 83
44 55 20
44 56 94
44 57 92
44 58 72
44 59 17
44 60 22
44 61 54
44 62 27
44 63 44
44 64 80
44 65 36
44 66 2
44 67 3
44 68 36
44 69 57
44 70 13
44 71 83
44 72 92
44 73 24
44 74 20
44 75 41
44 76 94
44 77 65
44 78 95
44 79 42
44 80 60
44 81 36
44 82 55
44 83 97
44 84 28
44 85 62
44 86 60
44 87 8
44 88 78
44 89 85
44 90 91
44 91 35
44 92 35
44 93 16
44 94 93
44 95 38
44 96 30
44 97 2
44 98 88
44 99 19
44 100 73
44 101 85
44 102 99
44 103 65
44 104 56
44 105 61
44 106 21
44 107 55
44 108 20
44 109 81
44 110 7
44 111 38
44 112 22
44 113 50
44 114 40
44 115 57
44 116 54
44 117 17
44 118 88
44 119 55
45 46 24
45 47 81
45 48 66
45 49 33
45 50 85
45 51 82
45 52 5
45 53 1
45 54 51
45 55 48
45 56 73
45 57 96
45 58 52
45 59 27
45 60 44
45 61 54
45 62 85
45 63 90
45 64 51
45 65 67
45 66 30
45 67 76
45 68 93
45 69 4
45 70 91
45 71 96
45 72 50
45 73 53
45 74 24
45 75 86
45 76 32
45 77 8
45 78 19
45 79 79
45 80 4
45 81 30
45 82 41
45 83 44
45 84 49
45 85 14
45 86 59
45 87 75
45 88 3
45 89 66
45 90 21
45 91 43
45 92 64
45 93 25
45 94 52
45 95 75
45 96 89
45 97 38
45 98 24
45 99 48
45 100 79
45 101 75
45 102 40
45 103 87
45 104 34
45 105 13
45 106 22
45 107 46
45 108 89
45 109 28
45 110 46
45 111 98
45 112 93
45 113 3
45 114 77
45 115 27
45 116 18
45 117 79
45 118 68
45 119 50
46 47 10
46 48 31
46 49 27
46 50 80
46 51 55
46 52 78
46 53 63
46 54 6
46 55 58
46 56 79
46 57 11
46 58 74
46 59 43
46 60 26
46 61 70
46 62 83
46 63 67
46 64 82
46 65 15
46 66 39
46 67 23
46 68 13
46 69 92
46 70 92
46 71 79
46 72 91
46 73 72
46 74 62
46 75 16
46 76 42
46 77 97
46 78 50
46 79 19
46 80 48
46 81 78
46 82 72
46 83 20
46 84 69
46 85 63
46 86 42
46 87 11
46 88 27
46 89 82
46 90 41
46 91 91
46 92 18
46 93 71
46 94 88
46 95 67
46 96 91
46 97 17
46 98 23
46 99 55
46 100 47
46 101 4
46 102 64
46 103 50
46 104 75
46 105 28
46 106 89
46 107 10
46 108 74
46 109 21
46 110 27
46 111 83
46 112 98
46 113 100
46 114 89
46 115 89
46 116 10
46 117 31
46 118 19
46 119 20
47 48 1
47 49 53
47 50 44
47 51 95
47 52 73
47 53 55
47 54 10
47 55 65
47 56 37
47 57 65
47 58 45
47 59 90
47 60 40
47 61 53
47 62 22
47 63 3
47 64 54
47 65 67
47 66 91
47 67 22
47 68 95
47 69 31
47 70 96
47 71 56
47 72 34
47 73 35
47 74 55
47 75 99
47 76 45
47 77 78
47 78 93
47 79 95
47 80 45
47 81 72
47 82 87
47 83 38
47 84 19
47 85 92
47 86 19
47 87 66
47 88 71
47 89 69
47 90 82
47 91 24
47 92 53
47 93 46
47 94 16
47 95 24
47 96 27
47 97 47
47 98 61
47 99 60
47 100 53
47 101 87
47 102 62
47 103 23
47 104 43
47 105 90
47 106 55
47 107 48
47 108 24
47 109 28
47 110 20
47 111 47
47 112 93
47 113 70
47 114 22
47 115 93
47 116 60
47 117 13
47 118 16
47 119 31
48 49 72
48 50 41
48 51 83
48 52 41
48 53 16
48 54 20
48 55 100
48 56 59
48 57 95
48 58 19
48 59 60
48 60 61
48 61 53
48 62 25
48 63 27
48 64 7
48 65 74
48 66 49
48 67 57
48 68 42
48 69 84
48 70 68
48 71 92
48 72 92
48 73 31
48 74 4
48 75 66
48 76 41
48 77 1
48 78 13
48 79 45
48 80 4
48 81 77
48 82 87
48 83 20
48 84 80
48 85 33
48 86 93
48 87 48
48 88 32
48 89 100
48 90 37
48 91 17
48 92 40
48 93 96
48 94 51
48 95 27
48 96 29
48 97 87
48 98 87
48 99 18
48 100 42
48 101 16
48 102 27
48 103 46
48 104 20
48 105 1
48 106 47
48 107 81
48 108 10
48 109 5
48 110 45
48 111 2
48 112 22
48 113 74
48 114 68
48 115 16
48 116 36
48 117 88
48 118 58
48 119 91
49 50 27
49 51 14
49 52 28
49 53 57
49 54 54
49 55 49
49 56 22
49 57 5
49 58 84
49 59 93
49 60 2
49 61 76
49 62 63
49 63 43
49 64 55
49 65 14
49 66 65
49 67 65
49 68 48
49 69 47
49 70 89
49 71 64
49 72 32
49 73 24
49 74 32
49 75 78
49 76 73
49 77 48
49 78 61
49 79 19
49 80 50
49 81 5
49 82 18
49 83 60
49 84 17
49 85 15
49 86 91
49 87 94
49 88 4
49 89 85
49 90 10
49 91 1
49 92 48
49 93 42
49 94 17
49 95 99
49 96 64
49 97 3
49 98 20
49 99 57
49 100 19
49 101 68
49 102 29
49 103 19
49 104 4
49 105 15
49 106 42
49 107 100
49 108 22
49 109 41
49 110 98
49 111 7
49 112 45
49 113 50
49 114 98
49 115 4
49 116 52
49 117 28
49 118 22
49 119 85
50 51 45
50 52 61
50 53 55
50 54 36
50 55 71
50 56 93
50 57 52
50 58 83
50 59 62
50 60 28
50 61 46
50 62 81
50 63 44
50 64 87
50 65 66
50 66 81
50 67 2
50 68 87
50 69 14
50 70 8
50 71 45
50 72 86
50 73 34
50 74 100
50 75 20
50 76 95
50 77 11
50 78 32
50 79 17
50 80 14
50 81 51
50 82 19
50 83 88
50 84 8
50 85 3
50 86 92
50 87 95
50 88 1
50 89 38
50 90 36
50 91 14
50 92 21
50 93 94
50 94 35
50 95 24
50 96 95
50 97 12
50 98 48
50 99 46
50 100 8
50 101 38
50 102 41
50 103 28
50 104 38
50 105 78
50 106 51
50 107 37
50 108 5
50 109 13
50 110 92
50 111 70
50 112 96
50 113 36
50 114 5
50 115 25
50 116 75
50 117 56
50 118 98
50 119 94
51 52 4
51 53 82
51 54 40
51 55 93
51 56 9
51 57 2
51 58 51
51 59 93
51 60 28
51 61 54
51 62 97
51 63 39
51 64 11
51 65 6
51 66 15
51 67 58
51 68 15
51 69 46
51 70 60
51 71 94
51 72 56
51 73 4
51 74 14
51 75 6
51 76 93
51 77 64
51 78 29
51 79 39
51 80 8
51 81 32
51 82 24
51 83 23
51 84 81
51 85 64
51 86 26
51 87 74
51 88 48
51 89 35
51 90 71
51 91 85
51 92 95
51 93 51
51 94 58
51 95 61
51 96 58
51 97 72
51 98 89
51 99 80
51 100 93
51 101 10
51 102 34
51 103 6
51 104 9
51 105 41
51 106 70
51 107 22
51 108 31
51 109 13
51 110 12
51 111 87
51 112 64
51 113 36
51 114 29
51 115 2
51 116 87
51 117 21
51 118 28
51 119 41
52 53 11
52 54 98
52 55 28
52 56 4
52 57 36
52 58 26
52 59 35
52 60 68
52 61 99
52 62 95
52 63 11
52 64 35
52 65 75
52 66 56
52 67 92
52 68 14
52 69 81
52 70 10
52 71 94
52 72 44
52 73 12
52 74 79
52 75 15
52 76 58
52 77 52
52 78 68
52 79 82
52 80 71
52 81 24
52 82 71
52 83 10
52 84 9
52 85 30
52 86 10
52 87 39
52 88 95
52 89 87
52 90 30
52 91 10
52 92 99
52 93 82
52 94 60
52 95 54
52 96 41
52 97 79
52 98 35
52 99 65
52 100 86
52 101 16
52 102 70
52 103 68
52 104 13
52 105 74
52 106 73
52 107 86
52 108 3
52 109 90
52 110 28
52 111 40
52 112 29
52 113 40
52 114 68
52 115 78
52 116 72
52 117 22
52 118 16
52 119 86
53 54 98
53 55 79
53 56 84
53 57 63
53 58 80
53 59 46
53 60 63
53 61 71
53 62 75
53 63 31
53 64 80
53 65 44
53 66 90
53 67 17
53 68 98
53 69 29
53 70 18
53 71 57
53 72 52
53 73 88
53 74 21
53 75 77
53 76 24
53 77 50
53 78 53
53 79 96
53 80 96
53 81 5
53 82 79
53 83 44
53 84 55
53 85 67
53 86 74
53 87 99
53 88 96
53 89 10
53 90 51
53 91 9
53 92 78
53 93 41
53 94 55
53 95 83
53 96 18
53 97 20
53 98 46
53 99 3
53 100 76
53 101 67
53 102 33
53 103 24
53 104 96
53 105 49
53 106 43
53 107 22
53 108 16
53 109 83
53 110 41
53 111 79
53 112 98
53 113 30
53 114 57
53 115 75
53 116 14
53 117 67
53 118 40
53 119 69
54 55 30
54 56 38
54 57 18
54 58 31
54 59 80
54 60 76
54 61 86
54 62 64
54 63 65
54 64 21
54 65 27
54 66 42
54 67 32
54 68 78
54 69 38
54 70 95
54 71 27
54 72 26
54 73 92
54 74 21
54 75 92
54 76 20
54 77 9
54 78 14
54 79 69
54 80 15
54 81 58
54 82 94
54 83 45
54 84 32
54 85 76
54 86 82
54 87 5
54 88 85
54 89 33
54 90 16
54 91 100
54 92 15
54 93 74
54 94 26
54 95 98
54 96 57
54 97 71
54 98 64
54 99 36
54 100 32
54 101 55
54 102 56
54 103 36
54 104 43
54 105 51
54 106 45
54 107 90
54 108 29
54 109 43
54 110 91
54 111 49
54 112 12
54 113 64
54 114 2
54 115 39
54 116 44
54 117 69
54 118 21
54 119 96
55 56 23
55 57 25
55 58 50
55 59 42
55 60 32
55 61 29
55 62 27
55 63 97
55 64 77
55 65 37
55 66 27
55 67 20
55 68 17
55 69 94
55 70 26
55 71 93
55 72 52
55 73 44
55 74 11
55 75 46
55 76 9
55 77 57
55 78 69
55 79 26
55 80 77
55 81 86
55 82 59
55 83 87
55 84 82
55 85 54
55 86 55
55 87 24
55 88 72
55 89 3
55 90 82
55 91 58
55 92 96
55 93 6
55 94 72
55 95 18
55 96 52
55 97 27
55 98 72
55 99 53
55 100 9
55 101 49
55 102 29
55 103 62
55 104 30
55 105 63
55 106 69
55 107 61
55 108 6
55 109 56
55 110 64
55 111 95
55 112 71
55 113 76
55 114 39
55 115 99
55 116 54
55 117 31
55 118 50
55 119 60
56 57 25
56 58 88
56 59 5
56 60 50
56 61 3
56 62 42
56 63 11
56 64 71
56 65 27
56 66 77
56 67 5
56 68 49
56 69 75
56 70 51
56 71 35
56 72 15
56 73 33
56 74 47
56 75 46
56 76 71
56 77 30
56 78 59
56 79 51
56 80 76
56 81 46
56 82 15
56 83 13
56 84 63
56 85 86
56 86 22
56 87 45
56 88 49
56 89 81
56 90 92
56 91 92
56 92 87
56 93 54
56 94 84
56 95 26
56 96 24
56 97 65
56 98 21
56 99 3
56 100 20
56 101 58
56 102 55
56 103 64
56 104 69
56 105 12
56 106 37
56 107 13
56 108 17
56 109 33
56 110 15
56 111 41
56 112 53
56 113 72
56 114 58
56 115 39
56 116 67
56 117 43
56 118 91
56 119 56
57 58 81
57 59 23
57 60 18
57 61 51
57 62 87
57 63 68
57 64 82
57 65 67
57 66 49
57 67 34
57 68 74
57 69 51
57 70 37
57 71 66
57 72 75
57 73 13
57 74 1
57 75 6
57 76 2
57 77 41
57 78 82
57 79 81
57 80 82
57 81 1
57 82 44
57 83 22
57 84 33
57 85 81
57 86 94
57 87 61
57 88 72
57 89 92
57 90 11
57 91 39
57 92 1
57 93 82
57 94 13
57 95 59
57 96 20
57 97 74
57 98 36
57 99 77
57 100 18
57 101 92
57 102 62
57 103 24
57 104 48
57 105 48
57 106 93
57 107 1
57 108 27
57 109 43
57 110 79
57 111 59
57 112 23
57 113 13
57 114 100
57 115 65
57 116 64
57 117 36
57 118 94
57 119 26
58 59 53
58 60 67
58 61 22
58 62 51
58 63 75
58 64 85
58 65 24
58 66 64
58 67 79
58 68 29
58 69 43
58 70 69
58 71 78
58 72 70
58 73 86
58 74 73
58 75 67
58 76 9
58 77 87
58 78 12
58 79 18
58 80 78
58 81 17
58 82 95
58 83 3
58 84 16
58 85 23
58 86 42
58 87 4
58 88 76
58 89 23
58 90 67
58 91 46
58 92 88
58 93 12
58 94 100
58 95 70
58 96 74
58 97 87
58 98 68
58 99 69
58 100 39
58 101 42
58 102 38
58 103 58
58 104 5
58 105 82
58 106 83
58 107 49
58 108 60
58 109 12
58 110 32
58 111 85
58 112 69
58 113 93
58 114 78
58 115 92
58 116 71
58 117 6
58 118 34
58 119 76
59 60 43
59 61 23
59 62 33
59 63 78
59 64 23
59 65 89
59 66 32
59 67 26
59 68 45
59 69 36
59 70 20
59 71 69
59 72 75
59 73 83
59 74 95
59 75 23
59 76 41
59 77 62
59 78 57
59 79 94
59 80 82
59 81 67
59 82 2
59 83 38
59 84 58
59 85 86
59 86 44
59 87 47
59 88 73
59 89 25
59 90 51
59 91 81
59 92 76
59 93 18
59 94 36
59 95 15
59 96 35
59 97 77
59 98 19
59 99 81
59 100 25
59 101 5
59 102 38
59 103 12
59 104 32
59 105 19
59 106 40
59 107 37
59 108 31
59 109 27
59 110 60
59 111 59
59 112 6
59 113 36
59 114 37
59 115 7
59 116 35
59 117 19
59 118 23
59 119 51
60 61 4
60 62 51
60 63 37
60 64 27
60 65 77
60 66 34
60 67 80
60 68 41
60 69 60
60 70 36
60 71 91
60 72 34
60 73 17
60 74 70
60 75 22
60 76 54
60 77 12
60 78 71
60 79 74
60 80 77
60 81 36
60 82 79
60 83 61
60 84 32
60 85 50
60 86 95
60 87 71
60 88 94
60 89 56
60 90 32
60 91 60
60 92 22
60 93 59
60 94 89
60 95 46
60 96 19
60 97 93
60 98 70
60 99 54
60 100 48
60 101 21
60 102 49
60 103 78
60 104 9
60 105 19
60 106 97
60 107 70
60 108 46
60 109 88
60 110 20
60 111 27
60 112 97
60 113 67
60 114 14
60 115 99
60 116 40
60 117 83
60 118 2
60 119 88
61 62 46
61 63 78
61 64 18
61 65 67
61 66 94
61 67 3
61 68 32
61 69 46
61 70 7
61 71 73
61 72 36
61 73 68
61 74 53
61 75 40
61 76 41
61 77 7
61 78 60
61 79 48
61 80 82
61 81 34
61 82 72
61 83 84
61 84 93
61 85 48
61 86 71
61 87 33
61 88 22
61 89 62
61 90 74
61 91 2
61 92 13
61 93 71
61 94 86
61 95 12
61 96 71
61 97 13
61 98 3
61 99 87
61 100 41
61 101 23
61 102 20
61 103 1
61 104 72
61 105 7
61 106 93
61 107 90
61 108 25
61 109 57
61 110 35
61 111 44
61 112 58
61 113 35
61 114 17
61 115 4
61 116 38
61 117 98
61 118 9
61 119 97
62 63 34
62 64 22
62 65 42
62 66 100
62 67 98
62 68 79
62 69 69
62 70 36
62 71 86
62 72 66
62 73 78
62 74 75
62 75 57
62 76 12
62 77 9
62 78 14
62 79 87
62 80 20
62 81 65
62 82 85
62 83 100
62 84 90
62 85 14
62 86 61
62 87 54
62 88 2
62 89 20
62 90 86
62 91 45
62 92 41
62 93 90
62 94 35
62 95 65
62 96 1
62 97 30
62 98 41
62 99 71
62 100 54
62 101 44
62 102 64
62 103 30
62 104 34
62 105 18
62 106 99
62 107 38
62 108 56
62 109 1
62 110 74
62 111 7
62 112 26
62 113 50
62 114 80
62 115 30
62 116 90
62 117 2
62 118 52
62 119 41
63 64 51
63 65 99
63 66 65
63 67 87
63 68 57
63 69 92
63 70 26
63 71 70
63 72 59
63 73 51
63 74 15
63 75 41
63 76 72
63 77 9
63 78 52
63 79 2
63 80 34
63 81 52
63 82 65
63 83 72
63 84 87
63 85 37
63 86 50
63 87 82
63 88 66
63 89 6
63 90 76
63 91 78
63 92 14
63 93 39
63 94 100
63 95 44
63 96 72
63 97 51
63 98 73
63 99 57
63 100 67
63 101 40
63 102 40
63 103 19
63 104 41
63 105 75
63 106 69
63 107 79
63 108 92
63 109 87
63 110 74
63 111 78
63 112 94
63 113 86
63 114 88
63 115 10
63 116 30
63 117 85
63 118 100
63 119 38
64 65 55
64 66 59
64 67 94
64 68 6
64 69 74
64 70 12
64 71 54
64 72 100
64 73 72
64 74 49
64 75 70
64 76 2
64 77 40
64 78 73
64 79 60
64 80 15
64 81 77
64 82 87
64 83 69
64 84 36
64 85 67
64 86 10
64 87 1
64 88 65
64 89 63
64 90 90
64 91 20
64 92 49
64 93 50
64 94 69
64 95 45
64 96 3
64 97 52
64 98 81
64 99 80
64 100 35
64 101 41
64 102 46
64 103 96
64 104 58
64 105 63
64 106 92
64 107 82
64 108 52
64 109 26
64 110 68
64 111 47
64 112 11
64 113 59
64 114 32
64 115 69
64 116 54
64 117 82
64 118 42
64 119 20
65 66 8
65 67 18
65 68 45
65 69 36
65 70 81
65 71 92
65 72 90
65 73 56
65 74 34
65 75 51
65 76 82
65 77 63
65 78 73
65 79 9
65 80 63
65 81 35
65 82 11
65 83 74
65 84 60
65 85 90
65 86 56
65 87 37
65 88 60
65 89 80
65 90 84
65 91 38
65 92 75
65 93 38
65 94 9
65 95 43
65 96 39
65 97 45
65 98 9
65 99 99
65 100 8
65 101 36
65 102 86
65 103 37
65 104 73
65 105 78
65 106 47
65 107 56
65 108 8
65 109 93
65 110 90
65 111 95
65 112 3
65 113 76
65 114 76
65 115 25
65 116 2
65 117 11
65 118 42
65 119 77
66 67 91
66 68 22
66 69 77
66 70 48
66 71 67
66 72 75
66 73 48
66 74 40
66 75 98
66 76 21
66 77 98
66 78 10
66 79 41
66 80 3
66 81 3
66 82 93
66 83 93
66 84 24
66 85 10
66 86 28
66 87 31
66 88 48
66 89 37
66 90 16
66 91 20
66 92 89
66 93 64
66 94 12
66 95 79
66 96 93
66 97 77
66 98 82
66 99 95
66 100 48
66 101 35
66 102 94
66 103 53
66 104 52
66 105 47
66 106 73
66 107 33
66 108 49
66 109 10
66 110 74
66 111 42
66 112 65
66 113 58
66 114 25
66 115 45
66 116 69
66 117 44
66 118 24
66 119 32
67 68 3
67 69 92
67 70 80
67 71 99
67 72 93
67 73 45
67 74 10
67 75 58
67 76 10
67 77 20
67 78 28
67 79 94
67 80 68
67 81 44
67 82 7
67 83 92
67 84 89
67 85 39
67 86 16
67 87 84
67 88 44
67 89 45
67 90 31
67 91 50
67 92 44
67 93 33
67 94 69
67 95 92
67 96 68
67 97 90
67 98 28
67 99 33
67 100 40
67 101 3
67 102 2
67 103 45
67 104 74
67 105 15
67 106 28
67 107 50
67 108 49
67 109 59
67 110 27
67 111 84
67 112 29
67 113 15
67 114 80
67 115 55
67 116 49
67 117 43
67 118 53
67 119 89
68 69 44
68 70 78
68 71 96
68 72 82
68 73 57
68 74 2
68 75 73
68 76 20
68 77 52
68 78 82
68 79 55
68 80 25
68 81 49
68 82 90
68 83 11
68 84 22
68 85 58
68 86 69
68 87 82
68 88 13
68 89 65
68 90 82
68 91 91
68 92 16
68 93 33
68 94 26
68 95 31
68 96 77
68 97 70
68 98 19
68 99 38
68 100 93
68 101 67
68 102 22
68 103 36
68 104 13
68 105 75
68 106 33
68 107 77
68 108 28
68 109 74
68 110 53
68 111 90
68 112 94
68 113 91
68 114 30
68 115 72
68 116 9
68 117 66
68 118 39
68 119 54
69 70 85
69 71 51
69 72 96
69 73 71
69 74 76
69 75 87
69 76 89
69 77 83
69 78 44
69 79 78
69 80 49
69 81 11
69 82 62
69 83 69
69 84 79
69 85 10
69 86 53
69 87 91
69 88 94
69 89 46
69 90 13
69 91 93
69 92 94
69 93 22
69 94 91
69 95 44
69 96 94
69 97 16
69 98 41
69 99 13
69 100 80
69 101 83
69 102 80
69 103 72
69 104 1
69 105 74
69 106 77
69 107 55
69 108 44
69 109 52
69 110 19
69 111 86
69 112 56
69 113 52
69 114 69
69 115 59
69 116 2
69 117 76
69 118 41
69 119 15
70 71 80
70 72 84
70 73 58
70 74 59
70 75 75
70 76 71
70 77 93
70 78 98
70 79 44
70 80 5
70 81 92
70 82 71
70 83 3
70 84 53
70 85 100
70 86 82
70 87 88
70 88 78
70 89 15
70 90 24
70 91 65
70 92 99
70 93 64
70 94 81
70 95 100
70 96 2
70 97 8
70 98 22
70 99 53
70 100 34
70 101 31
70 102 67
70 103 66
70 104 57
70 105 20
70 106 50
70 107 51
70 108 86
70 109 32
70 110 23
70 111 6
70 112 62
70 113 87
70 114 20
70 115 62
70 116 12
70 117 61
70 118 24
70 119 10
71 72 67
71 73 40
71 74 94
71 75 67
71 76 54
71 77 9
71 78 79
71 79 67
71 80 96
71 81 12
71 82 52
71 83 76
71 84 57
71 85 57
71 86 64
71 87 17
71 88 46
71 89 96
71 90 100
71 91 23
71 92 59
71 93 5
71 94 45
71 95 95
71 96 81
71 97 86
71 98 28
71 99 10
71 100 46
71 101 27
71 102 88
71 103 64
71 104 2
71 105 49
71 106 55
71 107 45
71 108 56
71 109 21
71 110 55
71 111 26
71 112 67
71 113 88
71 114 77
71 115 46
71 116 96
71 117 100
71 118 29
71 119 69
72 73 59
72 74 43
72 75 57
72 76 79
72 77 63
72 78 77
72 79 97
72 80 20
72 81 73
72 82 92
72 83 84
72 84 19
72 85 17
72 86 54
72 87 57
72 88 30
72 89 90
72 90 59
72 91 24
72 92 12
72 93 47
72 94 19
72 95 94
72 96 10
72 97 87
72 98 9
72 99 29
72 100 2
72 101 98
72 102 60
72 103 65
72 104 63
72 105 5
72 106 24
72 107 75
72 108 41
72 109 17
72 110 71
72 111 71
72 112 76
72 113 47
72 114 6
72 115 89
72 116 51
72 117 45
72 118 21
72 119 16
73 74 30
73 75 42
73 76 6
73 77 94
73 78 7
73 79 93
73 80 19
73 81 92
73 82 45
73 83 24
73 84 78
73 85 6
73 86 30
73 87 87
73 88 90
73 89 53
73 90 27
73 91 40
73 92 85
73 93 69
73 94 90
73 95 47
73 96 74
73 97 36
73 98 66
73 99 65
73 100 11
73 101 2
73 102 48
73 103 43
73 104 58
73 105 97
73 106 35
73 107 10
73 108 73
73 109 7
73 110 52
73 111 72
73 112 11
73 113 96
73 114 26
73 115 10
73 116 84
73 117 14
73 118 82
73 119 100
74 75 10
74 76 93
74 77 56
74 78 84
74 79 97
74 80 6
74 81 14
74 82 88
74 83 38
74 84 51
74 85 73
74 86 31
74 87 74
74 88 98
74 89 42
74 90 2
74 91 12
74 92 55
74 93 99
74 94 14
74 95 27
74 96 28
74 97 75
74 98 80
74 99 29
74 100 20
74 101 60
74 102 11
74 103 45
74 104 15
74 105 80
74 106 20
74 107 81
74 108 71
74 109 34
74 110 96
74 111 71
74 112 97
74 113 27
74 114 45
74 115 60
74 116 17
74 117 17
74 118 51
74 119 37
75 76 14
75 77 87
75 78 22
75 79 4
75 80 49
75 81 58
75 82 99
75 83 19
75 84 76
75 85 13
75 86 80
75 87 97
75 88 93
75 89 3
75 90 27
75 91 25
75 92 56
75 93 80
75 94 57
75 95 35
75 96 56
75 97 88
75 98 13
75 99 98
75 100 6
75 101 37
75 102 84
75 103 65
75 104 24
75 105 21
75 106 39
75 107 29
75 108 38
75 109 84
75 110 42
75 111 77
75 112 65
75 113 7
75 114 64
75 115 59
75 116 52
75 117 51
75 118 19
75 119 99
76 77 35
76 78 83
76 79 58
76 80 45
76 81 32
76 82 17
76 83 75
76 84 79
76 85 51
76 86 16
76 87 88
76 88 17
76 89 78
76 90 78
76 91 82
76 92 27
76 93 27
76 94 88
76 95 36
76 96 1
76 97 80
76 98 75
76 99 86
76 100 93
76 101 79
76 102 4
76 103 22
76 104 51
76 105 29
76 106 30
76 107 99
76 108 7
76 109 54
76 110 55
76 111 52
76 112 19
76 113 45
76 114 36
76 115 6
76 116 50
76 117 34
76 118 46
76 119 77
77 78 30
77 79 26
77 80 89
77 81 20
77 82 39
77 83 94
77 84 54
77 85 18
77 86 93
77 87 95
77 88 27
77 89 84
77 90 90
77 91 83
77 92 75
77 93 34
77 94 21
77 95 70
77 96 61
77 97 14
77 98 48
77 99 50
77 100 20
77 101 33
77 102 16
77 103 44
77 104 98
77 105 46
77 106 81
77 107 99
77 108 11
77 109 43
77 110 43
77 111 10
77 112 34
77 113 7
77 114 25
77 115 13
77 116 39
77 117 80
77 118 56
77 119 57
78 79 22
78 80 90
78 81 51
78 82 10
78 83 92
78 84 62
78 85 84
78 86 10
78 87 74
78 88 38
78 89 33
78 90 43
78 91 24
78 92 73
78 93 50
78 94 53
78 95 72
78 96 36
78 97 69
78 98 18
78 99 77
78 100 54
78 101 71
78 102 20
78 103 79
78 104 35
78 105 9
78 106 42
78 107 17
78 108 22
78 109 3
78 110 51
78 111 79
78 112 32
78 113 17
78 114 54
78 115 97
78 116 59
78 117 61
78 118 2
78 119 4
79 80 71
79 81 46
79 82 72
79 83 38
79 84 30
79 85 75
79 86 69
79 87 77
79 88 17
79 89 66
79 90 76
79 91 2
79 92 99
79 93 52
79 94 75
79 95 4
79 96 79
79 97 89
79 98 30
79 99 67
79 100 2
79 101 24
79 102 8
79 103 68
79 104 20
79 105 29
79 106 75
79 107 64
79 108 86
79 109 49
79 110 86
79 111 32
79 112 20
79 113 8
79 114 62
79 115 95
79 116 49
79 117 76
79 118 64
79 119 46
80 81 76
80 82 12
80 83 27
80 84 90
80 85 30
80 86 16
80 87 44
80 88 73
80 89 19
80 90 19
80 91 88
80 92 67
80 93 98
80 94 42
80 95 21
80 96 6
80 97 73
80 98 24
80 99 6
80 100 23
80 101 56
80 102 22
80 103 9
80 104 66
80 105 16
80 106 9
80 107 83
80 108 68
80 109 15
80 110 87
80 111 55
80 112 51
80 113 90
80 114 83
80 115 11
80 116 86
80 117 74
80 118 21
80 119 49
81 82 34
81 83 36
81 84 73
81 85 51
81 86 42
81 87 48
81 88 8
81 89 76
81 90 76
81 91 70
81 92 94
81 93 51
81 94 94
81 95 51
81 96 80
81 97 26
81 98 37
81 99 57
81 100 88
81 101 91
81 102 18
81 103 83
81 104 31
81 105 73
81 106 86
81 107 9
81 108 67
81 109 18
81 110 9
81 111 25
81 112 39
81 113 21
81 114 29
81 115 3
81 116 46
81 117 55
81 118 43
81 119 97
82 83 13
82 84 88
82 85 65
82 86 42
82 87 60
82 88 50
82 89 41
82 90 47
82 91 81
82 92 53
82 93 71
82 94 19
82 95 75
82 96 16
82 97 98
82 98 28
82 99 75
82 100 36
82 101 99
82 102 93
82 103 36
82 104 22
82 105 98
82 106 30
82 107 2
82 108 72
82 109 100
82 110 48
82 111 90
82 112 38
82 113 71
82 114 11
82 115 95
82 116 90
82 117 82
82 118 24
82 119 75
83 84 12
83 85 59
83 86 60
83 87 29
83 88 45
83 89 13
83 90 46
83 91 81
83 92 21
83 93 28
83 94 37
83 95 51
83 96 83
83 97 77
83 98 54
83 99 57
83 100 93
83 101 37
83 102 8
83 103 13
83 104 59
83 105 49
83 106 79
83 107 8
83 108 4
83 109 18
83 110 67
83 111 4
83 112 15
83 113 98
83 114 24
83 115 31
83 116 2
83 117 78
83 118 26
83 119 77
84 85 83
84 86 90
84 87 82
84 88 46
84 89 22
84 90 72
84 91 42
84 92 15
84 93 84
84 94 32
84 95 88
84 96 14
84 97 74
84 98 74
84 99 53
84 100 10
84 101 19
84 102 44
84 103 22
84 104 20
84 105 50
84 106 93
84 107 75
84 108 4
84 109 89
84 110 82
84 111 7
84 112 30
84 113 55
84 114 94
84 115 29
84 116 44
84 117 35
84 118 51
84 119 24
85 86 10
85 87 16
85 88 75
85 89 92
85 90 67
85 91 89
85 92 26
85 93 52
85 94 62
85 95 35
85 96 43
85 97 96
85 98 34
85 99 67
85 100 70
85 101 76
85 102 9
85 103 98
85 104 2
85 105 39
85 106 15
85 107 53
85 108 4
85 109 35
85 110 99
85 111 90
85 112 48
85 113 30
85 114 60
85 115 64
85 116 90
85 117 88
85 118 8
85 119 67
86 87 72
86 88 40
86 89 80
86 90 59
86 91 77
86 92 94
86 93 35
86 94 68
86 95 49
86 96 1
86 97 36
86 98 80
86 99 95
86 100 64
86 101 62
86 102 90
86 103 61
86 104 62
86 105 97
86 106 45
86 107 23
86 108 49
86 109 84
86 110 46
86 111 68
86 112 9
86 113 2
86 114 23
86 115 98
86 116 23
86 117 78
86 118 96
86 119 7
87 88 24
87 89 52
87 90 8
87 91 57
87 92 87
87 93 5
87 94 4
87 95 1
87 96 92
87 97 54
87 98 29
87 99 68
87 100 66
87 101 87
87 102 20
87 103 68
87 104 40
87 105 8
87 106 68
87 107 84
87 108 49
87 109 32
87 110 21
87 111 56
87 112 36
87 113 72
87 114 48
87 115 31
87 116 84
87 117 69
87 118 55
87 119 35
88 89 56
88 90 71
88 91 47
88 92 91
88 93 33
88 94 50
88 95 7
88 96 20
88 97 74
88 98 74
88 99 31
88 100 34
88 101 26
88 102 30
88 103 61
88 104 56
88 105 90
88 106 49
88 107 42
88 108 64
88 109 6
88 110 45
88 111 62
88 112 36
88 113 6
88 114 18
88 115 6
88 116 99
88 117 27
88 118 72
88 119 39
89 90 30
89 91 16
89 92 5
89 93 10
89 94 54
89 95 8
89 96 10
89 97 90
89 98 28
89 99 69
89 100 97
89 101 72
89 102 83
89 103 68
89 104 34
89 105 76
89 106 41
89 107 31
89 108 42
89 109 24
89 110 53
89 111 41
89 112 48
89 113 33
89 114 43
89 115 38
89 116 16
89 117 97
89 118 43
89 119 56
90 91 9
90 92 41
90 93 99
90 94 92
90 95 94
90 96 46
90 97 22
90 98 71
90 99 39
90 100 9
90 101 94
90 102 25
90 103 48
90 104 72
90 105 75
90 106 5
90 107 81
90 108 22
90 109 72
90 110 66
90 111 44
90 112 65
90 113 57
90 114 51
90 115 2
90 116 17
90 117 11
90 118 23
90 119 51
91 92 14
91 93 41
91 94 27
91 95 72
91 96 96
91 97 12
91 98 93
91 99 56
91 100 65
91 101 64
91 102 41
91 103 85
91 104 29
91 105 60
91 106 47
91 107 94
91 108 75
91 109 1
91 110 90
91 111 14
91 112 96
91 113 11
91 114 85
91 115 6
91 116 20
91 117 79
91 118 99
91 119 77
92 93 19
92 94 4
92 95 36
92 96 34
92 97 10
92 98 92
92 99 51
92 100 66
92 101 70
92 102 56
92 103 6
92 104 85
92 105 45
92 106 62
92 107 29
92 108 72
92 109 66
92 110 44
92 111 33
92 112 82
92 113 94
92 114 70
92 115 82
92 116 90
92 117 28
92 118 50
92 119 79
93 94 14
93 95 47
93 96 95
93 97 37
93 98 37
93 99 17
93 100 6
93 101 70
93 102 89
93 103 91
93 104 77
93 105 76
93 106 82
93 107 23
93 108 84
93 109 10
93 110 34
93 111 30
93 112 3
93 113 13
93 114 29
93 115 34
93 116 57
93 117 69
93 118 30
93 119 30
94 95 51
94 96 52
94 97 60
94 98 39
94 99 68
94 100 32
94 101 59
94 102 36
94 103 5
94 104 97
94 105 86
94 106 87
94 107 60
94 108 20
94 109 48
94 110 89
94 111 99
94 112 59
94 113 58
94 114 36
94 115 1
94 116 68
94 117 26
94 118 63
94 119 29
95 96 34
95 97 22
95 98 56
95 99 42
95 100 48
95 101 39
95 102 46
95 103 22
95 104 58
95 105 50
95 106 36
95 107 46
95 108 70
95 109 75
95 110 58
95 111 44
95 112 77
95 113 17
95 114 100
95 115 48
95 116 57
95 117 50
95 118 80
95 119 40
96 97 16
96 98 66
96 99 83
96 100 88
96 101 28
96 102 82
96 103 35
96 104 74
96 105 34
96 106 4
96 107 77
96 108 29
96 109 12
96 110 72
96 111 78
96 112 50
96 113 59
96 114 49
96 115 42
96 116 4
96 117 84
96 118 82
96 119 35
97 98 18
97 99 23
97 100 19
97 101 51
97 102 28
97 103 17
97 104 45
97 105 56
97 106 26
97 107 19
97 108 31
97 109 18
97 110 13
97 111 39
97 112 50
97 113 27
97 114 32
97 115 87
97 116 70
97 117 68
97 118 49
97 119 36
98 99 10
98 100 60
98 101 30
98 102 57
98 103 72
98 104 47
98 105 68
98 106 4
98 107 12
98 108 41
98 109 52
98 110 13
98 111 68
98 112 26
98 113 36
98 114 22
98 115 71
98 116 57
98 117 95
98 118 23
98 119 60
99 100 52
99 101 54
99 102 15
99 103 20
99 104 65
99 105 81
99 106 72
99 107 29
99 108 89
99 109 16
99 110 13
99 111 84
99 112 25
99 113 54
99 114 24
99 115 2
99 116 81
99 117 27
99 118 74
99 119 79
100 101 58
100 102 50
100 103 63
100 104 98
100 105 100
100 106 58
100 107 79
100 108 6
100 109 4
100 110 55
100 111 23
100 112 90
100 113 85
100 114 42
100 115 17
100 116 12
100 117 41
100 118 97
100 119 68
101 102 40
101 103 49
101 104 24
101 105 85
101 106 78
101 107 40
101 108 75
101 109 19
101 110 68
101 111 34
101 112 49
101 113 20
101 114 42
101 115 89
101 116 64
101 117 68
101 118 19
101 119 91
102 103 74
102 104 73
102 105 91
102 106 25
102 107 73
102 108 89
102 109 100
102 110 94
102 111 19
102 112 61
102 113 91
102 114 52
102 115 99
102 116 11
102 117 91
102 118 39
102 119 10
103 104 45
103 105 28
103 106 80
103 107 45
103 108 60
103 109 83
103 110 89
103 111 26
103 112 29
103 113 7
103 114 47
103 115 65
103 116 36
103 117 29
103 118 79
103 119 24
104 105 49
104 106 68
104 107 69
104 108 51
104 109 8
104 110 7
104 111 52
104 112 54
104 113 6
104 114 63
104 115 66
104 116 42
104 117 10
104 118 100
104 119 61
105 106 45
105 107 21
105 108 12
105 109 43
105 110 33
105 111 72
105 112 7
105 113 25
105 114 93
105 115 74
105 116 45
105 117 64
105 118 45
105 119 64
106 107 10
106 108 36
106 109 26
106 110 53
106 111 34
106 112 76
106 113 94
106 114 76
106 115 18
106 116 57
106 117 67
106 118 85
106 119 81
107 108 95
107 109 3
107 110 43
107 111 73
107 112 20
107 113 47
107 114 85
107 115 37
107 116 6
107 117 26
107 118 79
107 119 26
108 109 86
108 110 57
108 111 15
108 112 70
108 113 14
108 114 22
108 115 21
108 116 48
108 117 94
108 118 87
108 119 75
109 110 73
109 111 25
109 112 50
109 113 41
109 114 57
109 115 25
109 116 4
109 117 7
109 118 56
109 119 89
110 111 70
110 112 20
110 113 10
110 114 90
110 115 2
110 116 71
110 117 58
110 118 4
110 119 2
111 112 56
111 113 34
111 114 33
111 115 77
111 116 68
111 117 67
111 118 43
111 119 55
112 113 63
112 114 71
112 115 3
112 116 71
112 117 19
112 118 77
112 119 37
113 114 96
113 115 66
113 116 19
113 117 39
113 118 26
113 119 40
114 115 76
114 116 95
114 117 1
114 118 9
114 119 58
115 116 60
115 117 37
115 118 13
115 119 82
116 117 12
116 118 71
116 119 96
117 118 41
117 119 60
118 119 89
