120 7140
0 1 11
0 2 44
0 3 4
0 4 18
0 5 19
0 6 30
0 7 17
0 8 26
0 9 20
0 10 76
0 11 72
0 12 5
0 13 27
0 14 67
0 15 17
0 16 100
0 17 62
0 18 34
0 19 11
0 20 11
0 21 77
0 22 13
0 23 63
0 24 29
0 25 5
0 26 63
0 27 90
0 28 74
0 29 41
0 30 92
0 31 8
0 32 61
0 33 59
0 34 69
0 35 80
0 36 88
0 37 49
0 38 68
0 39 15
0 40 22
0 41 3
0 42 79
0 43 68
0 44 89
0 45 35
0 46 68
0 47 33
0 48 73
0 49 83
0 50 89
0 51 48
0 52 12
0 53 73
0 54 24
0 55 85
0 56 84
0 57 43
0 58 29
0 59 83
0 60 45
0 61 51
0 62 90
0 63 26
0 64 73
0 65 100
0 66 85
0 67 96
0 68 22
0 69 28
0 70 35
0 71 57
0 72 83
0 73 2
0 74 85
0 75 55
0 76 56
0 77 81
0 78 14
0 79 53
0 80 55
0 81 69
0 82 9
0 83 50
0 84 53
0 85 55
0 86 75
0 87 67
0 88 97
0 89 42
0 90 48
0 91 87
0 92 47
0 93 43
0 94 72
0 95 49
0 96 71
0 97 58
0 98 15
0 99 64
0 100 13
0 101 65
0 102 42
0 103 94
0 104 75
0 105 88
0 106 32
0 107 9
0 108 81
0 109 66
0 110 79
0 111 33
0 112 64
0 113 26
0 114 78
0 115 72
0 116 63
0 117 97
0 118 83
0 119 17
1 2 96
1 3 51
1 4 72
1 5 60
1 6 65
1 7 25
1 8 30
1 9 35
1 10 45
1 11 83
1 12 99
1 13 91
1 14 25
1 15 73
1 16 4
1 17 50
1 18 34
1 19 34
1 20 5
1 21 85
1 22 92
1 23 92
1 24 11
1 25 28
1 26 80
1 27 69
1 28 78
1 29 25
1 30 61
1 31 40
1 32 79
1 33 5
1 34 32
1 35 31
1 36 35
1 37 44
1 38 1
1 39 91
1 40 5
1 41 96
1 42 53
1 43 45
1 44 11
1 45 74
1 46 42
1 47 4
1 48 33
1 49 35
1 50 8
1 51 78
1 52 95
1 53 72
1 54 5
1 55 20
1 56 68
1 57 95
1 58 85
1 59 35
1 60 15
1 61 26
1 62 64
1 63 100
1 64 68
1 65 9
1 66 84
1 67 46
1 68 29
1 69 26
1 70 48
1 71 37
1 72 15
1 73 38
1 74 96
1 75 7
1 76 60
1 77 98
1 78 49
1 79 22
1 80 30
1 81 65
1 82 41
1 83 89
1 84 7
1 85 3
1 86 31
1 87 84
1 88 5
1 89 67
1 90 12
1 91 93
1 92 77
1 93 48
1 94 66
1 95 25
1 96 26
1 97 83
1 98 57
1 99 56
1 100 73
1 101 7
1 102 25
1 103 80
1 104 36
1 105 33
1 106 40
1 107 2
1 108 26
1 109 6
1 110 87
1 111 22
1 112 81
1 113 75
1 114 71
1 115 25
1 116 93
1 117 86
1 118 94
1 119 5
2 3 60
2 4 90
2 5 31
2 6 14
2 7 40
2 8 82
2 9 42
2 10 7
2 11 88
2 12 79
2 13 14
2 14 84
2 15 68
2 16 31
2 17 66
2 18 85
2 19 56
2 20 46
2 21 32
2 22 71
2 23 67
2 24 87
2 25 27
2 26 89
2 27 87
2 28 37
2 29 20
2 30 23
2 31 30
2 32 27
2 33 58
2 34 64
2 35 19
2 36 89
2 37 55
2 38 45
2 39 27
2 40 50
2 41 83
2 42 95
2 43 75
2 44 27
2 45 72
2 46 19
2 47 3
2 48 27
2 49 12
2 50 93
2 51 64
2 52 39
2 53 96
2 54 29
2 55 74
2 56 88
2 57 58
2 58 25
2 59 59
2 60 65
2 61 68
2 62 8
2 63 43
2 64 62
2 65 89
2 66 76
2 67 40
2 68 30
2 69 32
2 70 57
2 71 65
2 72 92
2 73 85
2 74 94
2 75 93
2 76 89
2 77 25
2 78 99
2 79 55
2 80 1
2 81 22
2 82 67
2 83 43
2 84 38
2 85 59
2 86 60
2 87 83
2 88 11
2 89 35
2 90 53
2 91 50
2 92 49
2 93 8
2 94 60
2 95 26
2 96 36
2 97 81
2 98 13
2 99 49
2 100 50
2 101 49
2 102 38
2 103 75
2 104 45
2 105 83
2 106 27
2 107 71
2 108 37
2 109 11
2 110 81
2 111 72
2 112 25
2 113 17
2 114 77
2 115 98
2 116 17
2 117 84
2 118 64
2 119 55
3 4 26
3 5 86
3 6 70
3 7 1
3 8 19
3 9 36
3 10 61
3 11 45
3 12 69
3 13 85
3 14 64
3 15 28
3 16 1
3 17 41
3 18 74
3 19 1
3 20 62
3 21 61
3 22 4
3 23 86
3 24 88
3 25 12
3 26 46
3 27 91
3 28 9
3 29 49
3 30 19
3 31 67
3 32 97
3 33 24
3 34 81
3 35 12
3 36 48
3 37 66
3 38 71
3 39 61
3 40 30
3 41 1
3 42 64
3 43 54
3 44 42
3 45 13
3 46 50
3 47 58
3 48 33
3 49 30
3 50 88
3 51 48
3 52 54
3 53 66
3 54 8
3 55 47
3 56 23
3 57 89
3 58 50
3 59 3
3 60 98
3 61 79
3 62 1
3 63 89
3 64 10
3 65 55
3 66 86
3 67 39
3 68 63
3 69 68
3 70 51
3 71 97
3 72 69
3 73 83
3 74 66
3 75 54
3 76 71
3 77 88
3 78 5
3 79 35
3 80 23
3 81 82
3 82 25
3 83 62
3 84 29
3 85 15
3 86 47
3 87 67
3 88 97
3 89 43
3 90 47
3 91 89
3 92 89
3 93 75
3 94 22
3 95 100
3 96 78
3 97 10
3 98 5
3 99 64
3 100 54
3 101 39
3 102 24
3 103 63
3 104 55
3 105 67
3 106 76
3 107 60
3 108 14
3 109 20
3 110 53
3 111 34
3 112 53
3 113 51
3 114 55
3 115 32
3 116 21
3 117 31
3 118 79
3 119 80
4 5 10
4 6 70
4 7 58
4 8 36
4 9 93
4 10 58
4 11 11
4 12 63
4 13 22
4 14 18
4 15 79
4 16 74
4 17 31
4 18 93
4 19 81
4 20 41
4 21 93
4 22 41
4 23 57
4 24 8
4 25 78
4 26 15
4 27 40
4 28 34
4 29 37
4 30 15
4 31 35
4 32 93
4 33 1
4 34 31
4 35 77
4 36 15
4 37 43
4 38 73
4 39 35
4 40 19
4 41 23
4 42 93
4 43 8
4 44 5
4 45 77
4 46 37
4 47 56
4 48 74
4 49 83
4 50 48
4 51 36
4 52 86
4 53 95
4 54 7
4 55 2
4 56 55
4 57 60
4 58 78
4 59 52
4 60 100
4 61 12
4 62 13
4 63 78
4 64 73
4 65 21
4 66 85
4 67 72
4 68 31
4 69 35
4 70 8
4 71 19
4 72 17
4 73 42
4 74 15
4 75 61
4 76 48
4 77 18
4 78 33
4 79 53
4 80 62
4 81 5
4 82 28
4 83 76
4 84 40
4 85 14
4 86 18
4 87 83
4 88 41
4 89 18
4 90 11
4 91 49
4 92 39
4 93 78
4 94 64
4 95 5
4 96 11
4 97 97
4 98 32
4 99 97
4 100 35
4 101 52
4 102 37
4 103 14
4 104 29
4 105 77
4 106 85
4 107 61
4 108 45
4 109 75
4 110 24
4 111 83
4 112 81
4 113 35
4 114 83
4 115 84
4 116 36
4 117 53
4 118 7
4 119 81
5 6 36
5 7 14
5 8 95
5 9 17
5 10 9
5 11 57
5 12 26
5 13 96
5 14 49
5 15 93
5 16 53
5 17 87
5 18 51
5 19 44
5 20 68
5 21 10
5 22 47
5 23 3
5 24 9
5 25 51
5 26 34
5 27 19
5 28 75
5 29 39
5 30 78
5 31 56
5 32 36
5 33 53
5 34 95
5 35 67
5 36 53
5 37 80
5 38 71
5 39 89
5 40 92
5 41 29
5 42 13
5 43 88
5 44 40
5 45 59
5 46 48
5 47 16
5 48 94
5 49 79
5 50 39
5 51 77
5 52 53
5 53 22
5 54 8
5 55 7
5 56 64
5 57 76
5 58 96
5 59 36
5 60 15
5 61 12
5 62 83
5 63 13
5 64 75
5 65 14
5 66 73
5 67 21
5 68 3
5 69 36
5 70 35
5 71 8
5 72 27
5 73 87
5 74 98
5 75 16
5 76 14
5 77 56
5 78 41
5 79 52
5 80 85
5 81 37
5 82 91
5 83 99
5 84 49
5 85 62
5 86 83
5 87 70
5 88 64
5 89 16
5 90 16
5 91 18
5 92 27
5 93 62
5 94 98
5 95 1
5 96 54
5 97 92
5 98 57
5 99 20
5 100 48
5 101 41
5 102 70
5 103 90
5 104 94
5 105 67
5 106 91
5 107 35
5 108 18
5 109 100
5 110 94
5 111 89
5 112 12
5 113 41
5 114 68
5 115 77
5 116 42
5 117 65
5 118 91
5 119 16
6 7 42
6 8 50
6 9 33
6 10 67
6 11 30
6 12 82
6 13 19
6 14 73
6 15 67
6 16 50
6 17 19
6 18 59
6 19 15
6 20 53
6 21 63
6 22 22
6 23 47
6 24 99
6 25 16
6 26 15
6 27 25
6 28 65
6 29 87
6 30 75
6 31 2
6 32 20
6 33 33
6 34 46
6 35 48
6 36 29
6 37 29
6 38 18
6 39 43
6 40 60
6 41 10
6 42 44
6 43 19
6 44 92
6 45 55
6 46 2
6 47 52
6 48 98
6 49 87
6 50 78
6 51 29
6 52 52
6 53 5
6 54 60
6 55 88
6 56 6
6 57 55
6 58 13
6 59 81
6 60 85
6 61 58
6 62 73
6 63 28
6 64 45
6 65 67
6 66 21
6 67 42
6 68 89
6 69 32
6 70 35
6 71 20
6 72 28
6 73 46
6 74 34
6 75 34
6 76 67
6 77 1
6 78 73
6 79 75
6 80 16
6 81 98
6 82 82
6 83 36
6 84 50
6 85 32
6 86 92
6 87 28
6 88 9
6 89 16
6 90 77
6 91 6
6 92 8
6 93 70
6 94 17
6 95 35
6 96 79
6 97 28
6 98 94
6 99 61
6 100 72
6 101 25
6 102 91
6 103 97
6 104 1
6 105 17
6 106 22
6 107 57
6 108 12
6 109 27
6 110 93
6 111 65
6 112 8
6 113 49
6 114 55
6 115 97
6 116 91
6 117 74
6 118 16
6 119 2
7 8 66
7 9 17
7 10 7
7 11 48
7 12 46
7 13 84
7 14 66
7 15 3
7 16 13
7 17 35
7 18 44
7 19 87
7 20 53
7 21 5
7 22 17
7 23 87
7 24 57
7 25 75
7 26 89
7 27 49
7 28 72
7 29 24
7 30 17
7 31 22
7 32 4
7 33 57
7 34 89
7 35 50
7 36 21
7 37 76
7 38 33
7 39 1
7 40 57
7 41 96
7 42 99
7 43 80
7 44 99
7 45 77
7 46 75
7 47 27
7 48 21
7 49 33
7 50 2
7 51 41
7 52 6
7 53 16
7 54 20
7 55 83
7 56 62
7 57 89
7 58 52
7 59 14
7 60 64
7 61 6
7 62 34
7 63 96
7 64 63
7 65 48
7 66 42
7 67 79
7 68 43
7 69 24
7 70 23
7 71 83
7 72 9
7 73 4
7 74 81
7 75 57
7 76 91
7 77 99
7 78 20
7 79 47
7 80 90
7 81 99
7 82 82
7 83 42
7 84 24
7 85 48
7 86 59
7 87 98
7 88 6
7 89 20
7 90 99
7 91 98
7 92 61
7 93 96
7 94 9
7 95 38
7 96 86
7 97 23
7 98 79
7 99 2
7 100 6
7 101 37
7 102 98
7 103 29
7 104 13
7 105 94
7 106 87
7 107 23
7 108 95
7 109 36
7 110 45
7 111 49
7 112 79
7 113 20
7 114 41
7 115 46
7 116 97
7 117 83
7 118 80
7 119 87
8 9 53
8 10 22
8 11 63
8 12 12
8 13 7
8 14 8
8 15 44
8 16 18
8 17 85
8 18 30
8 19 76
8 20 37
8 21 20
8 22 83
8 23 8
8 24 23
8 25 82
8 26 94
8 27 2
8 28 16
8 29 35
8 30 62
8 31 59
8 32 35
8 33 80
8 34 23
8 35 64
8 36 23
8 37 58
8 38 9
8 39 15
8 40 48
8 41 56
8 42 30
8 43 91
8 44 100
8 45 1
8 46 18
8 47 28
8 48 12
8 49 10
8 50 47
8 51 36
8 52 49
8 53 97
8 54 86
8 55 99
8 56 89
8 57 50
8 58 48
8 59 37
8 60 43
8 61 65
8 62 58
8 63 12
8 64 85
8 65 73
8 66 76
8 67 44
8 68 31
8 69 25
8 70 94
8 71 94
8 72 32
8 73 47
8 74 47
8 75 94
8 76 44
8 77 65
8 78 42
8 79 48
8 80 39
8 81 10
8 82 65
8 83 82
8 84 5
8 85 75
8 86 5
8 87 58
8 88 72
8 89 25
8 90 46
8 91 2
8 92 88
8 93 80
8 94 59
8 95 60
8 96 75
8 97 67
8 98 86
8 99 57
8 100 6
8 101 90
8 102 89
8 103 20
8 104 42
8 105 64
8 106 2
8 107 11
8 108 37
8 109 2
8 110 28
8 111 97
8 112 49
8 113 50
8 114 72
8 115 75
8 116 67
8 117 33
8 118 35
8 119 47
9 10 97
9 11 71
9 12 44
9 13 31
9 14 71
9 15 96
9 16 84
9 17 80
9 18 74
9 19 85
9 20 77
9 21 89
9 22 51
9 23 30
9 24 21
9 25 22
9 26 90
9 27 41
9 28 95
9 29 60
9 30 22
9 31 40
9 32 17
9 33 32
9 34 60
9 35 40
9 36 43
9 37 27
9 38 12
9 39 64
9 40 67
9 41 45
9 42 34
9 43 99
9 44 30
9 45 2
9 46 90
9 47 56
9 48 56
9 49 9
9 50 66
9 51 1
9 52 26
9 53 74
9 54 89
9 55 84
9 56 21
9 57 96
9 58 24
9 59 75
9 60 42
9 61 88
9 62 16
9 63 8
9 64 78
9 65 94
9 66 77
9 67 75
9 68 47
9 69 39
9 70 19
9 71 58
9 72 94
9 73 58
9 74 65
9 75 7
9 76 35
9 77 72
9 78 61
9 79 74
9 80 15
9 81 95
9 82 21
9 83 51
9 84 19
9 85 72
9 86 42
9 87 45
9 88 71
9 89 63
9 90 62
9 91 59
9 92 36
9 93 28
9 94 2
9 95 65
9 96 60
9 97 97
9 98 53
9 99 13
9 100 98
9 101 19
9 102 73
9 103 90
9 104 39
9 105 66
9 106 2
9 107 64
9 108 27
9 109 46
9 110 66
9 111 86
9 112 22
9 113 51
9 114 75
9 115 41
9 116 18
9 117 4
9 118 65
9 119 56
10 11 74
10 12 93
10 13 35
10 14 19
10 15 43
10 16 93
10 17 47
10 18 81
10 19 10
10 20 42
10 21 87
10 22 96
10 23 23
10 24 76
10 25 59
10 26 81
10 27 77
10 28 29
10 29 59
10 30 93
10 31 92
10 32 90
10 33 89
10 34 99
10 35 18
10 36 67
10 37 55
10 38 67
10 39 98
10 40 26
10 41 81
10 42 20
10 43 41
10 44 18
10 45 98
10 46 66
10 47 16
10 48 79
10 49 46
10 50 95
10 51 11
10 52 100
10 53 16
10 54 13
10 55 85
10 56 8
10 57 74
10 58 91
10 59 49
10 60 98
10 61 93
10 62 42
10 63 43
10 64 30
10 65 10
10 66 89
10 67 20
10 68 66
10 69 40
10 70 30
10 71 78
10 72 77
10 73 21
10 74 73
10 75 100
10 76 12
10 77 50
10 78 61
10 79 24
10 80 67
10 81 35
10 82 17
10 83 37
10 84 81
10 85 6
10 86 87
10 87 20
10 88 74
10 89 7
10 90 53
10 91 5
10 92 16
10 93 44
10 94 17
10 95 22
10 96 58
10 97 97
10 98 49
10 99 99
10 100 62
10 101 36
10 102 99
10 103 54
10 104 92
10 105 45
10 106 99
10 107 11
10 108 52
10 109 32
10 110 84
10 111 63
10 112 30
10 113 74
10 114 4
10 115 43
10 116 44
10 117 11
10 118 63
10 119 61
11 12 41
11 13 52
11 14 19
11 15 13
11 16 57
11 17 35
11 18 97
11 19 52
11 20 73
11 21 96
11 22 10
11 23 63
11 24 98
11 25 95
11 26 27
11 27 58
11 28 20
11 29 19
11 30 76
11 31 67
11 32 24
11 33 20
11 34 86
11 35 65
11 36 18
11 37 14
11 38 33
11 39 42
11 40 5
11 41 12
11 42 42
11 43 50
11 44 38
11 45 78
11 46 13
11 47 22
11 48 24
11 49 90
11 50 34
11 51 27
11 52 75
11 53 72
11 54 70
11 55 89
11 56 67
11 57 50
11 58 51
11 59 90
11 60 92
11 61 32
11 62 31
11 63 37
11 64 61
11 65 58
11 66 84
11 67 51
11 68 94
11 69 33
11 70 46
11 71 64
11 72 79
11 73 77
11 74 27
11 75 50
11 76 16
11 77 21
11 78 5
11 79 48
11 80 89
11 81 100
11 82 66
11 83 80
11 84 12
11 85 28
11 86 44
11 87 61
11 88 37
11 89 60
11 90 68
11 91 58
11 92 9
11 93 57
11 94 80
11 95 80
11 96 92
11 97 78
11 98 60
11 99 43
11 100 46
11 101 36
11 102 37
11 103 6
11 104 31
11 105 4
11 106 65
11 107 83
11 108 72
11 109 35
11 110 45
11 111 56
11 112 13
11 113 27
11 114 41
11 115 63
11 116 76
11 117 78
11 118 77
11 119 89
12 13 15
12 14 32
12 15 81
12 16 55
12 17 98
12 18 66
12 19 23
12 20 17
12 21 88
12 22 34
12 23 18
12 24 65
12 25 19
12 26 43
12 27 75
12 28 22
12 29 4
12 30 43
12 31 71
12 32 76
12 33 89
12 34 6
12 35 45
12 36 51
12 37 11
12 38 97
12 39 32
12 40 27
12 41 89
12 42 79
12 43 23
12 44 3
12 45 15
12 46 43
12 47 39
12 48 100
12 49 16
12 50 25
12 51 89
12 52 86
12 53 16
12 54 12
12 55 91
12 56 72
12 57 65
12 58 33
12 59 59
12 60 63
12 61 61
12 62 67
12 63 54
12 64 72
12 65 62
12 66 95
12 67 76
12 68 85
12 69 62
12 70 22
12 71 96
12 72 24
12 73 27
12 74 84
12 75 17
12 76 57
12 77 70
12 78 22
12 79 31
12 80 15
12 81 22
12 82 35
12 83 31
12 84 64
12 85 90
12 86 57
12 87 30
12 88 90
12 89 7
12 90 43
12 91 14
12 92 5
12 93 12
12 94 31
12 95 71
12 96 20
12 97 72
12 98 19
12 99 55
12 100 3
12 101 79
12 102 100
12 103 32
12 104 33
12 105 30
12 106 50
12 107 92
12 108 14
12 109 63
12 110 44
12 111 94
12 112 58
12 113 36
12 114 29
12 115 30
12 116 36
12 117 55
12 118 26
12 119 48
13 14 88
13 15 54
13 16 95
13 17 65
13 18 63
13 19 41
13 20 88
13 21 30
13 22 17
13 23 1
13 24 10
13 25 19
13 26 66
13 27 5
13 28 51
13 29 12
13 30 67
13 31 69
13 32 65
13 33 52
13 34 94
13 35 17
13 36 89
13 37 61
13 38 26
13 39 11
13 40 29
13 41 61
13 42 55
13 43 77
13 44 91
13 45 31
13 46 85
13 47 2
13 48 32
13 49 3
13 50 63
13 51 41
13 52 77
13 53 69
13 54 89
13 55 79
13 56 30
13 57 100
13 58 60
13 59 15
13 60 77
13 61 8
13 62 13
13 63 11
13 64 67
13 65 31
13 66 28
13 67 59
13 68 55
13 69 14
13 70 29
13 71 44
13 72 24
13 73 77
13 74 64
13 75 45
13 76 21
13 77 75
13 78 43
13 79 70
13 80 24
13 81 82
13 82 31
13 83 87
13 84 22
13 85 64
13 86 4
13 87 37
13 88 59
13 89 69
13 90 85
13 91 60
13 92 44
13 93 14
13 94 69
13 95 18
13 96 50
13 97 65
13 98 18
13 99 66
13 100 44
13 101 57
13 102 59
13 103 93
13 104 40
13 105 11
13 106 99
13 107 61
13 108 54
13 109 44
13 110 22
13 111 34
13 112 52
13 113 9
13 114 84
13 115 10
13 116 24
13 117 3
13 118 31
13 119 36
14 15 5
14 16 23
14 17 40
14 18 16
14 19 48
14 20 2
14 21 81
14 22 28
14 23 16
14 24 46
14 25 86
14 26 87
14 27 81
14 28 58
14 29 97
14 30 34
14 31 73
14 32 90
14 33 38
14 34 23
14 35 19
14 36 75
14 37 33
14 38 85
14 39 53
14 40 25
14 41 47
14 42 66
14 43 75
14 44 75
14 45 11
14 46 92
14 47 77
14 48 90
14 49 88
14 50 58
14 51 12
14 52 84
14 53 83
14 54 16
14 55 80
14 56 48
14 57 85
14 58 21
14 59 61
14 60 68
14 61 1
14 62 5
14 63 91
14 64 34
14 65 17
14 66 12
14 67 87
14 68 15
14 69 36
14 70 94
14 71 75
14 72 77
14 73 21
14 74 30
14 75 62
14 76 60
14 77 36
14 78 96
14 79 76
14 80 60
14 81 57
14 82 55
14 83 50
14 84 21
14 85 3
14 86 48
14 87 89
14 88 94
14 89 19
14 90 23
14 91 57
14 92 42
14 93 39
14 94 78
14 95 11
14 96 47
14 97 18
14 98 31
14 99 33
14 100 45
14 101 87
14 102 77
14 103 73
14 104 69
14 105 45
14 106 64
14 107 2
14 108 22
14 109 33
14 110 98
14 111 10
14 112 92
14 113 90
14 114 67
14 115 29
14 116 45
14 117 1
14 118 40
14 119 100
15 16 54
15 17 8
15 18 37
15 19 79
15 20 74
15 21 76
15 22 99
15 23 59
15 24 10
15 25 24
15 26 55
15 27 12
15 28 79
15 29 87
15 30 26
15 31 16
15 32 97
15 33 38
15 34 63
15 35 92
15 36 71
15 37 100
15 38 77
15 39 62
15 40 66
15 41 8
15 42 4
15 43 79
15 44 1
15 45 53
15 46 43
15 47 54
15 48 40
15 49 52
15 50 56
15 51 87
15 52 51
15 53 76
15 54 55
15 55 80
15 56 8
15 57 36
15 58 55
15 59 35
15 60 19
15 61 96
15 62 69
15 63 26
15 64 76
15 65 51
15 66 60
15 67 47
15 68 65
15 69 67
15 70 43
15 71 78
15 72 67
15 73 96
15 74 61
15 75 24
15 76 4
15 77 87
15 78 65
15 79 92
15 80 47
15 81 30
15 82 73
15 83 3
15 84 63
15 85 2
15 86 72
15 87 89
15 88 29
15 89 100
15 90 95
15 91 17
15 92 65
15 93 95
15 94 92
15 95 91
15 96 31
15 97 48
15 98 50
15 99 79
15 100 3
15 101 100
15 102 100
15 103 74
15 104 21
15 105 2
15 106 95
15 107 69
15 108 12
15 109 64
15 110 99
15 111 59
15 112 87
15 113 33
15 114 25
15 115 41
15 116 11
15 117 52
15 118 70
15 119 81
16 17 92
16 18 4
16 19 96
16 20 55
16 21 90
16 22 97
16 23 85
16 24 39
16 25 29
16 26 57
16 27 29
16 28 87
16 29 48
16 30 44
16 31 42
16 32 53
16 33 52
16 34 63
16 35 9
16 36 4
16 37 16
16 38 38
16 39 81
16 40 48
16 41 16
16 42 63
16 43 72
16 44 36
16 45 60
16 46 87
16 47 52
16 48 51
16 49 14
16 50 12
16 51 57
16 52 4
16 53 2
16 54 42
16 55 59
16 56 43
16 57 77
16 58 73
16 59 63
16 60 43
16 61 69
16 62 9
16 63 34
16 64 57
16 65 61
16 66 47
16 67 89
16 68 6
16 69 65
16 70 73
16 71 12
16 72 91
16 73 14
16 74 32
16 75 69
16 76 11
16 77 92
16 78 53
16 79 44
16 80 41
16 81 10
16 82 77
16 83 55
16 84 17
16 85 69
16 86 94
16 87 28
16 88 47
16 89 60
16 90 73
16 91 7
16 92 49
16 93 81
16 94 11
16 95 76
16 96 64
16 97 50
16 98 90
16 99 77
16 100 30
16 101 86
16 102 77
16 103 49
16 104 14
16 105 78
16 106 95
16 107 36
16 108 65
16 109 79
16 110 24
16 111 13
16 112 23
16 113 21
16 114 27
16 115 65
16 116 29
16 117 55
16 118 86
16 119 6
17 18 53
17 19 92
17 20 3
17 21 56
17 22 6
17 23 31
17 24 54
17 25 71
17 26 33
17 27 59
17 28 66
17 29 68
17 30 56
17 31 89
17 32 81
17 33 69
17 34 2
17 35 62
17 36 70
17 37 20
17 38 91
17 39 64
17 40 6
17 41 64
17 42 6
17 43 36
17 44 27
17 45 23
17 46 19
17 47 96
17 48 53
17 49 66
17 50 15
17 51 24
17 52 77
17 53 27
17 54 78
17 55 66
17 56 42
17 57 20
17 58 80
17 59 87
17 60 99
17 61 9
17 62 15
17 63 99
17 64 31
17 65 56
17 66 73
17 67 47
17 68 28
17 69 56
17 70 67
17 71 57
17 72 16
17 73 48
17 74 72
17 75 12
17 76 44
17 77 37
17 78 81
17 79 93
17 80 21
17 81 75
17 82 34
17 83 30
17 84 56
17 85 12
17 86 32
17 87 54
17 88 19
17 89 76
17 90 77
17 91 34
17 92 85
17 93 86
17 94 25
17 95 30
17 96 13
17 97 37
17 98 32
17 99 64
17 100 44
17 101 40
17 102 67
17 103 72
17 104 76
17 105 100
17 106 98
17 107 74
17 108 89
17 109 85
17 110 15
17 111 13
17 112 100
17 113 77
17 114 63
17 115 91
17 116 15
17 117 14
17 118 15
17 119 98
18 19 88
18 20 62
18 21 28
18 22 34
18 23 74
18 24 3
18 25 43
18 26 22
18 27 96
18 28 1
18 29 20
18 30 14
18 31 72
18 32 20
18 33 78
18 34 38
18 35 37
18 36 60
18 37 48
18 38 7
18 39 29
18 40 87
18 41 7
18 42 53
18 43 19
18 44 44
18 45 20
18 46 13
18 47 30
18 48 95
18 49 64
18 50 51
18 51 43
18 52 98
18 53 85
18 54 60
18 55 50
18 56 41
18 57 36
18 58 16
18 59 86
18 60 96
18 61 35
18 62 84
18 63 72
18 64 26
18 65 20
18 66 18
18 67 27
18 68 8
18 69 33
18 70 47
18 71 6
18 72 97
18 73 16
18 74 34
18 75 81
18 76 84
18 77 29
18 78 100
18 79 25
18 80 52
18 81 41
18 82 17
18 83 26
18 84 55
18 85 73
18 86 17
18 87 20
18 88 55
18 89 36
18 90 28
18 91 82
18 92 93
18 93 22
18 94 73
18 95 22
18 96 82
18 97 79
18 98 71
18 99 46
18 100 81
18 101 1
18 102 4
18 103 83
18 104 61
18 105 51
18 106 39
18 107 94
18 108 22
18 109 90
18 110 22
18 111 57
18 112 74
18 113 18
18 114 58
18 115 30
18 116 46
18 117 34
18 118 87
18 119 46
19 20 18
19 21 34
19 22 68
19 23 31
19 24 50
19 25 63
19 26 95
19 27 87
19 28 37
19 29 53
19 30 98
19 31 26
19 32 60
19 33 44
19 34 48
19 35 31
19 36 69
19 37 19
19 38 45
19 39 46
19 40 47
19 41 39
19 42 94
19 43 4
19 44 32
19 45 76
19 46 51
19 47 33
19 48 47
19 49 50
19 50 59
19 51 4
19 52 34
19 53 100
19 54 85
19 55 91
19 56 28
19 57 64
19 58 61
19 59 62
19 60 63
19 61 14
19 62 87
19 63 12
19 64 5
19 65 91
19 66 52
19 67 34
19 68 3
19 69 54
19 70 25
19 71 36
19 72 52
19 73 87
19 74 74
19 75 4
19 76 41
19 77 18
19 78 62
19 79 98
19 80 54
19 81 45
19 82 47
19 83 9
19 84 22
19 85 63
19 86 64
19 87 70
19 88 97
19 89 23
19 90 14
19 91 87
19 92 48
19 93 95
19 94 40
19 95 97
19 96 45
19 97 94
19 98 62
19 99 94
19 100 52
19 101 43
19 102 84
19 103 18
19 104 100
19 105 52
19 106 75
19 107 64
19 108 63
19 109 13
19 110 64
19 111 33
19 112 97
19 113 100
19 114 89
19 115 77
19 116 100
19 117 85
19 118 77
19 119 24
20 21 82
20 22 45
20 23 50
20 24 80
20 25 20
20 26 4
20 27 92
20 28 32
20 29 14
20 30 20
20 31 3
20 32 30
20 33 79
20 34 27
20 35 72
20 36 74
20 37 48
20 38 89
20 39 10
20 40 2
20 41 69
20 42 11
20 43 75
20 44 14
20 45 40
20 46 68
20 47 35
20 48 94
20 49 45
20 50 59
20 51 12
20 52 81
20 53 95
20 54 51
20 55 11
20 56 16
20 57 4
20 58 60
20 59 40
20 60 13
20 61 70
20 62 99
20 63 73
20 64 36
20 65 45
20 66 25
20 67 98
20 68 8
20 69 87
20 70 14
20 71 70
20 72 64
20 73 94
20 74 89
20 75 89
20 76 97
20 77 20
20 78 23
20 79 97
20 80 32
20 81 57
20 82 94
20 83 36
20 84 92
20 85 1
20 86 62
20 87 23
20 88 99
20 89 73
20 90 79
20 91 96
20 92 48
20 93 51
20 94 12
20 95 29
20 96 47
20 97 4
20 98 32
20 99 32
20 100 81
20 101 42
20 102 97
20 103 1
20 104 64
20 105 47
20 106 86
20 107 68
20 108 12
20 109 34
20 110 58
20 111 60
20 112 9
20 113 4
20 114 63
20 115 24
20 116 29
20 117 3
20 118 79
20 119 97
21 22 63
21 23 72
21 24 74
21 25 63
21 26 57
21 27 48
21 28 58
21 29 30
21 30 18
21 31 82
21 32 96
21 33 10
21 34 63
21 35 25
21 36 76
21 37 25
21 38 62
21 39 9
21 40 18
21 41 55
21 42 37
21 43 56
21 44 28
21 45 56
21 46 57
21 47 6
21 48 93
21 49 65
21 50 24
21 51 95
21 52 9
21 53 9
21 54 14
21 55 64
21 56 41
21 57 91
21 58 93
21 59 93
21 60 1
21 61 63
21 62 75
21 63 59
21 64 98
21 65 41
21 66 38
21 67 52
21 68 84
21 69 73
21 70 67
21 71 43
21 72 4
21 73 61
21 74 24
21 75 84
21 76 92
21 77 30
21 78 43
21 79 35
21 80 28
21 81 60
21 82 45
21 83 35
21 84 53
21 85 79
21 86 16
21 87 96
21 88 57
21 89 7
21 90 34
21 91 74
21 92 35
21 93 89
21 94 15
21 95 26
21 96 22
21 97 84
21 98 79
21 99 29
21 100 44
21 101 43
21 102 19
21 103 34
21 104 61
21 105 90
21 106 35
21 107 54
21 108 77
21 109 45
21 110 18
21 111 40
21 112 86
21 113 94
21 114 31
21 115 38
21 116 10
21 117 54
21 118 71
21 119 85
22 23 52
22 24 39
22 25 41
22 26 31
22 27 16
22 28 90
22 29 54
22 30 7
22 31 93
22 32 46
22 33 63
22 34 75
22 35 91
22 36 67
22 37 79
22 38 93
22 39 96
22 40 66
22 41 94
22 42 74
22 43 55
22 44 76
22 45 23
22 46 54
22 47 40
22 48 63
22 49 67
22 50 84
22 51 85
22 52 32
22 53 58
22 54 98
22 55 49
22 56 66
22 57 18
22 58 96
22 59 54
22 60 30
22 61 65
22 62 64
22 63 8
22 64 4
22 65 58
22 66 36
22 67 3
22 68 62
22 69 21
22 70 80
22 71 76
22 72 43
22 73 99
22 74 97
22 75 35
22 76 17
22 77 51
22 78 13
22 79 65
22 80 3
22 81 62
22 82 59
22 83 45
22 84 58
22 85 42
22 86 38
22 87 34
22 88 59
22 89 54
22 90 22
22 91 75
22 92 18
22 93 22
22 94 39
22 95 53
22 96 54
22 97 11
22 98 85
22 99 63
22 100 71
22 101 48
22 102 12
22 103 75
22 104 69
22 105 71
22 106 75
22 107 91
22 108 25
22 109 18
22 110 32
22 111 30
22 112 34
22 113 94
22 114 38
22 115 72
22 116 69
22 117 23
22 118 9
22 119 7
23 24 89
23 25 52
23 26 73
23 27 61
23 28 91
23 29 88
23 30 92
23 31 5
23 32 47
23 33 22
23 34 38
23 35 34
23 36 66
23 37 58
23 38 21
23 39 46
23 40 37
23 41 98
23 42 62
23 43 69
23 44 82
23 45 69
23 46 15
23 47 76
23 48 24
23 49 70
23 50 50
23 51 25
23 52 52
23 53 60
23 54 87
23 55 50
23 56 57
23 57 54
23 58 44
23 59 81
23 60 76
23 61 43
23 62 80
23 63 61
23 64 28
23 65 41
23 66 82
23 67 45
23 68 56
23 69 71
23 70 36
23 71 68
23 72 82
23 73 86
23 74 40
23 75 28
23 76 44
23 77 41
23 78 9
23 79 92
23 80 85
23 81 33
23 82 47
23 83 32
23 84 58
23 85 97
23 86 65
23 87 23
23 88 55
23 89 34
23 90 99
23 91 21
23 92 67
23 93 25
23 94 93
23 95 97
23 96 46
23 97 74
23 98 15
23 99 31
23 100 11
23 101 78
23 102 98
23 103 65
23 104 66
23 105 22
23 106 56
23 107 67
23 108 15
23 109 88
23 110 95
23 111 28
23 112 45
23 113 40
23 114 72
23 115 41
23 116 15
23 117 31
23 118 48
23 119 96
24 25 58
24 26 78
24 27 46
24 28 1
24 29 9
24 30 95
24 31 35
24 32 23
24 33 77
24 34 33
24 35 27
24 36 51
24 37 91
24 38 9
24 39 31
24 40 86
24 41 55
24 42 25
24 43 50
24 44 24
24 45 4
24 46 94
24 47 54
24 48 35
24 49 11
24 50 55
24 51 67
24 52 86
24 53 64
24 54 59
24 55 6
24 56 67
24 57 37
24 58 63
24 59 14
24 60 50
24 61 28
24 62 84
24 63 84
24 64 4
24 65 75
24 66 61
24 67 42
24 68 23
24 69 73
24 70 93
24 71 78
24 72 30
24 73 5
24 74 83
24 75 61
24 76 94
24 77 30
24 78 3
24 79 42
24 80 16
24 81 19
24 82 80
24 83 54
24 84 38
24 85 86
24 86 89
24 87 14
24 88 29
24 89 2
24 90 78
24 91 44
24 92 43
24 93 52
24 94 51
24 95 56
24 96 61
24 97 40
24 98 45
24 99 44
24 100 16
24 101 1
24 102 26
24 103 28
24 104 20
24 105 26
24 106 32
24 107 12
24 108 50
24 109 3
24 110 54
24 111 43
24 112 93
24 113 96
24 114 33
24 115 83
24 116 30
24 117 98
24 118 34
24 119 17
25 26 33
25 27 58
25 28 99
25 29 96
25 30 89
25 31 73
25 32 13
25 33 93
25 34 34
25 35 97
25 36 88
25 37 20
25 38 31
25 39 4
25 40 75
25 41 82
25 42 57
25 43 5
25 44 90
25 45 7
25 46 90
25 47 56
25 48 30
25 49 1
25 50 79
25 51 49
25 52 73
25 53 31
25 54 35
25 55 75
25 56 84
25 57 17
25 58 59
25 59 20
25 60 18
25 61 27
25 62 70
25 63 4
25 64 86
25 65 95
25 66 38
25 67 62
25 68 93
25 69 78
25 70 40
25 71 80
25 72 77
25 73 15
25 74 30
25 75 98
25 76 41
25 77 5
25 78 3
25 79 33
25 80 77
25 81 20
25 82 98
25 83 97
25 84 82
25 85 51
25 86 66
25 87 92
25 88 31
25 89 81
25 90 15
25 91 56
25 92 51
25 93 27
25 94 10
25 95 69
25 96 84
25 97 99
25 98 46
25 99 11
25 100 31
25 101 74
25 102 59
25 103 61
25 104 63
25 105 41
25 106 79
25 107 2
25 108 10
25 109 78
25 110 91
25 111 99
25 112 75
25 113 39
25 114 78
25 115 69
25 116 48
25 117 65
25 118 84
25 119 92
26 27 28
26 28 9
26 29 73
26 30 32
26 31 77
26 32 58
26 33 56
26 34 48
26 35 87
26 36 92
26 37 47
26 38 93
26 39 89
26 40 55
26 41 38
26 42 53
26 43 33
26 44 87
26 45 26
26 46 47
26 47 67
26 48 59
26 49 89
26 50 60
26 51 97
26 52 62
26 53 70
26 54 98
26 55 8
26 56 45
26 57 57
26 58 66
26 59 23
26 60 64
26 61 86
26 62 73
26 63 83
26 64 67
26 65 99
26 66 45
26 67 21
26 68 89
26 69 54
26 70 35
26 71 82
26 72 91
26 73 26
26 74 82
26 75 98
26 76 56
26 77 35
26 78 82
26 79 40
26 80 73
26 81 1
26 82 36
26 83 11
26 84 52
26 85 89
26 86 7
26 87 97
26 88 2
26 89 70
26 90 81
26 91 76
26 92 88
26 93 59
26 94 6
26 95 82
26 96 33
26 97 89
26 98 42
26 99 72
26 100 73
26 101 53
26 102 61
26 103 18
26 104 4
26 105 70
26 106 93
26 107 68
26 108 8
26 109 30
26 110 29
26 111 17
26 112 23
26 113 54
26 114 83
26 115 4
26 116 33
26 117 1
26 118 27
26 119 7
27 28 49
27 29 2
27 30 55
27 31 53
27 32 43
27 33 73
27 34 62
27 35 83
27 36 89
27 37 39
27 38 33
27 39 16
27 40 78
27 41 69
27 42 2
27 43 94
27 44 8
27 45 49
27 46 56
27 47 62
27 48 77
27 49 6
27 50 26
27 51 12
27 52 42
27 53 42
27 54 39
27 55 85
27 56 81
27 57 2
27 58 5
27 59 10
27 60 78
27 61 9
27 62 4
27 63 41
27 64 50
27 65 49
27 66 11
27 67 71
27 68 6
27 69 99
27 70 77
27 71 34
27 72 64
27 73 55
27 74 83
27 75 87
27 76 22
27 77 47
27 78 40
27 79 21
27 80 34
27 81 59
27 82 38
27 83 12
27 84 17
27 85 41
27 86 85
27 87 15
27 88 62
27 89 64
27 90 45
27 91 12
27 92 54
27 93 92
27 94 8
27 95 89
27 96 38
27 97 78
27 98 13
27 99 16
27 100 41
27 101 61
27 102 47
27 103 77
27 104 34
27 105 56
27 106 38
27 107 86
27 108 88
27 109 77
27 110 18
27 111 78
27 112 34
27 113 47
27 114 1
27 115 3
27 116 28
27 117 7
27 118 40
27 119 84
28 29 43
28 30 82
28 31 4
28 32 11
28 33 29
28 34 13
28 35 46
28 36 40
28 37 27
28 38 70
28 39 68
28 40 19
28 41 84
28 42 62
28 43 28
28 44 2
28 45 49
28 46 56
28 47 47
28 48 45
28 49 96
28 50 7
28 51 57
28 52 51
28 53 25
28 54 97
28 55 81
28 56 9
28 57 91
28 58 90
28 59 87
28 60 48
28 61 5
28 62 24
28 63 99
28 64 63
28 65 45
28 66 21
28 67 99
28 68 85
28 69 66
28 70 96
28 71 38
28 72 6
28 73 53
28 74 43
28 75 83
28 76 11
28 77 19
28 78 56
28 79 11
28 80 21
28 81 95
28 82 89
28 83 67
28 84 9
28 85 51
28 86 16
28 87 85
28 88 43
28 89 43
28 90 51
28 91 60
28 92 38
28 93 46
28 94 75
28 95 23
28 96 16
28 97 30
28 98 2
28 99 97
28 100 90
28 101 90
28 102 18
28 103 13
28 104 61
28 105 64
28 106 1
28 107 49
28 108 22
28 109 32
28 110 76
28 111 34
28 112 47
28 113 89
28 114 81
28 115 7
28 116 65
28 117 82
28 118 8
28 119 55
29 30 48
29 31 82
29 32 44
29 33 63
29 34 25
29 35 66
29 36 24
29 37 91
29 38 30
29 39 26
29 40 64
29 41 98
29 42 18
29 43 43
29 44 80
29 45 67
29 46 36
29 47 11
29 48 26
29 49 83
29 50 18
29 51 31
29 52 59
29 53 58
29 54 8
29 55 57
29 56 87
29 57 99
29 58 100
29 59 95
29 60 15
29 61 81
29 62 11
29 63 62
29 64 12
29 65 71
29 66 31
29 67 2
29 68 21
29 69 10
29 70 14
29 71 12
29 72 32
29 73 79
29 74 2
29 75 55
29 76 71
29 77 52
29 78 37
29 79 10
29 80 50
29 81 12
29 82 34
29 83 5
29 84 22
29 85 49
29 86 24
29 87 85
29 88 17
29 89 8
29 90 36
29 91 46
29 92 42
29 93 37
29 94 65
29 95 82
29 96 71
29 97 10
29 98 12
29 99 58
29 100 17
29 101 68
29 102 31
29 103 94
29 104 84
29 105 87
29 106 59
29 107 5
29 108 14
29 109 68
29 110 85
29 111 67
29 112 100
29 113 80
29 114 46
29 115 64
29 116 21
29 117 1
29 118 28
29 119 20
30 31 11
30 32 21
30 33 27
30 34 1
30 35 33
30 36 90
30 37 82
30 38 23
30 39 15
30 40 60
30 41 23
30 42 2
30 43 82
30 44 36
30 45 63
30 46 85
30 47 25
30 48 96
30 49 78
30 50 29
30 51 41
30 52 66
30 53 99
30 54 33
30 55 100
30 56 27
30 57 20
30 58 59
30 59 2
30 60 69
30 61 31
30 62 75
30 63 6
30 64 65
30 65 91
30 66 94
30 67 75
30 68 40
30 69 38
30 70 13
30 71 59
30 72 87
30 73 89
30 74 71
30 75 64
30 76 80
30 77 20
30 78 100
30 79 64
30 80 55
30 81 87
30 82 30
30 83 28
30 84 96
30 85 74
30 86 29
30 87 54
30 88 59
30 89 2
30 90 81
30 91 79
30 92 69
30 93 31
30 94 28
30 95 44
30 96 55
30 97 65
30 98 61
30 99 33
30 100 96
30 101 58
30 102 8
30 103 42
30 104 46
30 105 61
30 106 20
30 107 22
30 108 2
30 109 84
30 110 56
30 111 62
30 112 9
30 113 30
30 114 73
30 115 57
30 116 31
30 117 18
30 118 95
30 119 56
31 32 51
31 33 59
31 34 69
31 35 30
31 36 84
31 37 94
31 38 54
31 39 98
31 40 35
31 41 48
31 42 83
31 43 65
31 44 45
31 45 29
31 46 87
31 47 8
31 48 42
31 49 83
31 50 77
31 51 26
31 52 96
31 53 99
31 54 66
31 55 28
31 56 74
31 57 27
31 58 57
31 59 92
31 60 37
31 61 48
31 62 89
31 63 36
31 64 85
31 65 87
31 66 100
31 67 44
31 68 75
31 69 27
31 70 43
31 71 98
31 72 86
31 73 19
31 74 28
31 75 93
31 76 62
31 77 74
31 78 5
31 79 9
31 80 69
31 81 37
31 82 1
31 83 38
31 84 77
31 85 90
31 86 43
31 87 47
31 88 56
31 89 78
31 90 34
31 91 48
31 92 69
31 93 39
31 94 21
31 95 7
31 96 50
31 97 66
31 98 73
31 99 97
31 100 84
31 101 30
31 102 65
31 103 99
31 104 70
31 105 48
31 106 47
31 107 73
31 108 59
31 109 61
31 110 79
31 111 44
31 112 72
31 113 8
31 114 54
31 115 19
31 116 75
31 117 30
31 118 58
31 119 93
32 33 22
32 34 97
32 35 3
32 36 68
32 37 38
32 38 53
32 39 46
32 40 10
32 41 9
32 42 54
32 43 90
32 44 45
32 45 22
32 46 21
32 47 75
32 48 77
32 49 99
32 50 20
32 51 98
32 52 55
32 53 43
32 54 29
32 55 91
32 56 32
32 57 94
32 58 83
32 59 32
32 60 86
32 61 53
32 62 88
32 63 1
32 64 95
32 65 28
32 66 32
32 67 70
32 68 78
32 69 77
32 70 100
32 71 80
32 72 66
32 73 15
32 74 72
32 75 52
32 76 91
32 77 43
32 78 54
32 79 5
32 80 90
32 81 38
32 82 22
32 83 37
32 84 48
32 85 34
32 86 33
32 87 61
32 88 80
32 89 15
32 90 49
32 91 2
32 92 5
32 93 87
32 94 92
32 95 56
32 96 29
32 97 52
32 98 62
32 99 16
32 100 49
32 101 79
32 102 75
32 103 6
32 104 76
32 105 88
32 106 44
32 107 19
32 108 77
32 109 69
32 110 61
32 111 6
32 112 72
32 113 100
32 114 41
32 115 42
32 116 75
32 117 11
32 118 90
32 119 1
33 34 9
33 35 27
33 36 68
33 37 72
33 38 58
33 39 91
33 40 56
33 41 17
33 42 37
33 43 90
33 44 59
33 45 71
33 46 100
33 47 66
33 48 87
33 49 23
33 50 63
33 51 41
33 52 86
33 53 84
33 54 21
33 55 43
33 56 9
33 57 91
33 58 13
33 59 28
33 60 74
33 61 52
33 62 11
33 63 58
33 64 50
33 65 41
33 66 99
33 67 72
33 68 80
33 69 24
33 70 71
33 71 48
33 72 79
33 73 45
33 74 12
33 75 46
33 76 77
33 77 96
33 78 53
33 79 50
33 80 63
33 81 78
33 82 71
33 83 38
33 84 90
33 85 80
33 86 76
33 87 21
33 88 24
33 89 88
33 90 29
33 91 68
33 92 94
33 93 48
33 94 65
33 95 4
33 96 5
33 97 87
33 98 26
33 99 78
33 100 90
33 101 6
33 102 57
33 103 72
33 104 71
33 105 3
33 106 59
33 107 17
33 108 14
33 109 49
33 110 35
33 111 100
33 112 73
33 113 53
33 114 71
33 115 3
33 116 45
33 117 81
33 118 3
33 119 61
34 35 17
34 36 38
34 37 31
34 38 23
34 39 29
34 40 23
34 41 30
34 42 27
34 43 12
34 44 73
34 45 59
34 46 90
34 47 78
34 48 99
34 49 20
34 50 46
34 51 47
34 52 26
34 53 97
34 54 33
34 55 86
34 56 78
34 57 38
34 58 37
34 59 28
34 60 12
34 61 81
34 62 43
34 63 26
34 64 4
34 65 93
34 66 65
34 67 56
34 68 69
34 69 34
34 70 15
34 71 79
34 72 41
34 73 66
34 74 43
34 75 51
34 76 70
34 77 54
34 78 60
34 79 59
34 80 65
34 81 69
34 82 38
34 83 1
34 84 64
34 85 59
34 86 94
34 87 49
34 88 15
34 89 91
34 90 3
34 91 64
34 92 69
34 93 86
34 94 91
34 95 12
34 96 79
34 97 68
34 98 76
34 99 81
34 100 95
34 101 97
34 102 22
34 103 36
34 104 67
34 105 57
34 106 86
34 107 40
34 108 98
34 109 23
34 110 73
34 111 75
34 112 52
34 113 27
34 114 94
34 115 81
34 116 97
34 117 58
34 118 5
34 119 74
35 36 11
35 37 69
35 38 15
35 39 8
35 40 47
35 41 42
35 42 66
35 43 57
35 44 85
35 45 89
35 46 78
35 47 75
35 48 14
35 49 80
35 50 85
35 51 41
35 52 17
35 53 90
35 54 54
35 55 20
35 56 55
35 57 31
35 58 81
35 59 34
35 60 56
35 61 79
35 62 36
35 63 38
35 64 91
35 65 68
35 66 49
35 67 80
35 68 94
35 69 45
35 70 37
35 71 18
35 72 12
35 73 62
35 74 6
35 75 55
35 76 41
35 77 54
35 78 25
35 79 65
35 80 61
35 81 24
35 82 65
35 83 49
35 84 10
35 85 39
35 86 47
35 87 86
35 88 29
35 89 68
35 90 7
35 91 16
35 92 37
35 93 95
35 94 2
35 95 82
35 96 10
35 97 63
35 98 3
35 99 91
35 100 16
35 101 57
35 102 52
35 103 65
35 104 23
35 105 11
35 106 11
35 107 26
35 108 99
35 109 81
35 110 42
35 111 37
35 112 26
35 113 63
35 114 22
35 115 95
35 116 70
35 117 100
35 118 57
35 119 19
36 37 49
36 38 61
36 39 58
36 40 70
36 41 63
36 42 22
36 43 78
36 44 35
36 45 31
36 46 64
36 47 16
36 48 41
36 49 58
36 50 52
36 51 15
36 52 41
36 53 77
36 54 15
36 55 9
36 56 97
36 57 4
36 58 60
36 59 68
36 60 55
36 61 100
36 62 5
36 63 56
36 64 91
36 65 31
36 66 67
36 67 5
36 68 41
36 69 15
36 70 53
36 71 82
36 72 89
36 73 27
36 74 64
36 75 52
36 76 33
36 77 85
36 78 82
36 79 46
36 80 93
36 81 58
36 82 12
36 83 42
36 84 86
36 85 23
36 86 25
36 87 100
36 88 71
36 89 41
36 90 97
36 91 29
36 92 75
36 93 43
36 94 91
36 95 33
36 96 20
36 97 54
36 98 57
36 99 66
36 100 22
36 101 1
36 102 92
36 103 52
36 104 49
36 105 100
36 106 56
36 107 88
36 108 1
36 109 74
36 110 42
36 111 89
36 112 31
36 113 38
36 114 80
36 115 90
36 116 51
36 117 28
36 118 11
36 119 58
37 38 48
37 39 90
37 40 56
37 41 92
37 42 73
37 43 29
37 44 79
37 45 23
37 46 36
37 47 35
37 48 33
37 49 38
37 50 3
37 51 51
37 52 1
37 53 40
37 54 41
37 55 95
37 56 12
37 57 83
37 58 70
37 59 98
37 60 80
37 61 94
37 62 5
37 63 71
37 64 50
37 65 30
37 66 24
37 67 32
37 68 53
37 69 89
37 70 48
37 71 79
37 72 39
37 73 8
37 74 4
37 75 9
37 76 31
37 77 38
37 78 21
37 79 93
37 80 20
37 81 7
37 82 30
37 83 53
37 84 41
37 85 96
37 86 92
37 87 51
37 88 38
37 89 56
37 90 6
37 91 32
37 92 71
37 93 18
37 94 75
37 95 52
37 96 78
37 97 69
37 98 23
37 99 46
37 100 68
37 101 88
37 102 15
37 103 50
37 104 79
37 105 23
37 106 80
37 107 50
37 108 58
37 109 31
37 110 9
37 111 34
37 112 48
37 113 29
37 114 20
37 115 8
37 116 14
37 117 76
37 118 9
37 119 63
38 39 66
38 40 95
38 41 64
38 42 28
38 43 18
38 44 99
38 45 13
38 46 11
38 47 25
38 48 69
38 49 15
38 50 80
38 51 96
38 52 24
38 53 69
38 54 83
38 55 89
38 56 27
38 57 17
38 58 10
38 59 42
38 60 90
38 61 84
38 62 91
38 63 77
38 64 85
38 65 2
38 66 41
38 67 34
38 68 73
38 69 16
38 70 56
38 71 59
38 72 56
38 73 30
38 74 92
38 75 89
38 76 78
38 77 32
38 78 63
38 79 47
38 80 86
38 81 55
38 82 28
38 83 67
38 84 38
38 85 9
38 86 17
38 87 75
38 88 27
38 89 36
38 90 37
38 91 41
38 92 76
38 93 93
38 94 59
38 95 76
38 96 71
38 97 26
38 98 73
38 99 67
38 100 76
38 101 20
38 102 32
38 103 27
38 104 51
38 105 98
38 106 26
38 107 3
38 108 69
38 109 32
38 110 17
38 111 46
38 112 3
38 113 50
38 114 56
38 115 15
38 116 60
38 117 5
38 118 47
38 119 88
39 40 68
39 41 78
39 42 62
39 43 88
39 44 41
39 45 71
39 46 47
39 47 18
39 48 37
39 49 92
39 50 31
39 51 5
39 52 100
39 53 89
39 54 71
39 55 34
39 56 92
39 57 86
39 58 94
39 59 33
39 60 32
39 61 59
39 62 39
39 63 64
39 64 68
39 65 93
39 66 12
39 67 83
39 68 2
39 69 96
39 70 64
39 71 88
39 72 80
39 73 20
39 74 92
39 75 43
39 76 63
39 77 98
39 78 48
39 79 7
39 80 14
39 81 24
39 82 17
39 83 56
39 84 10
39 85 22
39 86 85
39 87 55
39 88 91
39 89 93
39 90 74
39 91 64
39 92 8
39 93 22
39 94 1
39 95 51
39 96 90
39 97 70
39 98 86
39 99 1
39 100 98
39 101 56
39 102 90
39 103 33
39 104 28
39 105 13
39 106 86
39 107 68
39 108 97
39 109 30
39 110 90
39 111 26
39 112 2
39 113 86
39 114 89
39 115 68
39 116 48
39 117 98
39 118 79
39 119 62
40 41 43
40 42 77
40 43 59
40 44 32
40 45 19
40 46 36
40 47 50
40 48 71
40 49 10
40 50 67
40 51 48
40 52 91
40 53 1
40 54 55
40 55 36
40 56 37
40 57 78
40 58 93
40 59 42
40 60 44
40 61 49
40 62 15
40 63 7
40 64 98
40 65 52
40 66 83
40 67 2
40 68 59
40 69 23
40 70 11
40 71 30
40 72 97
40 73 88
40 74 18
40 75 51
40 76 89
40 77 39
40 78 28
40 79 80
40 80 22
40 81 3
40 82 84
40 83 78
40 84 69
40 85 98
40 86 35
40 87 88
40 88 72
40 89 14
40 90 4
40 91 9
40 92 37
40 93 43
40 94 53
40 95 33
40 96 85
40 97 93
40 98 31
40 99 87
40 100 20
40 101 91
40 102 61
40 103 59
40 104 56
40 105 55
40 106 46
40 107 67
40 108 68
40 109 14
40 110 88
40 111 22
40 112 1
40 113 89
40 114 22
40 115 15
40 116 29
40 117 72
40 118 27
40 119 46
41 42 29
41 43 76
41 44 36
41 45 3
41 46 90
41 47 56
41 48 67
41 49 37
41 50 23
41 51 76
41 52 100
41 53 32
41 54 52
41 55 5
41 56 45
41 57 75
41 58 85
41 59 55
41 60 17
41 61 42
41 62 93
41 63 4
41 64 64
41 65 78
41 66 54
41 67 59
41 68 73
41 69 10
41 70 31
41 71 16
41 72 52
41 73 17
41 74 100
41 75 48
41 76 67
41 77 65
41 78 8
41 79 75
41 80 12
41 81 87
41 82 8
41 83 35
41 84 94
41 85 36
41 86 97
41 87 48
41 88 86
41 89 53
41 90 94
41 91 40
41 92 48
41 93 11
41 94 49
41 95 8
41 96 30
41 97 85
41 98 89
41 99 94
41 100 32
41 101 28
41 102 11
41 103 64
41 104 24
41 105 87
41 106 19
41 107 3
41 108 32
41 109 26
41 110 69
41 111 5
41 112 2
41 113 66
41 114 33
41 115 34
41 116 61
41 117 26
41 118 78
41 119 81
42 43 82
42 44 80
42 45 59
42 46 63
42 47 14
42 48 21
42 49 13
42 50 60
42 51 5
42 52 91
42 53 2
42 54 66
42 55 47
42 56 24
42 57 54
42 58 76
42 59 6
42 60 71
42 61 12
42 62 50
42 63 96
42 64 27
42 65 43
42 66 15
42 67 3
42 68 34
42 69 75
42 70 6
42 71 67
42 72 15
42 73 73
42 74 93
42 75 12
42 76 9
42 77 60
42 78 35
42 79 73
42 80 32
42 81 83
42 82 18
42 83 47
42 84 66
42 85 13
42 86 87
42 87 84
42 88 40
42 89 53
42 90 90
42 91 91
42 92 60
42 93 48
42 94 11
42 95 72
42 96 47
42 97 79
42 98 28
42 99 71
42 100 96
42 101 56
42 102 99
42 103 27
42 104 86
42 105 26
42 106 48
42 107 62
42 108 84
42 109 18
42 110 92
42 111 9
42 112 89
42 113 54
42 114 98
42 115 88
42 116 31
42 117 60
42 118 3
42 119 28
43 44 93
43 45 35
43 46 78
43 47 94
43 48 70
43 49 4
43 50 86
43 51 28
43 52 31
43 53 67
43 54 4
43 55 73
43 56 59
43 57 21
43 58 80
43 59 31
43 60 99
43 61 57
43 62 42
43 63 1
43 64 64
43 65 96
43 66 89
43 67 2
43 68 58
43 69 7
43 70 40
43 71 60
43 72 18
43 73 76
43 74 92
43 75 64
43 76 49
43 77 73
43 78 100
43 79 12
43 80 99
43 81 33
43 82 18
43 83 70
43 84 19
43 85 29
43 86 66
43 87 35
43 88 32
43 89 85
43 90 91
43 91 93
43 92 18
43 93 34
43 94 95
43 95 49
43 96 10
43 97 19
43 98 26
43 99 3
43 100 3
43 101 95
43 102 52
43 103 46
43 104 94
43 105 48
43 106 96
43 107 42
43 108 38
43 109 15
43 110 76
43 111 33
43 112 79
43 113 27
43 114 88
43 115 24
43 116 47
43 117 22
43 118 40
43 119 87
44 45 65
44 46 21
44 47 94
44 48 62
44 49 15
44 50 2
44 51 83
44 52 31
44 53 92
44 54 40
44 55 51
44 56 88
44 57 22
44 58 80
44 59 62
44 60 88
44 61 82
44 62 75
44 63 7
44 64 16
44 65 4
44 66 12
44 67 21
44 68 63
44 69 25
44 70 26
44 71 33
44 72 33
44 73 37
44 74 41
44 75 16
44 76 47
44 77 10
44 78 28
44 79 21
44 80 15
44 81 84
44 82 63
44 83 58
44 84 53
44 85 41
44 86 88
44 87 86
44 88 3
44 89 36
44 90 21
44 91 81
44 92 6
44 93 45
44 94 20
44 95 28
44 96 39
44 97 50
44 98 71
44 99 63
44 100 98
44 101 86
44 102 67
44 103 13
44 104 11
44 105 87
44 106 9
44 107 78
44 108 43
44 109 15
44 110 55
44 111 2
44 112 74
44 113 96
44 114 62
44 115 28
44 116 33
44 117 100
44 118 77
44 119 36
45 46 60
45 47 97
45 48 49
45 49 84
45 50 51
45 51 58
45 52 33
45 53 41
45 54 28
45 55 86
45 56 35
45 57 10
45 58 65
45 59 91
45 60 79
45 61 73
45 62 31
45 63 65
45 64 27
45 65 64
45 66 86
45 67 25
45 68 47
45 69 63
45 70 65
45 71 31
45 72 92
45 73 46
45 74 55
45 75 22
45 76 86
45 77 51
45 78 42
45 79 53
45 80 54
45 81 89
45 82 12
45 83 28
45 84 82
45 85 63
45 86 17
45 87 96
45 88 21
45 89 3
45 90 28
45 91 96
45 92 90
45 93 36
45 94 77
45 95 39
45 96 64
45 97 67
45 98 44
45 99 95
45 100 19
45 101 2
45 102 97
45 103 72
45 104 56
45 105 27
45 106 54
45 107 31
45 108 91
45 109 95
45 110 31
45 111 53
45 112 39
45 113 71
45 114 16
45 115 57
45 116 78
45 117 92
45 118 6
45 119 46
46 47 35
46 48 87
46 49 69
46 50 35
46 51 53
46 52 3
46 53 38
46 54 44
46 55 43
46 56 24
46 57 70
46 58 31
46 59 44
46 60 59
46 61 69
46 62 90
46 63 17
46 64 83
46 65 63
46 66 99
46 67 35
46 68 40
46 69 12
46 70 2
46 71 58
46 72 58
46 73 6
46 74 2
46 75 8
46 76 57
46 77 17
46 78 74
46 79 89
46 80 40
46 81 48
46 82 4
46 83 3
46 84 42
46 85 60
46 86 23
46 87 52
46 88 47
46 89 74
46 90 100
46 91 97
46 92 82
46 93 33
46 94 68
46 95 56
46 96 89
46 97 86
46 98 84
46 99 69
46 100 28
46 101 68
46 102 60
46 103 18
46 104 9
46 105 12
46 106 90
46 107 53
46 108 99
46 109 31
46 110 10
46 111 60
46 112 72
46 113 60
46 114 37
46 115 41
46 116 21
46 117 59
46 118 31
46 119 18
47 48 23
47 49 36
47 50 23
47 51 9
47 52 72
47 53 32
47 54 9
47 55 81
47 56 59
47 57 99
47 58 1
47 59 61
47 60 70
47 61 41
47 62 66
47 63 26
47 64 71
47 65 63
47 66 100
47 67 46
47 68 22
47 69 68
47 70 65
47 71 64
47 72 57
47 73 25
47 74 42
47 75 73
47 76 62
47 77 86
47 78 26
47 79 44
47 80 63
47 81 75
47 82 84
47 83 78
47 84 42
47 85 16
47 86 35
47 87 68
47 88 15
47 89 42
47 90 69
47 91 87
47 92 86
47 93 75
47 94 47
47 95 8
47 96 65
47 97 24
47 98 5
47 99 31
47 100 66
47 101 58
47 102 23
47 103 55
47 104 2
47 105 9
47 106 4
47 107 10
47 108 26
47 109 59
47 110 100
47 111 74
47 112 27
47 113 17
47 114 52
47 115 77
47 116 21
47 117 38
47 118 36
47 119 51
48 49 75
48 50 4
48 51 93
48 52 64
48 53 27
48 54 31
48 55 56
48 56 43
48 57 98
48 58 62
48 59 60
48 60 79
48 61 22
48 62 50
48 63 11
48 64 73
48 65 53
48 66 68
48 67 55
48 68 60
48 69 4
48 70 84
48 71 11
48 72 82
48 73 4
48 74 8
48 75 20
48 76 51
48 77 100
48 78 38
48 79 12
48 80 79
48 81 71
48 82 99
48 83 70
48 84 44
48 85 35
48 86 60
48 87 84
48 88 60
48 89 18
48 90 70
48 91 82
48 92 89
48 93 96
48 94 4
48 95 43
48 96 4
48 97 14
48 98 55
48 99 8
48 100 23
48 101 5
48 102 48
48 103 89
48 104 15
48 105 33
48 106 15
48 107 44
48 108 94
48 109 57
48 110 12
48 111 24
48 112 25
48 113 58
48 114 99
48 115 28
48 116 43
48 117 98
48 118 55
48 119 80
49 50 37
49 51 60
49 52 96
49 53 95
49 54 34
49 55 56
49 56 36
49 57 23
49 58 48
49 59 4
49 60 3
49 61 25
49 62 11
49 63 54
49 64 73
49 65 16
49 66 63
49 67 23
49 68 98
49 69 95
49 70 41
49 71 40
49 72 51
49 73 49
49 74 85
49 75 37
49 76 39
49 77 28
49 78 27
49 79 10
49 80 88
49 81 87
49 82 32
49 83 26
49 84 2
49 85 12
49 86 50
49 87 44
49 88 28
49 89 92
49 90 98
49 91 50
49 92 15
49 93 71
49 94 78
49 95 23
49 96 30
49 97 1
49 98 72
49 99 69
49 100 38
49 101 71
49 102 45
49 103 68
49 104 64
49 105 22
49 106 64
49 107 32
49 108 7
49 109 2
49 110 60
49 111 46
49 112 33
49 113 29
49 114 100
49 115 38
49 116 76
49 117 51
49 118 3
49 119 89
50 51 3
50 52 72
50 53 84
50 54 9
50 55 14
50 56 4
50 57 38
50 58 50
50 59 12
50 60 21
50 61 15
50 62 98
50 63 85
50 64 25
50 65 97
50 66 73
50 67 61
50 68 70
50 69 14
50 70 20
50 71 13
50 72 82
50 73 63
50 74 50
50 75 19
50 76 48
50 77 14
50 78 20
50 79 12
50 80 66
50 81 15
50 82 37
50 83 25
50 84 97
50 85 23
50 86 98
50 87 85
50 88 42
50 89 83
50 90 17
50 91 61
50 92 56
50 93 72
50 94 68
50 95 31
50 96 34
50 97 64
50 98 29
50 99 87
50 100 77
50 101 8
50 102 77
50 103 89
50 104 87
50 105 15
50 106 21
50 107 59
50 108 68
50 109 19
50 110 23
50 111 59
50 112 62
50 113 66
50 114 9
50 115 26
50 116 82
50 117 58
50 118 13
50 119 70
51 52 84
51 53 1
51 54 48
51 55 56
51 56 70
51 57 19
51 58 78
51 59 28
51 60 73
51 61 25
51 62 53
51 63 74
51 64 91
51 65 78
51 66 19
51 67 89
51 68 22
51 69 10
51 70 31
51 71 92
51 72 73
51 73 9
51 74 9
51 75 4
51 76 83
51 77 27
51 78 67
51 79 17
51 80 97
51 81 52
51 82 27
51 83 84
51 84 37
51 85 39
51 86 63
51 87 85
51 88 41
51 89 22
51 90 96
51 91 14
51 92 63
51 93 71
51 94 26
51 95 5
51 96 71
51 97 21
51 98 54
51 99 17
51 100 20
51 101 41
51 102 82
51 103 77
51 104 12
51 105 3
51 106 14
51 107 83
51 108 84
51 109 17
51 110 34
51 111 74
51 112 89
51 113 12
51 114 50
51 115 68
51 116 55
51 117 64
51 118 44
51 119 18
52 53 90
52 54 66
52 55 74
52 56 44
52 57 23
52 58 5
52 59 87
52 60 93
52 61 32
52 62 63
52 63 53
52 64 22
52 65 73
52 66 97
52 67 42
52 68 21
52 69 49
52 70 8
52 71 8
52 72 100
52 73 45
52 74 9
52 75 42
52 76 32
52 77 50
52 78 39
52 79 98
52 80 64
52 81 14
52 82 87
52 83 81
52 84 23
52 85 53
52 86 69
52 87 92
52 88 98
52 89 25
52 90 1
52 91 7
52 92 60
52 93 42
52 94 54
52 95 23
52 96 7
52 97 78
52 98 61
52 99 63
52 100 42
52 101 58
52 102 66
52 103 100
52 104 98
52 105 5
52 106 39
52 107 1
52 108 93
52 109 76
52 110 62
52 111 29
52 112 84
52 113 92
52 114 50
52 115 49
52 116 48
52 117 38
52 118 44
52 119 73
53 54 35
53 55 49
53 56 39
53 57 63
53 58 37
53 59 21
53 60 98
53 61 35
53 62 45
53 63 25
53 64 17
53 65 80
53 66 11
53 67 58
53 68 59
53 69 31
53 70 41
53 71 39
53 72 92
53 73 65
53 74 18
53 75 27
53 76 17
53 77 51
53 78 51
53 79 95
53 80 29
53 81 5
53 82 3
53 83 16
53 84 2
53 85 54
53 86 97
53 87 64
53 88 72
53 89 62
53 90 93
53 91 91
53 92 45
53 93 9
53 94 81
53 95 7
53 96 50
53 97 37
53 98 65
53 99 66
53 100 63
53 101 39
53 102 79
53 103 46
53 104 13
53 105 27
53 106 70
53 107 20
53 108 41
53 109 67
53 110 19
53 111 99
53 112 44
53 113 46
53 114 45
53 115 81
53 116 91
53 117 97
53 118 79
53 119 1
54 55 81
54 56 13
54 57 57
54 58 50
54 59 93
54 60 8
54 61 88
54 62 99
54 63 32
54 64 32
54 65 52
54 66 81
54 67 17
54 68 16
54 69 27
54 70 87
54 71 65
54 72 14
54 73 49
54 74 43
54 75 5
54 76 7
54 77 17
54 78 20
54 79 24
54 80 44
54 81 28
54 82 45
54 83 50
54 84 14
54 85 57
54 86 28
54 87 58
54 88 52
54 89 72
54 90 18
54 91 17
54 92 75
54 93 98
54 94 75
54 95 39
54 96 15
54 97 39
54 98 56
54 99 63
54 100 16
54 101 27
54 102 6
54 103 9
54 104 37
54 105 66
54 106 44
54 107 49
54 108 36
54 109 65
54 110 73
54 111 39
54 112 1
54 113 81
54 114 51
54 115 73
54 116 82
54 117 15
54 118 37
54 119 19
55 56 4
55 57 34
55 58 20
55 59 65
55 60 39
55 61 87
55 62 70
55 63 1
55 64 56
55 65 44
55 66 37
55 67 26
55 68 23
55 69 29
55 70 17
55 71 28
55 72 75
55 73 60
55 74 65
55 75 6
55 76 12
55 77 33
55 78 23
55 79 9
55 80 23
55 81 46
55 82 67
55 83 13
55 84 73
55 85 41
55 86 37
55 87 89
55 88 73
55 89 100
55 90 74
55 91 33
55 92 80
55 93 21
55 94 40
55 95 75
55 96 51
55 97 68
55 98 96
55 99 24
55 100 65
55 101 27
55 102 81
55 103 59
55 104 51
55 105 57
55 106 59
55 107 9
55 108 1
55 109 94
55 110 78
55 111 4
55 112 14
55 113 60
55 114 21
55 115 30
55 116 13
55 117 10
55 118 80
55 119 47
56 57 68
56 58 84
56 59 22
56 60 67
56 61 32
56 62 74
56 63 75
56 64 10
56 65 18
56 66 92
56 67 70
56 68 43
56 69 89
56 70 48
56 71 18
56 72 97
56 73 65
56 74 17
56 75 6
56 76 93
56 77 26
56 78 26
56 79 23
56 80 80
56 81 95
56 82 81
56 83 53
56 84 35
56 85 93
56 86 8
56 87 97
56 88 85
56 89 98
56 90 52
56 91 1
56 92 84
56 93 22
56 94 91
56 95 5
56 96 33
56 97 84
56 98 61
56 99 37
56 100 12
56 101 7
56 102 45
56 103 73
56 104 95
56 105 97
56 106 23
56 107 50
56 108 37
56 109 18
56 110 35
56 111 30
56 112 1
56 113 72
56 114 55
56 115 21
56 116 47
56 117 74
56 118 56
56 119 62
57 58 43
57 59 88
57 60 68
57 61 18
57 62 83
57 63 16
57 64 93
57 65 1
57 66 96
57 67 35
57 68 44
57 69 60
57 70 54
57 71 24
57 72 18
57 73 55
57 74 83
57 75 12
57 76 45
57 77 64
57 78 9
57 79 25
57 80 63
57 81 39
57 82 86
57 83 48
57 84 52
57 85 46
57 86 76
57 87 16
57 88 35
57 89 70
57 90 61
57 91 29
57 92 83
57 93 15
57 94 28
57 95 40
57 96 77
57 97 36
57 98 36
57 99 63
57 100 31
57 101 30
57 102 41
57 103 91
57 104 86
57 105 66
57 106 34
57 107 27
57 108 4
57 109 65
57 110 96
57 111 65
57 112 22
57 113 96
57 114 5
57 115 86
57 116 10
57 117 86
57 118 89
57 119 39
58 59 91
58 60 61
58 61 48
58 62 91
58 63 14
58 64 85
58 65 3
58 66 2
58 67 36
58 68 49
58 69 62
58 70 75
58 71 94
58 72 76
58 73 63
58 74 73
58 75 74
58 76 40
58 77 4
58 78 68
58 79 84
58 80 65
58 81 48
58 82 90
58 83 23
58 84 19
58 85 36
58 86 67
58 87 15
58 88 98
58 89 37
58 90 12
58 91 82
58 92 72
58 93 39
58 94 17
58 95 79
58 96 71
58 97 84
58 98 45
58 99 19
58 100 47
58 101 53
58 102 99
58 103 5
58 104 17
58 105 90
58 106 15
58 107 3
58 108 22
58 109 45
58 110 48
58 111 54
58 112 44
58 113 74
58 114 7
58 115 4
58 116 78
58 117 59
58 118 10
58 119 2
59 60 76
59 61 48
59 62 84
59 63 9
59 64 87
59 65 92
59 66 53
59 67 19
59 68 69
59 69 93
59 70 6
59 71 19
59 72 57
59 73 4
59 74 82
59 75 54
59 76 96
59 77 18
59 78 35
59 79 76
59 80 83
59 81 24
59 82 77
59 83 73
59 84 82
59 85 23
59 86 54
59 87 75
59 88 39
59 89 64
59 90 7
59 91 86
59 92 60
59 93 68
59 94 33
59 95 63
59 96 35
59 97 13
59 98 92
59 99 33
59 100 99
59 101 1
59 102 75
59 103 12
59 104 24
59 105 47
59 106 76
59 107 17
59 108 78
59 109 53
59 110 94
59 111 34
59 112 8
59 113 100
59 114 28
59 115 97
59 116 68
59 117 85
59 118 12
59 119 35
60 61 51
60 62 20
60 63 58
60 64 40
60 65 61
60 66 18
60 67 71
60 68 75
60 69 4
60 70 74
60 71 79
60 72 55
60 73 60
60 74 3
60 75 26
60 76 63
60 77 59
60 78 16
60 79 9
60 80 51
60 81 100
60 82 8
60 83 90
60 84 94
60 85 17
60 86 24
60 87 57
60 88 68
60 89 23
60 90 35
60 91 10
60 92 78
60 93 36
60 94 35
60 95 21
60 96 19
60 97 75
60 98 21
60 99 87
60 100 69
60 101 42
60 102 15
60 103 42
60 104 48
60 105 4
60 106 99
60 107 92
60 108 14
60 109 57
60 110 50
60 111 41
60 112 91
60 113 14
60 114 76
60 115 66
60 116 47
60 117 15
60 118 31
60 119 71
61 62 31
61 63 37
61 64 12
61 65 92
61 66 2
61 67 93
61 68 11
61 69 37
61 70 39
61 71 72
61 72 63
61 73 61
61 74 30
61 75 95
61 76 28
61 77 43
61 78 75
61 79 71
61 80 92
61 81 58
61 82 49
61 83 5
61 84 79
61 85 90
61 86 48
61 87 33
61 88 38
61 89 5
61 90 64
61 91 41
61 92 29
61 93 38
61 94 85
61 95 89
61 96 32
61 97 23
61 98 18
61 99 83
61 100 78
61 101 66
61 102 72
61 103 63
61 104 42
61 105 72
61 106 63
61 107 75
61 108 5
61 109 93
61 110 85
61 111 15
61 112 51
61 113 28
61 114 93
61 115 78
61 116 88
61 117 80
61 118 24
61 119 1
62 63 39
62 64 87
62 65 99
62 66 100
62 67 70
62 68 65
62 69 14
62 70 11
62 71 63
62 72 97
62 73 84
62 74 48
62 75 87
62 76 56
62 77 22
62 78 2
62 79 72
62 80 49
62 81 28
62 82 76
62 83 14
62 84 86
62 85 25
62 86 28
62 87 27
62 88 79
62 89 98
62 90 80
62 91 1
62 92 28
62 93 33
62 94 16
62 95 64
62 96 50
62 97 81
62 98 65
62 99 2
62 100 8
62 101 14
62 102 16
62 103 20
62 104 22
62 105 62
62 106 54
62 107 67
62 108 60
62 109 36
62 110 29
62 111 97
62 112 54
62 113 31
62 114 97
62 115 87
62 116 97
62 117 74
62 118 7
62 119 88
63 64 84
63 65 28
63 66 44
63 67 53
63 68 58
63 69 50
63 70 78
63 71 24
63 72 37
63 73 45
63 74 100
63 75 66
63 76 26
63 77 68
63 78 11
63 79 21
63 80 36
63 81 35
63 82 70
63 83 20
63 84 6
63 85 71
63 86 96
63 87 53
63 88 82
63 89 69
63 90 14
63 91 6
63 92 93
63 93 85
63 94 4
63 95 41
63 96 63
63 97 42
63 98 5
63 99 2
63 100 6
63 101 88
63 102 43
63 103 40
63 104 26
63 105 82
63 106 95
63 107 83
63 108 2
63 109 65
63 110 83
63 111 77
63 112 71
63 113 39
63 114 91
63 115 36
63 116 31
63 117 99
63 118 53
63 119 31
64 65 41
64 66 70
64 67 37
64 68 23
64 69 18
64 70 48
64 71 50
64 72 99
64 73 4
64 74 59
64 75 17
64 76 61
64 77 54
64 78 99
64 79 37
64 80 80
64 81 38
64 82 19
64 83 36
64 84 6
64 85 80
64 86 45
64 87 23
64 88 80
64 89 90
64 90 57
64 91 33
64 92 75
64 93 37
64 94 11
64 95 24
64 96 12
64 97 8
64 98 37
64 99 98
64 100 61
64 101 30
64 102 20
64 103 4
64 104 26
64 105 78
64 106 80
64 107 31
64 108 62
64 109 67
64 110 53
64 111 36
64 112 8
64 113 24
64 114 97
64 115 29
64 116 91
64 117 68
64 118 7
64 119 28
65 66 67
65 67 65
65 68 34
65 69 64
65 70 68
65 71 82
65 72 19
65 73 41
65 74 63
65 75 26
65 76 37
65 77 35
65 78 37
65 79 65
65 80 30
65 81 22
65 82 29
65 83 40
65 84 51
65 85 44
65 86 28
65 87 35
65 88 77
65 89 83
65 90 77
65 91 3
65 92 58
65 93 50
65 94 71
65 95 91
65 96 26
65 97 9
65 98 29
65 99 88
65 100 63
65 101 79
65 102 99
65 103 42
65 104 73
65 105 10
65 106 92
65 107 18
65 108 38
65 109 98
65 110 3
65 111 42
65 112 60
65 113 82
65 114 16
65 115 53
65 116 100
65 117 12
65 118 22
65 119 81
66 67 86
66 68 17
66 69 54
66 70 84
66 71 99
66 72 8
66 73 28
66 74 31
66 75 92
66 76 13
66 77 9
66 78 26
66 79 83
66 80 47
66 81 39
66 82 67
66 83 27
66 84 58
66 85 86
66 86 62
66 87 84
66 88 40
66 89 90
66 90 43
66 91 25
66 92 13
66 93 39
66 94 57
66 95 71
66 96 31
66 97 50
66 98 88
66 99 28
66 100 13
66 101 88
66 102 88
66 103 76
66 104 82
66 105 32
66 106 80
66 107 8
66 108 32
66 109 87
66 110 80
66 111 10
66 112 20
66 113 34
66 114 36
66 115 86
66 116 4
66 117 70
66 118 10
66 119 37
67 68 13
67 69 60
67 70 100
67 71 63
67 72 86
67 73 69
67 74 57
67 75 38
67 76 3
67 77 86
67 78 83
67 79 20
67 80 4
67 81 81
67 82 55
67 83 42
67 84 8
67 85 15
67 86 18
67 87 97
67 88 96
67 89 12
67 90 80
67 91 88
67 92 96
67 93 46
67 94 37
67 95 3
67 96 15
67 97 95
67 98 66
67 99 95
67 100 36
67 101 50
67 102 30
67 103 45
67 104 67
67 105 97
67 106 60
67 107 63
67 108 14
67 109 45
67 110 58
67 111 40
67 112 75
67 113 23
67 114 33
67 115 78
67 116 49
67 117 84
67 118 64
67 119 29
68 69 19
68 70 58
68 71 45
68 72 45
68 73 51
68 74 37
68 75 20
68 76 3
68 77 99
68 78 87
68 79 69
68 80 89
68 81 37
68 82 83
68 83 56
68 84 73
68 85 55
68 86 69
68 87 6
68 88 76
68 89 50
68 90 4
68 91 13
68 92 31
68 93 67
68 94 6
68 95 23
68 96 53
68 97 47
68 98 1
68 99 91
68 100 68
68 101 50
68 102 65
68 103 99
68 104 71
68 105 35
68 106 23
68 107 42
68 108 33
68 109 42
68 110 65
68 111 58
68 112 12
68 113 34
68 114 8
68 115 93
68 116 16
68 117 62
68 118 53
68 119 39
69 70 1
69 71 57
69 72 92
69 73 88
69 74 15
69 75 77
69 76 99
69 77 85
69 78 12
69 79 24
69 80 61
69 81 43
69 82 49
69 83 92
69 84 91
69 85 45
69 86 95
69 87 70
69 88 48
69 89 86
69 90 7
69 91 59
69 92 62
69 93 38
69 94 53
69 95 20
69 96 56
69 97 58
69 98 83
69 99 24
69 100 17
69 101 89
69 102 51
69 103 100
69 104 8
69 105 9
69 106 73
69 107 61
69 108 65
69 109 94
69 110 35
69 111 47
69 112 36
69 113 8
69 114 90
69 115 58
69 116 69
69 117 77
69 118 44
69 119 67
70 71 62
70 72 48
70 73 98
70 74 56
70 75 76
70 76 4
70 77 75
70 78 13
70 79 70
70 80 84
70 81 16
70 82 80
70 83 49
70 84 49
70 85 27
70 86 25
70 87 16
70 88 86
70 89 96
70 90 81
70 91 15
70 92 13
70 93 79
70 94 62
70 95 35
70 96 65
70 97 29
70 98 49
70 99 44
70 100 56
70 101 55
70 102 97
70 103 65
70 104 42
70 105 17
70 106 85
70 107 70
70 108 94
70 109 72
70 110 60
70 111 28
70 112 89
70 113 85
70 114 29
70 115 96
70 116 71
70 117 10
70 118 44
70 119 16
71 72 30
71 73 87
71 74 73
71 75 30
71 76 43
71 77 57
71 78 57
71 79 7
71 80 24
71 81 100
71 82 13
71 83 64
71 84 30
71 85 63
71 86 92
71 87 61
71 88 26
71 89 15
71 90 52
71 91 88
71 92 21
71 93 79
71 94 72
71 95 56
71 96 73
71 97 76
71 98 44
71 99 72
71 100 23
71 101 62
71 102 19
71 103 62
71 104 2
71 105 25
71 106 26
71 107 61
71 108 81
71 109 83
71 110 53
71 111 8
71 112 49
71 113 19
71 114 25
71 115 16
71 116 53
71 117 56
71 118 36
71 119 100
72 73 68
72 74 42
72 75 75
72 76 20
72 77 54
72 78 88
72 79 51
72 80 29
72 81 40
72 82 100
72 83 46
72 84 76
72 85 79
72 86 69
72 87 13
72 88 60
72 89 48
72 90 83
72 91 97
72 92 32
72 93 10
72 94 53
72 95 22
72 96 8
72 97 32
72 98 26
72 99 39
72 100 37
72 101 88
72 102 28
72 103 27
72 104 36
72 105 26
72 106 36
72 107 33
72 108 24
72 109 13
72 110 67
72 111 69
72 112 36
72 113 45
72 114 94
72 115 60
72 116 23
72 117 31
72 118 31
72 119 96
73 74 70
73 75 53
73 76 32
73 77 67
73 78 96
73 79 49
73 80 9
73 81 79
73 82 60
73 83 87
73 84 31
73 85 26
73 86 37
73 87 30
73 88 94
73 89 29
73 90 24
73 91 95
73 92 59
73 93 39
73 94 23
73 95 85
73 96 28
73 97 62
73 98 19
73 99 11
73 100 35
73 101 67
73 102 72
73 103 58
73 104 39
73 105 47
73 106 19
73 107 9
73 108 73
73 109 9
73 110 16
73 111 78
73 112 50
73 113 33
73 114 1
73 115 89
73 116 59
73 117 65
73 118 33
73 119 96
74 75 33
74 76 19
74 77 81
74 78 45
74 79 13
74 80 71
74 81 53
74 82 51
74 83 51
74 84 32
74 85 81
74 86 43
74 87 53
74 88 27
74 89 58
74 90 38
74 91 13
74 92 96
74 93 74
74 94 60
74 95 80
74 96 63
74 97 41
74 98 13
74 99 22
74 100 65
74 101 47
74 102 13
74 103 4
74 104 55
74 105 93
74 106 79
74 107 91
74 108 57
74 109 10
74 110 32
74 111 49
74 112 3
74 113 18
74 114 31
74 115 14
74 116 40
74 117 30
74 118 75
74 119 17
75 76 43
75 77 49
75 78 57
75 79 19
75 80 31
75 81 85
75 82 66
75 83 35
75 84 6
75 85 19
75 86 45
75 87 14
75 88 93
75 89 12
75 90 27
75 91 89
75 92 70
75 93 87
75 94 26
75 95 78
75 96 97
75 97 55
75 98 6
75 99 35
75 100 97
75 101 83
75 102 52
75 103 89
75 104 15
75 105 100
75 106 85
75 107 77
75 108 72
75 109 38
75 110 68
75 111 90
75 112 64
75 113 51
75 114 44
75 115 38
75 116 33
75 117 28
75 118 81
75 119 49
76 77 56
76 78 15
76 79 49
76 80 18
76 81 84
76 82 9
76 83 80
76 84 46
76 85 69
76 86 62
76 87 89
76 88 68
76 89 83
76 90 50
76 91 21
76 92 6
76 93 70
76 94 82
76 95 45
76 96 63
76 97 10
76 98 57
76 99 24
76 100 66
76 101 8
76 102 93
76 103 23
76 104 27
76 105 12
76 106 64
76 107 14
76 108 77
76 109 30
76 110 58
76 111 77
76 112 40
76 113 95
76 114 95
76 115 55
76 116 95
76 117 72
76 118 79
76 119 16
77 78 48
77 79 13
77 80 6
77 81 76
77 82 50
77 83 6
77 84 61
77 85 92
77 86 38
77 87 19
77 88 31
77 89 89
77 90 32
77 91 6
77 92 65
77 93 59
77 94 6
77 95 99
77 96 62
77 97 63
77 98 87
77 99 2
77 100 28
77 101 66
77 102 52
77 103 77
77 104 98
77 105 96
77 106 86
77 107 13
77 108 15
77 109 19
77 110 14
77 111 67
77 112 53
77 113 85
77 114 49
77 115 65
77 116 50
77 117 10
77 118 87
77 119 13
78 79 53
78 80 65
78 81 61
78 82 20
78 83 23
78 84 39
78 85 39
78 86 83
78 87 30
78 88 78
78 89 99
78 90 28
78 91 4
78 92 65
78 93 89
78 94 33
78 95 74
78 96 7
78 97 86
78 98 30
78 99 50
78 100 6
78 101 17
78 102 82
78 103 78
78 104 61
78 105 4
78 106 77
78 107 1
78 108 21
78 109 43
78 110 82
78 111 97
78 112 53
78 113 97
78 114 97
78 115 47
78 116 73
78 117 72
78 118 8
78 119 89
79 80 85
79 81 32
79 82 40
79 83 12
79 84 3
79 85 50
79 86 95
79 87 37
79 88 3
79 89 51
79 90 5
79 91 80
79 92 30
79 93 2
79 94 51
79 95 4
79 96 24
79 97 99
79 98 65
79 99 27
79 100 6
79 101 93
79 102 32
79 103 1
79 104 5
79 105 89
79 106 45
79 107 51
79 108 72
79 109 81
79 110 75
79 111 68
79 112 36
79 113 24
79 114 64
79 115 18
79 116 77
79 117 24
79 118 1
79 119 33
80 81 60
80 82 61
80 83 64
80 84 27
80 85 87
80 86 28
80 87 37
80 88 22
80 89 37
80 90 28
80 91 88
80 92 12
80 93 37
80 94 9
80 95 5
80 96 73
80 97 21
80 98 64
80 99 6
80 100 85
80 101 88
80 102 34
80 103 68
80 104 48
80 105 81
80 106 47
80 107 1
80 108 62
80 109 62
80 110 68
80 111 56
80 112 14
80 113 7
80 114 12
80 115 46
80 116 37
80 117 93
80 118 56
80 119 20
81 82 2
81 83 32
81 84 6
81 85 73
81 86 93
81 87 94
81 88 12
81 89 90
81 90 33
81 91 61
81 92 52
81 93 38
81 94 96
81 95 94
81 96 3
81 97 40
81 98 37
81 99 97
81 100 59
81 101 55
81 102 37
81 103 13
81 104 84
81 105 72
81 106 95
81 107 28
81 108 72
81 109 54
81 110 73
81 111 79
81 112 48
81 113 86
81 114 30
81 115 4
81 116 2
81 117 64
81 118 100
81 119 38
82 83 56
82 84 56
82 85 35
82 86 10
82 87 81
82 88 60
82 89 75
82 90 38
82 91 16
82 92 54
82 93 81
82 94 71
82 95 69
82 96 73
82 97 88
82 98 21
82 99 50
82 100 86
82 101 74
82 102 99
82 103 9
82 104 98
82 105 38
82 106 99
82 107 71
82 108 62
82 109 24
82 110 86
82 111 31
82 112 14
82 113 56
82 114 23
82 115 97
82 116 24
82 117 92
82 118 15
82 119 30
83 84 55
83 85 26
83 86 90
83 87 87
83 88 30
83 89 46
83 90 26
83 91 81
83 92 3
83 93 35
83 94 15
83 95 66
83 96 51
83 97 55
83 98 52
83 99 35
83 100 23
83 101 18
83 102 67
83 103 6
83 104 13
83 105 73
83 106 22
83 107 86
83 108 41
83 109 56
83 110 82
83 111 87
83 112 88
83 113 55
83 114 94
83 115 20
83 116 94
83 117 37
83 118 31
83 119 76
84 85 34
84 86 47
84 87 52
84 88 100
84 89 10
84 90 80
84 91 73
84 92 61
84 93 19
84 94 53
84 95 4
84 96 89
84 97 98
84 98 73
84 99 13
84 100 37
84 101 20
84 102 20
84 103 100
84 104 49
84 105 85
84 106 89
84 107 71
84 108 88
84 109 17
84 110 98
84 111 11
84 112 61
84 113 33
84 114 47
84 115 19
84 116 16
84 117 90
84 118 65
84 119 11
85 86 84
85 87 28
85 88 19
85 89 71
85 90 9
85 91 76
85 92 18
85 93 35
85 94 43
85 95 47
85 96 81
85 97 46
85 98 27
85 99 77
85 100 85
85 101 60
85 102 26
85 103 8
85 104 76
85 105 20
85 106 20
85 107 36
85 108 9
85 109 6
85 110 35
85 111 15
85 112 45
85 113 32
85 114 79
85 115 20
85 116 87
85 117 83
85 118 1
85 119 28
86 87 20
86 88 91
86 89 11
86 90 94
86 91 21
86 92 52
86 93 38
86 94 60
86 95 78
86 96 70
86 97 92
86 98 18
86 99 53
86 100 96
86 101 57
86 102 41
86 103 50
86 104 44
86 105 27
86 106 90
86 107 29
86 108 49
86 109 6
86 110 77
86 111 22
86 112 8
86 113 6
86 114 20
86 115 81
86 116 48
86 117 54
86 118 10
86 119 36
87 88 21
87 89 51
87 90 6
87 91 50
87 92 84
87 93 8
87 94 80
87 95 80
87 96 39
87 97 77
87 98 58
87 99 70
87 100 54
87 101 90
87 102 61
87 103 41
87 104 29
87 105 56
87 106 100
87 107 22
87 108 66
87 109 39
87 110 30
87 111 80
87 112 3
87 113 32
87 114 75
87 115 75
87 116 65
87 117 56
87 118 12
87 119 75
88 89 13
88 90 79
88 91 67
88 92 95
88 93 22
88 94 90
88 95 45
88 96 15
88 97 21
88 98 59
88 99 99
88 100 43
88 101 33
88 102 18
88 103 8
88 104 59
88 105 33
88 106 67
88 107 34
88 108 92
88 109 31
88 110 71
88 111 28
88 112 87
88 113 61
88 114 22
88 115 30
88 116 13
88 117 31
88 118 41
88 119 90
89 90 72
89 91 52
89 92 46
89 93 50
89 94 68
89 95 70
89 96 81
89 97 26
89 98 45
89 99 95
89 100 84
89 101 44
89 102 77
89 103 50
89 104 91
89 105 65
89 106 98
89 107 51
89 108 94
89 109 98
89 110 31
89 111 6
89 112 61
89 113 97
89 114 44
89 115 50
89 116 53
89 117 46
89 118 23
89 119 70
90 91 31
90 92 15
90 93 21
90 94 53
90 95 43
90 96 88
90 97 66
90 98 6
90 99 85
90 100 94
90 101 14
90 102 22
90 103 94
90 104 12
90 105 47
90 106 88
90 107 79
90 108 46
90 109 25
90 110 21
90 111 36
90 112 77
90 113 78
90 114 29
90 115 68
90 116 77
90 117 60
90 118 88
90 119 5
91 92 42
91 93 42
91 94 37
91 95 33
91 96 24
91 97 73
91 98 96
91 99 7
91 100 34
91 101 13
91 102 77
91 103 11
91 104 91
91 105 52
91 106 78
91 107 80
91 108 97
91 109 6
91 110 61
91 111 96
91 112 7
91 113 26
91 114 80
91 115 46
91 116 34
91 117 99
91 118 38
91 119 17
92 93 66
92 94 96
92 95 34
92 96 2
92 97 94
92 98 95
92 99 17
92 100 86
92 101 46
92 102 33
92 103 31
92 104 32
92 105 73
92 106 61
92 107 70
92 108 98
92 109 43
92 110 51
92 111 62
92 112 24
92 113 98
92 114 6
92 115 97
92 116 93
92 117 29
92 118 98
92 119 30
93 94 84
93 95 62
93 96 25
93 97 47
93 98 60
93 99 80
93 100 62
93 101 62
93 102 74
93 103 67
93 104 14
93 105 11
93 106 89
93 107 82
93 108 8
93 109 87
93 110 59
93 111 51
93 112 77
93 113 57
93 114 54
93 115 77
93 116 79
93 117 36
93 118 31
93 119 73
94 95 48
94 96 57
94 97 17
94 98 68
94 99 45
94 100 4
94 101 22
94 102 23
94 103 84
94 104 40
94 105 47
94 106 47
94 107 34
94 108 66
94 109 36
94 110 27
94 111 81
94 112 3
94 113 18
94 114 76
94 115 12
94 116 15
94 117 26
94 118 3
94 119 20
95 96 21
95 97 66
95 98 50
95 99 10
95 100 77
95 101 64
95 102 8
95 103 75
95 104 35
95 105 25
95 106 69
95 107 73
95 108 44
95 109 22
95 110 3
95 111 13
95 112 28
95 113 6
95 114 77
95 115 52
95 116 73
95 117 35
95 118 66
95 119 7
96 97 89
96 98 69
96 99 46
96 100 10
96 101 98
96 102 3
96 103 41
96 104 66
96 105 94
96 106 24
96 107 40
96 108 98
96 109 70
96 110 58
96 111 67
96 112 44
96 113 23
96 114 54
96 115 98
96 116 78
96 117 71
96 118 25
96 119 7
97 98 57
97 99 64
97 100 98
97 101 75
97 102 45
97 103 85
97 104 4
97 105 5
97 106 91
97 107 85
97 108 20
97 109 37
97 110 94
97 111 38
97 112 31
97 113 45
97 114 26
97 115 11
97 116 69
97 117 88
97 118 69
97 119 48
98 99 35
98 100 65
98 101 46
98 102 2
98 103 76
98 104 95
98 105 25
98 106 39
98 107 99
98 108 63
98 109 21
98 110 3
98 111 64
98 112 7
98 113 75
98 114 14
98 115 72
98 116 73
98 117 93
98 118 5
98 119 88
99 100 86
99 101 67
99 102 1
99 103 50
99 104 26
99 105 67
99 106 28
99 107 53
99 108 15
99 109 50
99 110 12
99 111 35
99 112 91
99 113 70
99 114 83
99 115 43
99 116 1
99 117 88
99 118 21
99 119 44
100 101 49
100 102 38
100 103 76
100 104 56
100 105 50
100 106 90
100 107 98
100 108 81
100 109 51
100 110 6
100 111 82
100 112 69
100 113 29
100 114 86
100 115 5
100 116 97
100 117 42
100 118 64
100 119 19
101 102 27
101 103 77
101 104 99
101 105 74
101 106 10
101 107 69
101 108 93
101 109 95
101 110 53
101 111 92
101 112 40
101 113 52
101 114 63
101 115 31
101 116 27
101 117 19
101 118 4
101 119 52
102 103 22
102 104 13
102 105 40
102 106 25
102 107 71
102 108 58
102 109 16
102 110 45
102 111 36
102 112 44
102 113 9
102 114 3
102 115 59
102 116 65
102 117 81
102 118 30
102 119 89
103 104 60
103 105 18
103 106 60
103 107 72
103 108 55
103 109 53
103 110 47
103 111 2
103 112 20
103 113 35
103 114 37
103 115 14
103 116 26
103 117 2
103 118 35
103 119 11
104 105 33
104 106 26
104 107 2
104 108 55
104 109 100
104 110 58
104 111 91
104 112 16
104 113 2
104 114 36
104 115 77
104 116 53
104 117 47
104 118 34
104 119 55
105 106 32
105 107 47
105 108 70
105 109 50
105 110 40
105 111 12
105 112 14
105 113 18
105 114 54
105 115 14
105 116 92
105 117 95
105 118 26
105 119 28
106 107 59
106 108 3
106 109 16
106 110 90
106 111 54
106 112 38
106 113 48
106 114 48
106 115 12
106 116 1
106 117 5
106 118 5
106 119 53
107 108 8
107 109 76
107 110 26
107 111 78
107 112 7
107 113 44
107 114 24
107 115 21
107 116 62
107 117 11
107 118 81
107 119 20
108 109 84
108 110 10
108 111 45
108 112 28
108 113 16
108 114 78
108 115 94
108 116 70
108 117 67
108 118 40
108 119 55
109 110 98
109 111 71
109 112 85
109 113 32
109 114 22
109 115 82
109 116 11
109 117 43
109 118 63
109 119 91
110 111 29
110 112 10
110 113 9
110 114 77
110 115 59
110 116 54
110 117 88
110 118 50
110 119 59
111 112 22
111 113 15
111 114 28
111 115 47
111 116 54
111 117 74
111 118 51
111 119 49
112 113 42
112 114 22
112 115 50
112 116 56
112 117 68
112 118 56
112 119 47
113 114 48
113 115 18
113 116 86
113 117 51
113 118 51
113 119 23
114 115 27
114 116 96
114 117 36
114 118 4
114 119 44
115 116 8
115 117 89
115 118 63
115 119 69
116 117 7
116 118 13
116 119 7
117 118 70
117 119 80
118 119 10
